 -0.1119
-0.05016
-0.02223
-0.05326
-0.04266
 0.01278
 0.02283
-0.005257
  0.0296
 0.02095
-0.08054
  0.2734
 -0.1491
 0.03223
-0.04287
-0.04667
-0.07749
 0.05351
 0.05362
 0.02059
 0.05381
-0.01602
 -0.1287
  0.2805
 -0.1566
-0.01545
-0.02223
-0.01953
-0.09516
-0.03716
 0.07449
   0.115
 0.03673
 0.001573
-0.09915
  0.2086
 -0.1482
 0.002266
-0.02117
-0.05048
-0.04196
 0.03434
 0.04605
-0.004558
-0.003003
-0.02349
-0.01292
  0.1953
-0.07038
-0.007108
-0.05897
-0.02739
-0.06016
 0.02255
 0.02688
 0.01485
 0.009002
-0.0002469
-0.08447
  0.1733
-0.09882
 0.02079
 -0.0296
-0.02388
-0.05697
 0.01029
 0.04134
   0.012
 0.02378
-0.007218
-0.07844
  0.1258
-0.08857
 0.003875
-0.009609
 -0.0205
-0.04416
 0.01148
 0.005077
-0.01656
-0.008085
 0.01487
  0.0142
 0.07431
-0.06233
-0.001212
 -0.0196
-0.02949
-0.03156
-0.000642
 0.01271
-0.009118
 0.006257
 0.01522
-0.03879
  0.0697
-0.01633
-0.02765
-0.02613
-0.03163
-0.03913
-0.005705
 0.007204
 0.01639
 0.003542
 0.009536
-0.02633
 0.02734
-0.001616
-0.0002514
-0.01274
-0.02563
 -0.0254
-0.01461
   0.033
  0.0144
 0.003476
 0.001009
-0.01495
 0.02013
 0.006595
 0.005003
-0.01062
 0.00998
-0.05765
-0.002963
 0.01917
 0.01208
 0.006085
-0.0006595
-0.01178
 0.004462
 0.001485
 -0.0202
 0.003433
-0.03282
-0.01002
 0.01171
 0.00545
-0.003086
 0.003707
 0.009592
 0.01293
-0.02042
 0.02976
-0.01735
-0.01206
 -0.0159
-0.006781
-0.001275
 0.01712
 0.00794
 0.005831
  0.0223
-0.01647
-0.01917
 0.02717
-0.01519
 0.02425
 0.00755
-0.02487
 0.002143
 0.01506
 0.005882
-0.0008116
-0.0006243
 0.006575
 -0.0111
 0.03294
-0.009911
 0.01546
-0.003812
-0.01799
-0.000106
 0.007277
 0.01263
-0.009602
 0.01158
 0.01247
-0.002202
 0.001009
 0.01014
 0.004567
 0.00075
-0.003665
-0.01089
 0.005976
 0.02518
 0.004326
 0.01956
-0.002814
-0.04785
 0.05561
 -0.0153
 0.001041
-0.009317
 0.02584
-0.02667
 0.01106
-0.01404
 0.01735
  0.0291
-0.01283
-0.03834
 0.01537
-0.02021
 0.002686
 0.02879
-0.00497
 0.003372
 0.00618
-0.01162
 -0.0159
 0.03727
 0.02868
-0.03864
 0.02238
 0.00259
 0.02042
 0.009159
-0.002333
-0.009989
-0.01147
 0.01489
 0.01058
 0.0009069
-0.01365
-0.03594
 0.01823
 0.002504
 0.02125
 0.01952
 0.03021
 -0.0056
-0.01219
-0.006416
-0.01663
 0.01048
 0.03469
-0.05044
 0.02734
-0.02241
   0.024
 0.02444
 0.01988
-0.001386
-0.005081
-0.004246
-0.02283
-0.00612
-0.000885
-0.03006
 0.01387
 0.02075
 0.02838
-0.003713
 0.002374
 0.01649
-0.01085
 -0.0143
 0.01684
 0.00756
 0.01481
-0.06567
 0.02139
 0.003354
 0.009988
 0.01829
 0.02183
 0.004756
-0.01399
-0.005072
 0.01134
-0.0001064
 0.004903
-0.07768
 0.007101
 0.03168
 0.02328
  0.0361
-0.000316
-0.009662
-0.0001561
-0.02342
 0.01763
 0.006854
-0.002092
-0.07141
 0.03938
 0.02266
 0.02574
 0.01388
 0.006249
 0.01098
-0.04059
-0.01529
 0.01328
 0.008684
 0.01793
-0.07249
 0.02145
 0.02908
 0.01229
 0.03398
 0.02604
-0.003066
-0.03487
 0.002334
-0.006247
 0.01876
 0.004984
-0.04913
 0.02627
 0.006811
 0.001762
 0.03346
  0.0422
-0.006593
 0.006184
 -0.0151
 0.00269
 0.04721
 0.03113
-0.06716
 0.008085
  0.0644
-0.01032
 0.04093
-0.001824
 0.009926
-0.02238
-0.02029
-0.008702
 0.007179
 0.002405
-0.08836
 0.04296
 0.01221
-0.006445
 0.02945
 0.01476
 0.004578
-0.006845
 0.004349
 -0.0193
-0.02451
  0.0346
-0.04439
-0.01666
 0.01302
 0.004444
 0.03201
 0.01669
 0.02205
-0.01821
-0.01516
-0.006975
-0.02532
 0.03377
-0.07201
 0.01723
 0.06999
 0.06473
-0.009711
 0.02798
 0.04854
-0.05146
-0.003566
 0.0002596
-0.02676
  0.0577
-0.06897
-0.001548
 0.04881
 0.02376
 0.02373
-0.001423
-0.03424
-0.06052
 0.005015
 0.01005
-0.004792
 0.01911
 -0.1182
 0.07245
  0.0105
-0.01464
 0.04034
 0.01657
-0.006323
-0.03364
-0.04795
-0.02494
-0.02709
 0.04312
-0.06908
 0.01401
 0.009602
-0.03215
 0.04117
 0.02865
 -0.0253
-0.0008696
-0.04065
 0.01069
-0.02837
 0.02583
-0.06206
 0.004058
-0.0005947
-0.01439
 0.02757
 0.01889
-0.02203
-0.01512
 -0.0372
 0.0002778
 6.722e-005
 0.01955
-0.06743
 0.01974
 0.004128
-0.01228
 0.004072
 -0.0109
-0.02013
-0.02005
 0.006144
-0.01817
-0.01597
-0.00451
-0.03333
 0.03799
-0.03523
 -0.0253
 0.01346
 0.04106
-0.03848
-0.02777
-0.01059
-0.01063
-0.009092
-0.007473
-0.07775
 0.03367
-0.008573
 0.006226
-0.009765
 0.003894
-0.008605
-0.001854
 0.01448
-0.01695
-0.004316
 0.01576
 -0.0169
 0.04791
 0.006205
-0.005522
-0.01361
 0.03095
-0.01619
 0.01139
 0.004204
-0.03176
-0.004877
 0.00341
-0.01893
 0.02852
-0.004306
-0.007881
 0.00564
 0.001394
-0.01164
 0.01488
-0.002473
-0.01639
-0.007849
 0.01252
-0.07392
 0.06347
-0.03623
 0.03668
-0.002036
-0.006723
 0.008655
-0.01505
-0.005539
 0.01823
 0.01202
 0.01811
-0.05954
 0.01317
-0.02265
 0.009371
-0.0008284
 0.02061
 0.006472
-0.01362
-0.01516
-0.00764
 0.001631
 0.05679
-0.06356
 0.05815
-0.02552
 0.03473
-0.03215
 0.03959
 0.001879
  -0.017
 0.01586
-0.02018
-0.03227
 0.02972
 -0.0553
 0.05349
-0.04515
 0.02079
-0.03285
 0.06359
-0.02263
-0.01446
 0.006669
-0.02802
-0.008532
 0.04408
-0.00715
 0.03967
-0.02902
-0.009351
 0.01598
 0.04034
-0.01163
 0.01813
 0.01611
-0.02114
-0.007634
 0.01176
-0.02819
 0.02288
-0.005216
 0.0002767
-0.002732
 0.05112
 0.01593
 0.003198
-0.01222
 0.008819
-0.01089
 0.005268
 0.01528
-0.02275
 0.002328
 0.006543
-0.01256
 0.07342
 0.04109
-0.01623
 0.01185
-0.01028
-0.02117
 0.01991
