294461
241272
252344
239466
233260
217554
226033
223690
210348
218330
215395
197167
290178
229414
258313
241065
236346
213227
230459
234806
227178
240303
229383
200926
294554
232751
251086
238452
239615
212919
210507
219301
232002
241332
234281
212408
289736
230352
252283
239995
234549
219438
232241
234885
222062
222876
210596
207215
280955
238607
258328
238177
237652
218852
229043
227627
219014
222339
215055
196704
265111
217249
242617
228813
229030
211090
218625
220239
211123
217488
208831
191919
249768
204527
226143
216624
217543
202436
210143
204272
189379
189140
185132
187432
234133
194746
215102
203642
202722
190353
195514
191270
178056
180745
176854
168368
213661
184027
198818
186166
184834
171076
175174
169877
161958
164083
159100
153220
189538
163187
183332
173506
173397
162538
164817
164731
156501
158592
151966
148415
182914
158476
179450
170150
177093
159963
164520
161701
153101
155684
148800
145911
176959
151782
167588
161150
159638
152027
159407
153940
142477
144575
139770
141728
167602
148198
164384
155012
156799
149897
154685
151534
142324
144806
142499
138769
164598
144909
161333
159027
165280
154980
160361
156843
147334
148514
141858
142555
169626
151244
168478
164521
168543
159653
164541
159584
151450
150952
146665
148456
176888
152702
173501
167537
172362
166247
169054
163902
158194
160289
157524
156437
176048
162276
178105
171547
174445
173853
173700
169538
156651
161120
160139
157216
178345
157337
172084
165905
175748
169523
174861
169851
157550
155906
156426
161085
181908
162408
181109
178201
184361
178673
181523
173377
165990
169121
163077
160064
181124
161107
179570
176842
184779
184966
188555
180366
169261
167507
163234
168836
187061
168885
182705
180489
189192
187545
191827
184980
174381
171549
164404
163693
185270
164953
186155
184723
188399
183716
191060
183288
171067
175157
170464
172472
187609
168833
186763
182169
189591
188311
193536
185312
174819
177906
171950
172231
185124
164137
186679
184402
194758
189716
192420
186643
173164
177275
172567
171657
185444
170159
190888
189045
195526
191644
197770
185278
173325
176652
172305
174743
188167
170081
191612
187551
197282
196724
200435
189041
180145
180194
177556
177820
194908
177834
195418
189673
199187
201273
204349
199797
188154
189645
191657
196149
210062
190237
216907
209251
219821
214740
220421
211300
198956
198578
194117
193932
204260
190281
208247
201315
209917
207552
212308
205782
197516
195457
186030
190949
208092
184870
202725
197602
206490
204458
211893
203665
192449
192347
182918
187638
200238
182614
209093
213401
215664
215393
226812
213526
204237
205234
195690
204013
216884
196589
219430
217377
224720
219937
218535
204052
196204
198681
192612
194953
200185
191401
208124
200298
210061
208069
210901
200668
184964
182159
172844
178766
191280
173891
190259
179947
189713
189563
189551
184344
169958
172479
163113
166404
179784
161184
175827
168284
175922
174354
174833
167628
153968
154947
149875
152215
164631
148590
163715
156595
160731
154894
155657
147864
140660
138984
131698
130570
147709
134529
143820
134967
140401
142066
140220
131461
122006
121441
115253
113739
124373
110805
123734
119464
121571
118019
120409
115425
109629
108202
102785
104538
123473
112083
126858
121018
122555
122787
124084
120990
113858
110409
104991
105018
123380
109511
122623
116552
120686
116894
118792
116221
108297
106982
101247
102503
113171
104228
112849
112859
115900
111083
115665
109141
100938
104256
101251
103225
115625
100158
110438
106841
109996
108857
113077
106843
97509
97387
93077
100077
111752
102392
112125
111873
110903
112235
115783
109205
104016
102268
93657
97060
109603
99798
106860
104833
103795
108167
108539
102398
96133
93426
87968
93132
111541
100151
109119
103332
108432
109807
111541
109563
104566
102745
97473
98519
113995
100710
112463
107953
110648
113318
118401
114609
106212
108082
102490
102713
123209
104581
117037
113353
114797
120107
128125
122035
116667
116186
109440
111399