0.00472515830316955
0.0248152288660423
0.0179162382327202
0.0268356002127484
0.000362845385316676
-0.00667941599271283
-0.00087049685101047
-0.0157557538485158
0.011671526830095
0.00410277717078494
-0.00121772187511585
-0.0539051410847183
0.0302679257902179
0.0177869686753152
0.0198012465803072
0.0113201978814359
0.00448821781722331
0.00745722986349691
-0.0296510480961899
-0.012131235746676
0.0101412992539707
0.00629690558868776
0.0121540889755717
-0.0560342835285594
0.0174399609453643
0.0224946767472888
0.0101094211268964
0.0256993703752122
0.0194702099129001
-0.00185632461824434
-0.027484874869905
0.000932980286340015
-0.00403134511131911
0.0138578723390708
0.00436365011459153
-0.0388690996786223
0.0204121845780856
0.00622012740716419
0.00179189373937084
0.0261761901895988
0.0323269796624009
-0.00503079733765964
0.00300039187091678
-0.0109711914838267
0.00172496202426748
0.0351916802025063
0.0226482338931641
-0.0516537892096955
0.00700083331194411
0.0482993686029511
-0.00757875114633071
0.0317757509036889
0.000328016128290935
0.00710259707099503
-0.0163158140182241
-0.0155233706149378
-0.00625730462659999
0.00723772055093659
0.0031064279534907
-0.0680508947422654
0.0324137793639706
0.0118084272897859
-0.00520009991076332
0.0235829231721687
0.0108710759928263
0.00383959785307129
-0.00603364531121581
0.0022717351018934
-0.014524014660695
-0.017614393315363
0.0253303494352374
-0.0362834839952451
-0.0108197397582739
0.0101921111795032
0.00306791502085377
0.0250216506793922
0.0130213945047481
0.0165412262153773
-0.0137709729540179
-0.0110138825117482
-0.00593851282583091
-0.0197163127688158
0.0262280709265246
-0.0553575983210615
0.0123103562169738
0.0526647279214628
0.0483242656174249
-0.00572380831877853
0.02152399003686
0.0369071892895066
-0.0387599850427167
-0.00325717234580906
-3.83235829589144E-05
-0.0207642492478679
0.0438566652044707
-0.0541591907796532
-0.000363524441148185
0.0394082151412823
0.0205538136822469
0.0172590501120122
0.000233462416269769
-0.0230742729690532
-0.0470123983696184
0.0035714527940671
0.00746336850090495
-0.00478218698385539
0.016842880536268
-0.0905718994582922
0.0536019387771003
0.0103459242990449
-0.00946367690919898
0.0309717907517568
0.0121292616263609
-0.00651211006497939
-0.0279724505892155
-0.03475690147396
-0.0176232127988436
-0.0200275088378391
0.0323772345485701
-0.0571782364944761
0.0144300316845708
0.00763215236348674
-0.0243835718256068
0.0324726070898374
0.021912324017243
-0.0188565587295066
-0.00267859827909829
-0.0324696724737721
0.00623993090155059
-0.0222890536770685
0.0212831232125359
-0.049521969930248
0.00377346332491703
0.000136589917388353
-0.0125994533586472
0.022676434482142
0.0155408176042329
-0.0177193516168918
-0.0111111738948057
-0.0296729148548096
0.000831344472900264
-0.00192570921643961
0.0157369195037308
-0.0531178489209537
0.0145380279634792
0.00286261978233216
-0.00997911097504593
0.00472832499189849
-0.00672770078661107
-0.0161829396454727
-0.0156572017600537
0.00175106213260263
-0.0132261563217772
-0.0116606141518212
-0.0020140270545573
-0.0288501752923742
0.0287333886461973
-0.0252889590586248
-0.0192629472645331
0.00985129690532028
0.0286422782960643
-0.0293084483901242
-0.0216030558992518
-0.00732357643426004
-0.00913316784789566
-0.00790506658139437
-0.00588036121298443
-0.0585958154851852
0.0268612407149255
-0.00899530899636617
0.00237769524759556
-0.00619779773430955
0.00569427040009548
-0.0092627533514489
-0.0036155202808915
0.00936161229253169
-0.0131184751462808
-0.00397441126169381
0.0104907586908115
-0.0179770452361907
0.0367669932052081
0.00361453577622901
-0.00365684305303011
-0.0106702573837363
0.0222733265017253
-0.0124033658520652
0.00780743262901182
0.00392851375407954
-0.0241375528641211
-0.0040045722760578
0.00347612675179055
-0.0150099150404572
0.0238775219543966
-0.00278847416121505
-0.00623922415644867
0.00279349263488751
0.00322525116108924
-0.00973971102485231
0.0113052037468776
-0.00162433303614726
-0.0143215728741491
-0.00618023918786658
0.00896491925226717
-0.0544848640924913
0.0474057601090169
-0.0263742373514156
0.0253580396483714
-0.00119914299032513
-0.00487184904132158
0.00504260835712724
-0.00972025827465329
-0.00431099254757791
0.0114586621279132
0.0077009876132377
0.0136319605332152
-0.048384944335668
0.0141643330410806
-0.0191837548985751
0.0093799714670038
-0.000935408794170016
0.0139230324752709
0.00509161902302138
-0.0110739895412117
-0.0113897327234879
-0.00411959937958734
0.00192278007383023
0.0414352068149416
-0.0501286586376975
0.0423108499881103
-0.0201498182646161
0.0252631496553341
-0.0230562311005107
0.0295990691734704
0.00169498682127365
-0.0133351611891754
0.00979225229574277
-0.0150763505876594
-0.0228781277851226
0.0254883680619899
-0.0445767866459848
0.0425597108436679
-0.0343182174124068
0.0174154132976031
-0.0260997389484675
0.0481354911976281
-0.0160427862894943
-0.011831291153911
0.00583124543177748
-0.0216455299512739
-0.00888831251621607
0.0333993898338752
-0.0097477236772057
0.0323834747073557
-0.0244918393727029
-0.00503120069689555
0.00838912269427723
0.0337409588072294
-0.0102750007722978
0.0114203095969629
0.0117687110151474
-0.0174269008366544
-0.00626599865421874
0.0118840601642424
-0.0206828202762072
0.0194041014905147
-0.00633024057670305
-0.00074452497585177
-0.000680039025434251
0.039399309072567
0.0100702626351409
0.00369901439664713
-0.00731815248835916
0.00421827750800783
-0.00844181175881406
0.00459849439911906
0.00819677222172656
-0.0141666975020234
0.00104917666177653
0.00452296124521994
-0.00916274702535955
0.0560272152586698
0.0301723306786902
