0.0147087435742486
0.001919647007467
-0.00816679728719638
-0.00310788905567065
0.00463066705126565
-0.000298534934986697
0.000906969033999692
-0.0417838591218747
0.00282257941799583
0.0201229615753079
0.0141114817946401
0.0214366335246688
-0.00203640579677369
-0.00663104386907278
0.000663219385334183
-0.0143277206113696
0.00968025188116376
0.00392066354025426
-0.0018221073047919
-0.038866965579072
0.0247533927548449
0.0119551060993835
0.0145293698890225
0.0058122004168428
0.00387947777356237
0.00761493507911864
-0.0258898592920478
-0.00791646369804972
0.00672415939602787
0.00470773016943883
0.0109791253760997
-0.0406395960127472
0.0108388101618019
0.0168916650997797
0.00582208603818375
0.0206006928040453
0.0160954697244403
-0.00285257637367889
-0.0191348264532047
0.00251910291774984
-0.00497533416296897
0.0111196403886474
0.00175521166763036
-0.0258206529680552
0.0153629616107162
0.00235793212979765
0.000276467480430373
0.0190545373492274
0.0251229109821086
-0.00389264589982054
0.00648801041086753
-0.00967646396395754
0.0021536175863215
0.028413249834893
0.0190782240742978
-0.0390293501803849
0.0033339131201263
0.0409600858997018
-0.00677739217862775
0.0239009500257008
-0.00419953099715252
0.00687364633784111
-0.0147336155253837
-0.0117815565648541
-0.00570532430511427
0.00110757904520596
-0.000779869906588432
-0.0516849820047298
0.0272270943494909
0.00332960943918943
-0.00345492690570603
0.016072199292947
0.00967585686439849
0.00227551680793372
-0.00271467695398604
0.00429010826618982
-0.0116901635560301
-0.0161856642583474
0.0218674817913864
-0.0223326317345958
-0.0139599906420847
0.00765624653179243
0.00346196058290137
0.0187244035730791
0.00986552230658468
0.0141331437129783
-0.0111584611688455
-0.0099694633583843
-0.00295981206927775
-0.0143965362819078
0.0192936260212252
-0.0436056415779879
0.0125708710178781
0.0450950226575611
0.0421646587257289
-0.00845728104745641
0.0172244715009851
0.0301517124012427
-0.0320661608768277
-0.00114433103261644
0.000761890812064598
-0.0153808973465326
0.0348692903925533
-0.0399520689818138
-0.00213376447479618
0.0273572219643789
0.0111722457391601
0.0163196172204866
-0.00275741892159496
-0.0256316543844898
-0.0358836298668044
0.00352508940030898
0.00650006782271458
-0.00130710003271514
0.00845715571357679
-0.0726883554977306
0.0477789034455128
0.00369410784438501
-0.0112278566150682
0.0248761914103464
0.0109493459760384
-0.00191176212105092
-0.0180440415413865
-0.0316285461221068
-0.0169212361368032
-0.0173664664143506
0.0266679539069643
-0.0377190444731871
0.0046331638915341
0.00555406688902598
-0.0203248142573473
0.02439268447563
0.0176596848862684
-0.0162819871153334
0.0014444118265781
-0.0236411566399173
0.00841062299604133
-0.0168898507207746
0.0138731812391069
-0.036433973454467
0.00162325469423457
-0.00116158980648512
-0.00761095822689377
0.0153088865165782
0.0103649111475548
-0.0130253701866835
-0.0100829851392491
-0.0219089387956227
-0.000754143222472136
0.0016317580663313
0.0107992600650394
-0.0405063000340301
0.0124829096080828
0.00246563676299992
-0.00745881335390105
0.000630043314051706
-0.00861956715749963
-0.0120750960859307
-0.0124773527357961
0.00604811452727981
-0.012215439474225
-0.0107669261517578
-0.00454337863086037
-0.0180142865586624
0.0233783353057595
-0.0237600086358199
-0.0162142849709667
0.0081779334969143
0.027197790812508
-0.0243435285856271
-0.0173270701539802
-0.00767735374196648
-0.00621847393233569
-0.00534710464022097
-0.0049760712394492
-0.0492681697476088
0.0195305477363406
-0.00390741753446285
0.00523003468658558
-0.00756184180309382
-0.000262536501425943
-0.00366931057119336
0.000120512885400144
0.00974823348680918
-0.0107862446292529
-0.00263765156823044
0.0103492647870663
-0.00686934176559019
0.0291662737438748
0.0041993517710185
-0.0043302575294439
-0.00869938394757167
0.0196748774633013
-0.0104488937999163
0.0072006427844529
0.00156401252804899
-0.020092684590576
-0.00329929040644209
0.000958271425818265
-0.0118528730036559
0.0157580459385307
-0.00354683124320291
-0.00521395456688519
0.00407370939474889
-0.00115642424538714
-0.00707465678571521
0.00872535814024447
-0.00221623726099356
-0.00930144266172053
-0.00519212812641695
0.00762136874565065
-0.0476732987268475
0.0398002170965773
-0.0238674320079913
0.024005277843155
-0.00199178507255807
-0.00482080756734507
0.00589184809293637
-0.0109394950071998
-0.00385716637027735
0.0123216730894958
0.00784413746210766
0.0108008322582887
-0.0357319420310609
0.00537083695575382
-0.0134996504654648
0.00408415029070856
-0.000790294853438316
0.0134924974969614
0.0035075574275377
-0.00850817141347693
-0.00994315057327687
-0.00617786618015895
0.000136638435627569
0.0357986380660367
-0.039293813092079
0.0372927506152488
-0.0161027611990417
0.0220180485573193
-0.0213968604425974
0.0247066796701123
0.000607299759566356
-0.0108609114889472
0.0107090947977136
-0.0132015234735806
-0.0215127149727604
0.0165324060483946
-0.0338599192712357
0.0324153397546476
-0.0288767363579137
0.0118304449488166
-0.0204949173377816
0.0397147205863524
-0.0152040431551209
-0.00902818020874109
0.00342049571021967
-0.0177419108924562
-0.00448492173888655
0.0272335882386403
-0.00272248177246736
0.0236250648954196
-0.0174959772066197
-0.00726245012435759
0.0115237252879634
0.0236041083741395
-0.00693868862419552
0.012228110164828
0.0100206999797456
-0.0129067542374386
-0.00488238384802315
0.0056423634020285
-0.0184037578557944
0.0132255625893066
-0.00253029451579036
0.000310233794178134
-0.00265781590657752
0.0316685785817572
0.0107055952071469
0.00119689349616182
-0.00878298506146932
0.0064173880501094
-0.00698938845106388
