0.00625539123445
-0.0638031892479086
0.00624936663109444
0.0251756402896614
0.0186509014938942
0.028665612085949
0.0012535309540132
-0.00676091511752849
-0.00150243196558189
-0.0171074188931057
0.0134249186777385
0.0046446795044419
-0.000841771075481497
-0.0586700787930039
0.0295485401469164
0.0192862736305155
0.0207229400558136
0.0135361139281203
0.00435609920478595
0.00657321838616283
-0.0287608633472493
-0.0133059841207803
0.0110542775041424
0.00668574311683002
0.011847932875905
-0.0585679826282592
0.0191089569862226
0.0229988283010029
0.0112360553611325
0.0255597998107933
0.0191332195475508
-0.00114437338939613
-0.0288816023325858
-1.55592949838018E-05
-0.00307359879673763
0.0139556896183169
0.00538880286503062
-0.0417685042243947
0.0208690025546737
0.00754764973787134
0.00237636943660757
0.0270893969525771
0.0325636172807684
-0.00499594989363554
0.000982107126444052
-0.0103372672191832
0.001251795998805
0.0349309985413689
0.0220562740166808
-0.0523958085481901
0.00828605257454246
0.0465287883715359
-0.00715442657978539
0.032346981865617
0.002852374994156
0.00628237349049141
-0.0151354463302426
-0.0157755276501272
-0.00579619877274335
0.00997736191345747
0.00502452447511852
-0.0690318687055104
0.0313722860196614
0.0150513346372976
-0.00557504810511017
0.0249001165906821
0.0102524548381349
0.00421575964828751
-0.00711813720112989
0.000894621486032224
-0.014384913409084
-0.0163071147591646
0.024256350659758
-0.0401142469651801
-0.00752260715272226
0.0104481096437036
0.00248474060145625
0.0255905787636263
0.0132898891842129
0.0159230535493185
-0.0135110247334417
-0.0100925319907634
-0.00688809624360385
-0.0202156894637476
0.0272817001462227
-0.0552402433319469
0.0105355051403558
0.0506750655400159
0.0459789106667813
-0.00329001907617057
0.0214542304502701
0.0362972555900203
-0.0378114664138541
-0.00409525860149161
-0.000521956277663452
-0.0212668061192949
0.0437207681429675
-0.0560999976601705
0.000810589549506041
0.0419585726830231
0.0238396194039295
0.0155077301585067
0.0022020167959975
-0.0181899878225027
-0.0478749288074059
0.00308947782586275
0.00700081960095535
-0.00634066197950479
0.0200130768744452
-0.0899586768733826
0.0503003967558493
0.0129895642238363
-0.00737744195529469
0.0306883534827123
0.0113064136328454
-0.00844727247755428
-0.0303746861200904
-0.0323797445251411
-0.015944616392523
-0.0191699637088858
0.0317889268650096
-0.0617568086883227
0.018314782949072
0.00786462043984115
-0.0239504372659666
0.0332209861061129
0.0217112909803613
-0.0181964394272305
-0.00474754670912756
-0.0337886911019775
0.0041586927510743
-0.0227775183114858
0.022969345379346
-0.0511504853952589
0.00445253792350986
0.000699803925696116
-0.0139063369909511
0.0239408583813564
0.016434967197007
-0.0183199725109121
-0.0105471874452694
-0.0305597152543947
0.00143410803646279
-0.00356347027261002
0.0164686493787763
-0.0540424645568434
0.013955093595895
0.00264785635532117
-0.0103213306985029
0.00614497293733354
-0.00519456913624171
-0.0166670122349603
-0.0157129606372551
-0.000705427478117304
-0.0124649042984195
-0.010985794261506
-0.000650491596996569
-0.0314303899076497
0.0283243889085314
-0.0236312370077577
-0.0189639235240462
0.00952651329562702
0.0263690903016827
-0.0289259524252711
-0.0216250275774968
-0.00657196908975423
-0.00973401153492927
-0.00840776781219967
-0.00582151340826133
-0.0573390209964283
0.0276017900032136
-0.010536251231941
0.000787400961721895
-0.00507401633033544
0.00779442141482803
-0.0110548903048611
-0.00505127405611056
0.0082168151485328
-0.0130041717281743
-0.00428128767774857
0.00944413357831457
-0.0216425740372863
0.0367257624146105
0.00294057263922681
-0.00310980077667464
-0.0106581183336515
0.0212756078764511
-0.0122411476386993
0.00728320829302236
0.00457013109117199
-0.0237940920498488
-0.00402290027490746
0.00421955969705027
-0.0151757790732488
0.0253484090075101
-0.00227004325327204
-0.00621933244851263
0.00185282854794026
0.00483185825104227
-0.0101796373396213
0.0113479378734813
-0.00129246584893882
-0.0154146186459254
-0.00609329464374626
0.00866312518198339
-0.0524901186710196
0.0464403393066874
-0.0251642229793022
0.0234967233760868
-0.000790251108472014
-0.00449582983825485
0.00406366883414769
-0.00828837422975929
-0.0042309413613033
0.00981020517426893
0.00680419913801672
0.0136149147797924
-0.0500422593577852
0.0170961469450309
-0.0202406579777603
0.0110149703126228
-0.0010131280905521
0.0127545123404818
0.00531696772071866
-0.0113166550885455
-0.0110591237854078
-0.00278704381247751
0.00254670876072433
0.0401710125758123
-0.0508141307905702
0.0407119778054775
-0.0203192549179408
0.0243997884599077
-0.0218423626677122
0.0291441382115403
0.00194925592133921
-0.0133788676585701
0.00835992706941427
-0.0146827513924702
-0.021497033807048
0.0273956044736976
-0.0458057255642297
0.0435562661013377
-0.0338560477402154
0.0184543867125264
-0.0265295177808132
0.0477401085545044
-0.0150100953412039
-0.012131825066707
0.00645916390440652
-0.0216041175007852
-0.0102830726269472
0.0332611612939638
-0.0125317890292422
0.0337264230022845
-0.0257348781267708
-0.00350517600339715
0.00596143510493647
0.0355640407905101
-0.0110433174504507
0.00990888430476797
0.01148837084206
-0.0181044298627307
-0.00640679430517784
0.0138798399743813
-0.0198799073124534
0.020653953541297
-0.00765282856366379
-0.00124562869017616
0.000304913035215363
0.0395125331128672
0.00881476865293691
0.00455072168713215
-0.00594176777718784
0.00272339587639252
-0.00841446777542874
0.00505662505082366
0.00607625516997468
-0.0120024376121396
0.000726116725544896
0.00429224354433929
-0.00880940406777845
