  0.2575
  0.1455
 0.09538
 0.07315
 0.01989
-0.02277
-0.009993
 0.01283
 0.007575
 0.03717
 0.05812
-0.02242
  0.2509
  0.1018
  0.1341
 0.09121
 0.04455
-0.03294
 0.02057
  0.0742
 0.09479
  0.1486
  0.1326
 0.00392
  0.2844
  0.1278
  0.1123
 0.09007
 0.07054
-0.02461
-0.06177
 0.01272
  0.1277
  0.1645
   0.166
  0.0669
  0.2755
  0.1273
  0.1296
  0.1084
 0.05792
 0.01596
  0.0503
 0.09635
 0.09179
 0.08879
  0.0653
 0.05239
  0.2476
  0.1773
  0.1702
  0.1112
 0.08379
 0.02363
 0.04619
 0.07307
 0.08792
 0.09692
 0.09667
 0.01221
  0.1855
 0.08671
  0.1075
 0.07789
 0.05401
-0.002952
 0.007334
 0.04868
 0.06068
 0.08446
 0.07724
-0.001199
  0.1246
 0.03598
 0.03986
 0.03025
 0.009748
-0.03441
-0.02293
-0.01786
-0.03442
 -0.0425
-0.02763
-0.01343
 0.06088
-0.001449
-0.002661
-0.02226
-0.05175
-0.08331
-0.08396
-0.07124
-0.08036
 -0.0741
-0.05888
-0.09767
-0.02796
-0.04429
-0.07195
-0.09808
 -0.1297
 -0.1688
 -0.1745
 -0.1673
  -0.151
 -0.1474
 -0.1379
 -0.1642
 -0.1369
 -0.1385
 -0.1387
 -0.1515
 -0.1771
 -0.2025
 -0.2171
 -0.1841
 -0.1697
 -0.1662
 -0.1652
 -0.1802
 -0.1601
 -0.1535
 -0.1485
 -0.1591
 -0.1491
 -0.2067
 -0.2097
 -0.1905
 -0.1785
 -0.1724
  -0.173
 -0.1848
 -0.1804
 -0.1789
 -0.1991
 -0.1956
 -0.2285
 -0.2385
 -0.2268
 -0.2213
 -0.2244
 -0.2207
 -0.2111
 -0.1982
 -0.2186
 -0.1888
 -0.2062
 -0.2182
 -0.2341
 -0.2409
 -0.2422
 -0.2251
 -0.2171
 -0.2113
  -0.189
 -0.2055
 -0.2246
 -0.1975
 -0.2126
 -0.1884
 -0.1808
 -0.2057
 -0.2036
 -0.1885
 -0.1826
 -0.1834
 -0.1841
 -0.1775
 -0.1886
 -0.1556
 -0.1656
 -0.1501
 -0.1539
 -0.1719
  -0.172
 -0.1647
 -0.1521
 -0.1617
 -0.1501
 -0.1376
 -0.1399
 -0.1388
 -0.1287
 -0.1241
 -0.1234
 -0.1271
 -0.1379
  -0.132
 -0.1068
 -0.1025
 -0.0829
-0.08572
 -0.1336
-0.07796
-0.09326
-0.09222
 -0.1015
 -0.0757
 -0.1024
 -0.0913
 -0.1053
-0.08799
 -0.0589
-0.07172
 -0.1101
 -0.0947
 -0.1149
 -0.1122
-0.08343
 -0.0884
-0.08503
-0.07885
-0.09047
 -0.1064
-0.06909
-0.04041
-0.07905
-0.05667
-0.05408
-0.03366
 -0.0245
-0.02684
-0.03682
-0.04829
 -0.0334
-0.02282
-0.02192
-0.03557
 -0.0715
-0.05327
-0.05077
-0.02952
-0.009998
 0.02021
 0.01461
 0.002421
-0.003995
-0.02062
-0.01014
 0.02455
-0.02589
 0.001447
-0.02097
 0.003034
 0.02747
 0.04735
 0.04596
 0.04088
 0.03664
 0.01381
 0.007689
 0.006804
-0.02326
-0.009389
 0.01136
 0.03974
 0.03603
  0.0384
  0.0549
 0.04404
 0.02974
 0.04659
 0.05415
 0.06896
 0.003291
 0.02468
 0.02803
 0.03802
 0.05631
 0.07814
  0.0829
 0.06891
 0.06384
 0.07517
 0.07507
 0.07997
 0.002291
 0.009392
 0.04107
 0.06435
  0.1004
  0.1001
 0.09047
 0.09031
  0.0669
 0.08452
 0.09138
 0.08929
 0.01788
 0.05726
 0.07992
  0.1057
  0.1195
  0.1258
  0.1368
 0.09618
 0.08088
 0.09416
  0.1028
  0.1208
 0.04828
 0.06973
 0.09881
  0.1111
  0.1451
  0.1711
  0.1681
  0.1332
  0.1355
  0.1293
   0.148
   0.153
  0.1039
  0.1302
   0.137
  0.1387
  0.1722
  0.2144
  0.2078
   0.214
  0.1989
  0.2016
  0.2488
  0.2799
  0.2127
  0.2208
  0.2852
  0.2749
  0.3158
   0.314
  0.3239
  0.3015
  0.2813
  0.2726
  0.2797
  0.2821
  0.1938
  0.2367
  0.2489
  0.2425
   0.272
  0.2867
  0.2913
  0.2845
  0.2888
  0.2695
   0.245
  0.2796
  0.2352
  0.2185
  0.2316
   0.236
   0.268
  0.2847
  0.3068
  0.2886
  0.2734
  0.2664
  0.2411
  0.2749
  0.2029
  0.2201
  0.2901
  0.3548
  0.3451
  0.3731
  0.4216
  0.3702
  0.3666
  0.3669
  0.3401
  0.3978
  0.3288
  0.3273
  0.3761
  0.3999
  0.4236
  0.4222
  0.3879
  0.3274
  0.3324
  0.3425
  0.3377
  0.3568
  0.2386
  0.3111
  0.3216
  0.3069
  0.3473
  0.3639
  0.3575
  0.3239
  0.2759
   0.251
  0.2239
   0.267
  0.1979
   0.212
  0.2216
  0.1894
  0.2306
  0.2592
  0.2339
  0.2331
  0.1924
  0.2031
  0.1747
  0.2006
  0.1385
  0.1426
   0.142
  0.1276
  0.1552
   0.174
   0.152
  0.1369
  0.0997
 0.09998
     0.1
  0.1196
 0.05217
 0.07191
 0.07604
 0.06375
 0.06783
 0.05692
 0.03679
 0.01673
 0.02288
 0.004711
-0.01126
-0.01577
 -0.0491
-0.01111
-0.04635
-0.07164
-0.05818
-0.01712
 -0.0556
-0.08337
-0.09396
 -0.1046
 -0.1137
 -0.1212
 -0.1989
 -0.1652
 -0.1738
 -0.1676
 -0.1773
 -0.1734
 -0.1821
 -0.1839
 -0.1694
 -0.1864
 -0.1907
 -0.1749
 -0.1918
 -0.1439
 -0.1377
 -0.1432
 -0.1568
 -0.1259
 -0.1421
 -0.1307
 -0.1265
 -0.1582
 -0.1631
 -0.1597
 -0.1786
 -0.1501
 -0.1544
 -0.1623
 -0.1567
 -0.1553
 -0.1669
  -0.152
 -0.1545
 -0.1709
 -0.1787
 -0.1662
 -0.2401
 -0.1767
 -0.2129
 -0.1762
 -0.1783
  -0.185
 -0.1763
 -0.1914
 -0.1969
 -0.1787
 -0.1667
 -0.1486
 -0.2081
 -0.1949
 -0.2176
 -0.2082
  -0.209
 -0.1884
  -0.182
 -0.1956
 -0.2107
 -0.2184
 -0.2167
 -0.1599
 -0.2235
 -0.1654
 -0.1909
 -0.1562
 -0.1883
 -0.1487
 -0.1468
 -0.1638
  -0.148
 -0.1681
 -0.2004
 -0.1707
  -0.226
 -0.1725
 -0.2177
 -0.1969
 -0.2297
 -0.1661
 -0.1888
 -0.2032
 -0.1965
 -0.2246
 -0.2331
  -0.189
 -0.1962
 -0.1565
 -0.1855
 -0.1949
 -0.1789
 -0.1386
 -0.1502
 -0.1321
 -0.1159
 -0.1371
 -0.1447
  -0.133
 -0.1612
 -0.1383
 -0.1435
 -0.1432
 -0.1459
-0.09483
-0.07889
-0.07569
-0.08792
 -0.0791
-0.08998
-0.08472
-0.06944
-0.09219
-0.08986
-0.08332
-0.09588
-0.02246
 0.01863
 0.002396
 0.01425
 0.003965
 -0.0172
 0.002707
