1.495
1.507
1.313
1.179
0.909
0.432
0.448
0.42
0.585
1.218
1.457
1.746
1.999
2.266
2.463
2.169
2.191
1.977
2.176
2.124
1.938
1.73
1.581
1.737
1.664
1.687
2.042
1.837
1.833
2.142
2.39
1.556
0.935
0.987
0.807
0.462
0.488
0.707
0.795
0.8
0.586
0.474
0.288
0.259
0.559
0.622
0.781
1.005
1.015
1.109
1.17
1.307
1.187
1.005
1.889
1.823
1.473
1.703
1.605
1.276
0.995
1.004
1.028
1.119
1.275
1.359
1.18
0.737
1.156
1.45
1.139
1.198
1.699
1.625
1.064
0.68
0.321
0.195
0.236
0.091
0.023
0.205
0.298
0.445
0.149
-0.131
-0.407
-0.483
-0.814
-1.576
-1.162
-0.882
-0.784
-1.01
-1.21
-1.392
-1.242
-1.281
-0.832
-1.144
-0.951
-0.74
-0.149
-0.243
5.728e-3
0.539
0.113
0.58
0.375
0.601
0.396
0.138
0.355
-0.094
-0.031
0.186
0.703
0.453
0.444
0.679
0.833
0.988
1.235
1.567
1.928
2.278
2.443
2.333
2.551
2.591
2.425
3.103
2.824
2.412
2.589
2.247
2.193
2.502
2.398
2.195
2.001
2.366
2.125
1.817
2.042
1.878
2.076
2.308
2.496
2.576
2.597
2.721
2.822
2.802
2.699
2.806
2.87
2.622
2.864
3.082
3.389
3.627
3.806
3.736
3.707
3.895
4.108
4.194
4.113
4.045
4.055
4.269
4.79
4.769
4.883
4.99
5.472
5.83
5.108
5.223
5.019
4.801
4.739
4.449
4.453
4.105
4.545
3.664
3.805
4.317
4.513
4.732
4.336
3.765
3.773
4.066
4.269
3.92
3.932
3.937
3.571
3.253
2.956
2.718
2.446
2.378
2.133
1.917
2.148
2.068
2.527
1.948
1.837
1.825
2.158
2.204
1.586
1.069
1.626
1.712
1.589
1.228
0.821
0.242
-0.168
0.043
0.21
0.327
-0.07
-0.279
0.091
0.014
-0.161
-0.366
-0.325
-0.252
-0.338
-0.375
-0.311
-0.583
-0.669
-1.129
-1.11
-0.665
-0.953
-0.754
-0.811
-1.147
-0.953
-0.878
-1.133
-1.683
-1.95
-2.316
-2.41
-2.673
-2.811
-2.503
-2.231
-2.276
-2.734
-2.48
-3.184
-3.179
-3.487
-3.626
-3.703
-3.671
-3.467
-3.029
-3.08
-3.127
-3.304
-3.314
-3.256
-3.147
-3.268
-3.187
-3.121
-3.273
-3.122
-3.015
-3.264
-2.993
-2.677
-3.214
-3.348
-3.393
-2.942
-2.418
-2.422
-2.28
-2.086
-1.802
-1.575
-1.472
-1.305
-1.309
-0.981
-0.981
-0.882
-0.623
-0.522
-0.265
-0.257
-0.03
0.138
0.382
1.127
1.34
1.436
1.958
2.577
2.377
2.956
2.831
2.635
2.686
2.828
3.198
3.321
3.049
3.214
3.484
3.866
4.48
4.453
4.631
4.425
3.811
4.362
4.346
3.94
3.576
3.738
3.977
3.803
4.351
4.596
5.034
5.234
4.927
5.258
4.967
4.994
4.931
4.679
4.215
4.327
4.519
4.46
4.721
4.699
4.581
3.996
3.704
3.988
3.911
3.799
4.083
4.109
4.076
3.871
3.939
3.695
3.363
3.516
2.998
2.807
2.579
2.434
2.553
2.678
2.381
1.97
1.727
1.351
1.488
1.447
1.532
1.774
1.703
1.8
2.173
1.643
1.448
1.452
1.325
1.327
1.463
1.474
1.298
1.128
1.464
1.133
0.978
0.583
0.424
-0.201
0.108
-0.223
-0.839
-1.187
-1.06
-0.959
-1.141
-1.346
-1.307
-2.032
-1.962
-2.204
-2.676
-2.443
-2.91
-3.325
-2.652
-2.55
-2.145
-2.004
-1.694
-1.788
-1.278
-2.017
-1.857
-1.87
-1.609
-1.203
-1.177
-0.752
-1.183
-0.437
0.107
0.236
0.376
0.044
-0.202
-0.13
-0.123
0.296
-0.139
0.171
0.21
0.323
0.613
0.374
0.341
0.472
0.489
0.726
0.371
0.805
0.385
0.738
0.699
1.222
1.11
1.567
1.88
2.28
2.326
2.759
2.857
3.328
3.298
3.249
3.026
2.715
3.03
3.181
3.452
3.6
3.694
2.86
2.443
2.454
2.041
1.964
1.919
1.723
1.283
1.461
1.698
1.774
1.422
1.453
1.588
2.041
2.154
2.037
2.126
2.395
2.575
2.212
2.334
2.202
2.141
2.183
1.898
1.863
1.795
1.981
2.151
2.13
1.939
2.232
2.095
2.603
2.129
2.571
3.257
3.192
2.994
3.157
3.233
3.228
2.408
2.53
2.462
2.657
2.078
1.849
1.8
1.695
1.993
1.598
1.595
1.093
1.352
1.507
1.923
2.242
2.455
2.236
2.264
2.412
2.426
2.739
3.035
2.734
2.704
2.836
2.645
2.492
2.202
1.657
1.559
1.526
1.398
1.474
1.599
1.924
1.364
2.048
2.304
2.248
2.085
2.137
1.629
1.806
1.767
1.494
1.319
0.956
0.781
1.087
1.014
1.247
1.474
1.296
0.872
0.532
0.633
0.302
0.196
-0.058
-0.315
-0.297
-0.213
-0.354
0.011
-0.209
0.154
0.045
-0.196
-0.315
-0.147
-0.14
-0.014
0.21
0.377
0.526
0.851
0.642
0.679
0.494
0.304
0.148
0.014
-0.662
-0.558
-0.607
-0.57
-0.022
-0.402
0.119
0.232
-6.759e-4
-0.039
-0.137
-0.227
-0.563
-0.118
-0.418
0.053
0.102
-0.192
-0.334
-0.454
-0.592
-0.477
-0.533
-0.815
-0.916
-0.979
-0.709
-0.806
-0.884
-0.636
-0.746
-0.208
-0.183
-0.288
-0.245
-0.531
-0.733
-1.016
-0.589
-0.183
-0.15
-0.116
-0.314
-0.23
-0.171
-4.291e-3
0.517
0.573
1.187
1.528
1.177
1.813
1.902
2.022
1.98
1.784
1.803
1.651
1.976
2.109
2.255
2.289
2.943
3.383
3.405
3.954
4.341
4.842
5.212
5.438
5.307
5.679
5.666
5.851
5.775
5.91
5.216
5.207
4.869
4.65
4.554
4.238
4.37
4.077
3.632
3.647
3.298
3.28
3.219
3.491
3.834
3.376
3.073
2.986
2.894
2.997
3.805
3.161
3.307
2.871
2.724
3.004
2.641
2.315
2.286
1.698
1.293
1.38
0.883
0.881
0.666
-0.372
-0.973
-0.984
-1.12
-1.342
-1.347
-1.28
-1.564
-1.957
-1.792
-1.388
-1.628
-1.333
-1.298
-1.63
-1.83
-1.518
-1.08
-0.772
-0.797
-0.89
-0.981
-1.058
-1.263
-0.559
-0.661
-0.778
-1.265
-1.116
-1.454
-1.308
-0.543
-0.274
-0.109
0.349
1.237
1.599
1.878
2.144
2.244
2.192
2.669
2.703
3.014
3.475
3.445
3.61
3.634
3.855
3.87
3.847
3.675
3.855
4.232
4.309
3.865
3.864
3.931
3.984
4.011
3.637
3.726
3.472
3.711
3.74
3.783
4.193
3.928
4.158
4.021
3.92
3.598
3.91
3.644
3.198
3.216
2.984
2.887
2.972
3.039
3.399
2.968
2.533
2.682
3
3.376
3.165
3.257
2.896
3.035
2.637
2.377
2.186
1.767
1.363
1.261
0.988
0.518
0.615
0.576
0.151
0.213
-0.016
0.111
-0.096
0.377
0.696
0.517
0.294
0.496
0.43
0.416
0.572
0.888
0.955
0.876
0.333
0.375
-0.17
-0.469
-0.615
-0.497
-0.712
-0.882
-0.513
-0.642
-0.649
-0.507
-0.829
-0.74
-0.182
0.282
0.198
0.224
0.251
0.69
0.347
0.529
0.096
-0.262
0.034
2.956e-3
-0.343
0.017
0.167
0.168
1.684e-3
-0.101
0.263
0.635
1.341
1.869
2.288
2.438
2.301
2.504
2.878
2.948
2.953
2.743
2.606
2.854
2.882
2.622
2.276
2.055
2.256
2.332
1.782
2.271
1.999
1.945
2.158
1.902
2.291
2.273
2.78
2.528
2.69
2.656
2.311
2.451
2.864
2.721
2.73
2.737
2.825
2.99
3.236
3.903
3.882
3.742
3.759
3.82
3.894
3.585
3.998
3.99
3.916
3.536
2.934
3.216
2.966
2.927
3.19
3.078
2.972
2.573
2.877
2.723
2.564
2.282
2.191
2.655
2.608
2.948
2.964
2.89
2.915
2.674
2.462
2.776
2.55
1.952
1.967
1.937
2.164
2.076
2.05
1.926
2.175
1.965
2.203
2.203
2.31
2.052
2.223
2.042
2.021
1.994
1.864
1.768
1.483
1.174
0.523
0.356
0.24
-0.312
-0.402
-0.558
-0.571
-0.234
-0.296
-0.215
-0.302
-0.505
-0.851
-0.696
-0.626
-0.909
-1.013
-0.849
-0.767
-0.638
-0.785
-0.636
-0.927
-0.835
-0.972
-1.031
-0.923
-1.128
-1.041
-0.804
-0.93
-0.569
-0.135
-8.502e-3
0.733
0.51
0.738
0.746
0.745
0.979
0.806
1.162
1.201
1.383
1.184
1.141
0.861
0.814
1.045
1.179
1.27
1.419
1.359
1.388
1.162
1.051
0.515
0.517
0.598
0.851
0.555
1.044
1.07
0.88
0.323
0.299
0.368
0.144
0.57
0.542
0.514
0.825
1.322
1.6
1.496
1.129
1.027
1.017
0.862
1.127
1.25
1.235
1.243
1.45
1.319
1.306
1.157
1.311
1.475
1.238
1.577
1.785
2.23
2.399
2.532
2.284
2.575
2.463
2.278
2.301
2.339
2.833
3.39
3.777
4.449
4.246
4.302
4.833
5.154
5.512
5.391
5.255
5.329
4.89
4.843
4.744
4.915
5.299
5.485
5.367
5.824
5.981
5.866
6.053
5.862
5.416
5.461
5.092
5.289
5.131
4.852
5.042
4.728
4.588
4.168
4.139
4.408
4.459
3.882
3.922
3.415
3.477
3.866
3.653
3.269
3.034
2.689
2.637
2.756
2.724
2.786
2.141
2.139
1.938
1.63
0.955
0.567
-0.299
-0.423
-0.434
-0.598
-1.12
-1.22
-1.381
-1.578
-1.714
-1.786
-1.81
-1.84
-2.473
-2.426
-2.377
-1.839
-1.638
-1.944
-2.057
-1.745
-1.764
-1.713
-1.849
-1.526
-1.058
-1.546
-0.988
-0.789
-0.044
0.015
0.403
1.001
1.164
1.235
1.249
1.573
1.626
1.526
1.563
1.519
1.96
2.33
2.252
2.579
2.416
2.351
2.471
2.985
2.628
2.664
2.419
1.994
1.709
1.143
1.235
1.246
1.616
1.592
1.208
1.323
1.085
1.041
1.099
1.608
1.832
1.7
2.505
2.189
2.347
2.513
1.946
1.85
1.533
1.973
2.301
2.083
1.728
1.712
1.442
1.532
1.156
1.122
1.204
0.92
0.526
0.384
0.383
0.367
0.347
0.146
-0.109
0.062
-0.288
-0.346
-0.23
-0.227
-0.569
-0.744
-0.591
-0.396
-0.292
-0.442
-0.81
-0.678
-0.45
-0.907
-0.77
-0.796
-0.934
-0.877
-0.852
-0.31
-0.372
-0.405
-0.177
2.317e-3
0.679
0.708
0.556
0.853
0.904
1.033
1.083
1.039
1.083
0.557
1.077
1.408
1.478
0.908
0.593
0.777
0.492
1.007
1.485
1.583
2.016
1.707
2.047
1.828
1.964
1.699
1.737
1.966
1.978
1.953
2.298
2.506
2.456
2.396
2.588
2.334
2.271
2.339
2.46
2.337
2.527
2.372
2.25
2.594
2.204
2.338
2.481
3.021
3.247
3.238
3.408
3.577
3.273
3.025
2.605
2.472
2.588
2.459
2.72
3.031
3.115
2.951
3.01
3.442
3.284
3.639
3.656
3.154
3.507
3.553
3.661
3.682
3.845
3.758
3.449
3.268
3.664
3.014
3.024
2.884
2.426
2.381
2.44
2.651
3.048
3.043
3.143
3.437
2.87
3.112
2.845
2.848
2.644
2.119
1.774
2.028
2.07
1.934
1.968
1.915
1.88
1.582
1.722
1.989
1.745
1.946
1.589
1.624
1.876
1.966
1.691
2.01
2.102
2.232
2.516
2.591
2.522
3.074
2.628
2.528
2.477
2.026
2.026
2.281
2.282
2.325
2.207
2.349
2.058
2.279
1.984
1.862
2.379
2.285
2.51
2.26
2.429
2.413
2.472
2.402
2.102
1.928
1.676
1.424
1.121
1.051
1.138
1.168
1.272
1.168
0.792
1.115
0.359
0.082
-0.085
0.118
-0.11
-0.468
-0.124
0.299
0.062
0.287
0.105
-0.057
0.186
-0.141
-2.006e-3
-0.193
-0.728
-1.291
-1.25
-1.023
-1.273
-1.145
-0.902
-0.837
-1.295
-1.571
-1.397
-0.867
-0.467
0.015
0.019
0.149
0.027
0.061
0.552
0.619
0.798
0.6
0.396
-0.064
-0.207
-0.041
0.168
0.074
0.194
0.141
0.299
-4.028e-3
0.045
0.115
0.165
0.157
-0.047
-0.297
-0.264
-0.454
-0.412
-0.166
0.297
0.4
-0.092
-0.085
0.175
0.767
1.017
0.958
0.638
0.784
1.159
1.267
1.265
1.1
1.101
1.359
1.585
2.325
1.672
1.821
1.367
1.229
1.124
1.713
1.571
1.626
1.827
2.338
2.301
2.572
3.102
3.305
3.162
3.195
2.896
3.111
3.352
3.44
3.912
4.051
3.64
3.481
3.448
3.651
4.12
4.271
3.83
3.817
4.04
4.198
3.905
3.969
3.953
4.384
4.409
4.321
4.512
4.684
4.474
4.338
4.476
4.334
4.858
4.817
4.431
4.585
4.451
4.623
4.002
3.555
3.302
3.089
2.933
2.928
2.898
2.728
2.998
2.872
3.145
2.641
2.482
2.651
2.356
2.537
1.511
1.055
1.008
1.143
1.316
1.567
1.611
1.391
2.17
1.682
1.542
1.464
1.252
1.02
0.67
0.891
0.747
1.382
1.331
1.485
0.891
0.728
0.745
0.335
0.043
-0.543
-0.856
-0.769
-1.009
-0.934
-0.83
-1.319
-1.329
-1.089
-0.848
-0.907
-0.845
-1.362
-1.372
-1.752
-1.691
-1.592
-2.003
-1.701
-1.615
-1.529
-2.006
-2.256
-2.602
-2.373
-2.001
-1.562
-1.725
-1.897
-1.657
-1.804
-1.123
-1.52
-1.417
-0.972
-1.33
-1.367
-1.582
-1.356
-1.432
-1.398
-1.302
-1.174
-1.013
-0.808
-0.831
-0.321
-0.264
0.022
-0.524
-0.154
-0.031
0.165
0.27
0.517
0.291
0.307
0.414
0.332
0.818
0.733
1.471
1.392
1.44
1.935
2.143
2.447
2.082
2.126
1.996
2.345
2.692
2.52
2.657
3.186
3.273
4.179
4.789
4.63
4.913
4.991
5.362
5.315
5.389
4.976
5.437
4.852
4.604
4.896
5.357
5.24
5.156
4.926
4.637
4.275
4.203
3.735
4.111
3.646
3.397
3.274
3.598
3.599
3.438
3.506
3.297
3.688
3.637
4.171
3.881
3.687
4
3.834
3.992
3.68
3.701
4.011
4.117
4.365
4.036
4.004
4.351
4.069
3.997
4.257
4.052
3.659
3.701
3.362
3.419
3.028
3.315
3.464
3.183
2.962
2.596
2.687
2.668
2.411
2.361
2.322
2.424
2.481
2.065
1.687
1.487
1.84
1.941
2.036
2.07
1.876
1.68
1.312
1.49
0.791
0.388
0.384
0.534
0.351
0.229
-0.599
-0.433
-0.686
-0.661
-0.603
-0.993
-1.068
-1.278
-1.553
-1.613
-1.474
-1.033
-1.339
-1.334
-1.249
-1.177
-0.761
-0.589
-0.323
0.014
0.202
0.577
0.372
0.373
0.055
0.046
0.042
-0.12
-0.341
0.217
0.996
0.764
0.4
0.319
-0.171
-0.247
-0.166
0.123
0.655
0.686
0.578
1.409
1.326
1.476
1.859
2.167
1.912
1.501
1.565
1.458
1.348
1.345
1.575
2.063
1.876
1.97
2.506
2.484
2.365
1.67
2.093
2.203
1.966
1.744
1.934
1.989
2.136
1.92
1.861
2.01
2.484
2.59
2.831
3.012
3.106
3.128
3.144
2.855
3.362
3.651
3.823
3.941
3.849
3.815
4.056
4.166
3.939
4.181
4.152
4.414
4.179
4.446
4.405
4.458
4.611
4.76
4.733
4.843
4.749
4.48
4.372
4.371
3.979
4.26
4.037
4.267
4.294
3.896
3.259
2.992
3.064
2.656
2.086
1.755
1.428
1.314
1.126
0.829
0.763
0.906
0.287
0.383
0.329
0.613
0.684
0.69
0.868
0.504
0.373
0.518
0.221
0.137
0.014
-0.242
-0.819
-0.669
-0.72
-0.799
-0.653
-0.973
-0.893
-0.994
-1.481
-1.295
-1.311
-1.307
-1.205
-0.88
-0.733
-0.756
-0.643
-1.012
-0.639
-0.66
-0.389
-0.433
-0.658
-1.174
-0.766
-0.59
-0.766
-0.458
-0.674
-0.385
1.439e-3
-0.154
-0.247
-0.389
-0.079
0.246
0.164
0.231
0.579
0.539
1.019
1.54
1.695
1.486
1.153
1.019
1.257
1.803
1.978
1.748
2.107
2.458
3.045
2.876
3.055
2.933
2.903
3.382
3.933
3.511
3.676
3.003
2.815
2.724
2.821
2.548
2.794
3.009
3.072
3.051
2.916
3.029
2.554
2.613
2.71
3
3.161
2.441
2.602
2.316
2.131
2.089
2.363
1.99
2.214
2.24
1.906
2.303
2.484
2.671
3.108
2.909
2.958
3.026
3.262
3.59
3.698
3.81
3.69
3.773
3.693
3.323
2.823
2.308
2.209
2.519
2.481
2.314
1.973
1.68
1.664
1.014
1.025
1.016
1.055
1.279
0.537
0.214
0.434
0.282
0.612
0.394
0.417
0.43
0.812
0.549
0.68
0.592
0.636
0.878
1.099
0.983
0.697
0.826
0.916
0.655
0.896
0.854
0.729
0.248
-0.32
-0.134
0.086
0.455
1.067
0.909
0.507
0.512
0.99
0.898
1.046
1.252
1.093
1.354
1.551
1.756
1.951
2.611
2.062
2.333
2.28
2.528
2.576
2.732
2.45
2.647
2.859
2.922
3.067
2.871
3.263
3.178
3.438
3.534
3.406
3.425
3.585
3.599
3.446
3.889
4.211
3.497
3.526
3.499
3.155
3.284
3.16
3.207
3.104
3.04
3.068
3.348
3.252
3.577
3.503
3.498
3.783
3.856
3.89
3.994
4.274
4.457
4.869
4.755
4.62
4.509
4.686
4.582
4.39
4.553
4.687
4.308
4.098
3.827
3.727
3.109
3.001
2.936
3.213
2.916
3.135
3.325
3.193
3.306
2.935
3.152
3.411
3.406
3.11
2.808
2.838
2.302
1.902
2.165
2.311
1.923
1.772
1.623
1.549
1.214
0.974
0.556
0.804
0.877
0.215
0.306
0.336
0.611
0.829
0.902
0.897
0.338
0.187
-0.078
-0.022
0.012
-0.101
-0.385
-0.319
-0.27
-0.301
-0.178
-0.055
-0.087
-0.039
0.19
0.166
-0.173
-0.921
-1.164
-1.471
-2.028
-2.081
-2.01
-2.254
-2.529
-2.279
-2.194
-2.256
-2.255
-2.203
-1.917
-1.535
-1.463
-1.549
-1.455
-1.696
-1.457
-1.437
-1.56
-1.204
-1.106
-1.169
-0.925
-0.39
-0.288
0.084
-0.155
0.206
0.371
0.47
0.563
0.049
0.266
0.269
-0.129
-0.479
-0.424
-0.07
-0.321
0.179
0.357
0.494
1.134
1.139
1.288
1.136
1.225
1.165
1.269
1.31
1.948
2.074
2.243
1.906
2.027
2.19
1.895
1.843
2.444
2.615
2.927
2.929
3.475
3.615
3.881
3.8
3.834
3.897
3.66
3.831
3.912
3.47
3.309
3.374
3.542
3.308
3.251
3.485
3.582
3.14
3.222
3.389
3.1
3.196
2.917
3.272
2.675
2.478
2.66
1.928
2.238
2.378
1.747
1.727
1.563
1.205
1.989
2.303
2.317
2.385
2.654
2.342
2.513
2.253
1.897
1.456
1.207
1.199
0.972
1.371
1.213
1.74
1.632
1.829
1.85
1.65
1.434
1.831
1.611
1.521
1.378
1.424
1.339
1.231
1.12
1.139
1.253
1.213
1.096
0.85
0.989
1.062
1.486
1.288
1.167
0.86
0.739
0.826
0.863
0.651
0.227
-0.015
0.229
0.352
0.572
0.412
0.361
0.558
-0.068
-0.304
-0.534
-0.171
0.026
0.177
0.373
-0.526
-0.741
-0.599
-0.151
-0.585
-0.491
-0.163
0.057
-0.277
-0.845
-0.976
-0.692
-0.404
-0.631
-0.135
-0.018
0.028
-0.113
-0.124
-0.277
-0.02
0.206
-0.317
-0.115
-0.396
0.241
0.134
0.475
0.626
0.867
0.456
0.907
1.729
1.621
1.211
0.961
1.083
1.418
1.94
1.581
2.274
2.562
2.977
2.702
2.695
3.147
3.667
4.083
4.256
5.025
5.554
5.847
6.211
5.793
5.359
5.252
5.248
5.316
5.532
5.846
5.386
5.574
5.682
5.498
5.735
5.673
5.17
4.856
4.678
4.026
3.902
3.635
3.388
2.96
2.678
2.834
3.133
3.003
2.921
3.03
2.863
2.886
2.676
2.258
2.397
2.279
2.324
2.009
1.814
1.6
1.245
1.182
1.215
0.818
0.839
0.605
0.37
0.507
0.655
0.259
0.479
0.62
0.346
0.132
0.445
0.719
1.235
1.132
0.941
0.779
0.855
0.629
1.016
1.047
0.738
0.73
0.819
0.835
0.599
0.704
0.156
0.197
0.42
0.994
1.021
0.743
0.813
0.701
0.804
0.223
0.085
0.43
0.355
0.638
0.484
0.707
0.214
-0.217
-0.177
-0.099
-0.254
-0.181
-0.262
-0.423
-0.443
-0.556
-0.354
-0.629
-0.789
-0.654
-0.762
-0.267
1.17e-3
-0.136
0.141
-0.411
-0.211
-0.488
-0.592
-0.21
-0.485
-0.813
-0.581
0.079
-0.345
-0.477
0.293
0.525
0.884
0.902
0.661
0.646
0.703
0.25
0.053
-0.11
-0.308
-0.151
-0.24
0.159
0.176
0.137
0.184
0.32
0.627
1.386
1.733
1.963
1.478
1.646
1.791
2.196
2.692
2.745
2.791
3.285
3.326
3.407
3.903
3.625
3.712
4.098
4.222
4.437
4.672
5.031
4.729
4.837
5.35
5.708
5.921
5.827
6.058
5.779
5.529
5.841
5.68
5.927
5.758
5.879
5.328
5.17
5.192
4.946
4.797
4.623
4.526
4.796
4.855
4.829
4.992
5.047
4.605
4.493
4.854
5.004
5.081
4.794
5.004
4.398
4.92
4.998
5.07
5.143
4.892
4.635
4.445
4.503
3.955
3.869
3.506
3.001
3.136
3.134
2.706
2.165
1.69
2.438
2.357
1.994
1.861
1.864
2.075
1.631
1.347
0.814
0.551
0.826
0.87
0.371
0.057
-0.735
-0.988
-1.427
-2.139
-2.412
-2.203
-2.09
-2.088
-2.147
-2.199
-2.695
-2.771
-3.119
-3.421
-3.249
-3.928
-4.217
-4.461
-4.533
-4.675
-4.343
-4.692
-4.921
-4.737
-4.745
-4.389
-4.125
-4.079
-3.785
-3.788
-3.524
-2.99
-2.962
-3.032
-2.635
-1.835
-1.586
-1.069
-0.45
0.084
0.334
0.825
0.374
0.864
1.332
1.601
2.156
2.218
2.291
2.333
2.39
2.956
2.715
2.578
3.163
3.26
3.66
3.811
4.12
4.502
4.298
4.877
4.5
4.834
4.824
4.934
4.574
4.709
4.579
4.133
4.005
4.227
4.361
4.394
4.574
4.436
4.235
3.603
3.526
3.652
3.228
2.751
2.943
2.389
2.236
2.502
3.072
3.179
3.292
3.07
3.264
3.068
2.862
2.918
2.335
2.299
2.29
2.397
1.778
1.075
0.726
0.565
-0.09
0.406
0.569
-0.293
-0.011
0.166
0.145
-0.131
0.077
0.093
-0.326
-0.234
-0.511
0.134
0.142
0.445
-0.076
-0.555
-0.467
-0.025
-0.199
0.018
0.034
0.085
0.074
0.106
0.653
1.419
1.19
0.948
1.239
1.178
1.466
1.058
1.62
1.594
1.702
2.017
2.193
2.074
1.965
2.284
2.192
3.002
3.494
3.72
3.727
3.693
3.731
3.53
4.009
4.285
4.205
4.219
4.425
4.412
4.629
5.234
4.989
4.889
5.265
5.667
5.178
5.661
5.182
4.874
4.816
4.422
4.112
3.257
3.269
3.259
3.136
3.113
3.029
3.261
3.387
3.353
2.943
2.911
3.136
2.906
2.703
2.539
2.684
2.45
2.315
2.344
2.342
1.937
1.669
1.122
0.795
0.709
0.181
0.07
-0.473
-0.954
-1.249
-1.26
-1.471
-1.277
-1.345
-1.625
-1.833
-1.948
-1.406
-1.421
-1.227
-1.735
-1.761
-1.311
-1.682
-1.328
-1.398
-1.691
-1.753
-1.805
-1.719
-2.088
-1.78
-1.506
-0.864
-0.429
-0.688
-0.43
-0.196
-0.038
-0.16
-0.034
0.386
-0.052
5.692e-3
0.304
1.015
1.033
1.194
1.807
1.722
2.019
1.367
1.419
0.939
1.304
1.191
1.452
1.529
1.61
1.916
2.158
2.417
2.987
2.832
3.152
3.292
3.263
3.036
3.016
3.415
3.772
3.496
3.314
3.776
3.455
3.257
3.28
3.369
3.201
3.66
3.474
3.781
3.661
3.685
3.467
3.494
3.269
3.609
3.559
3.772
3.9
4.268
4.554
4.247
4.394
4.274
3.913
3.383
3.601
3.874
3.444
2.951
2.629
2.896
2.742
2.776
2.538
2.291
2.336
2.768
2.954
2.658
2.653
2.455
2.065
1.943
1.793
1.907
1.584
2.158
2.254
1.439
1.444
1.348
1.71
1.397
1.176
1.242
1.591
1.858
1.332
1.304
1.155
0.961
0.877
-0.148
-0.02
-0.239
-0.37
-1.371
-1.181
-1.148
-1.196
-0.838
-1.176
-1.353
-1.16
-1.292
-1.181
-1.052
-1.171
-1.285
-0.9
-0.678
-0.431
-0.612
-0.722
-1.218
-1.169
-0.386
-0.145
0.078
0.754
0.524
0.53
1.022
0.836
0.714
0.661
0.407
0.46
0.131
0.095
0.02
0.612
0.295
0.058
0.506
0.314
0.285
0.564
0.728
0.668
0.765
1.163
1.625
1.443
1.164
1.302
1.255
1.215
0.956
1.177
0.915
1.006
1.126
1.188
1.422
1.734
2.245
2.067
2.29
2.372
2.671
3.079
2.502
2.243
2.538
2.493
2.645
2.805
3.155
3.5
3.439
3.369
3.435
3.78
3.508
3.839
3.514
3.604
3.774
4.174
3.639
3.381
3.048
2.788
2.562
2.274
2.02
1.754
1.344
1.551
1.59
1.455
0.924
0.7
0.546
0.33
0.457
0.302
0.65
0.657
0.35
0.47
0.687
0.513
0.385
0.142
-0.128
-0.553
-0.645
-1.195
-0.88
-1.052
-1.042
-0.897
-0.37
5.896e-3
-0.367
-0.19
0.41
0.029
0.12
0.406
1.01
1.107
1.468
1.723
2.249
2.684
2.268
1.956
2.129
1.3
1.438
1.152
1.29
1.766
2.111
2.136
2.291
2.458
2.525
2.747
2.641
2.784
2.962
2.696
2.712
3.065
2.993
3.225
3.353
3.634
3.641
3.74
3.797
3.583
3.777
3.766
3.864
3.85
4.413
4.506
4.641
4.719
4.552
4.393
4.285
3.563
3.48
3.87
4.189
4.427
4.36
4.2
4.045
4.048
4.538
4.048
3.954
3.829
4.09
4.172
3.992
3.629
3.93
4.288
4.054
4.103
3.974
3.746
4.1
3.774
3.219
3.118
3.087
2.593
2.512
2.372
2.133
1.959
1.633
1.474
1.797
1.573
1.427
1.291
1.491
1.74
1.654
1.843
1.787
1.493
1.375
1.08
0.62
0.882
0.827
0.866
1.402
1.404
1.349
1.28
1.748
1.876
1.708
1.389
0.96
1.639
1.18
1.253
1.219
1.058
1.084
0.797
0.769
0.807
0.895
0.615
-0.057
0.058
0.238
0.285
0.707
0.717
0.742
0.998
1.218
1.315
0.896
0.79
0.854
0.677
0.356
0.363
0.412
-0.01
-0.447
-0.211
-0.473
-0.259
0.036
0.186
-0.191
-0.083
-0.212
-5.824e-3
-0.124
0.135
0.71
0.74
1.376
1.534
2.264
2.621
2.704
2.858
2.608
2.475
2.571
2.73
2.277
1.976
1.862
1.951
1.699
1.531
1.415
1.124
0.945
0.487
0.469
0.241
0.633
0.519
0.645
1.008
1.058
1.126
1.73
1.905
2.041
2.336
2.625
2.892
3.009
3.316
3.113
3.446
3.468
3.301
3.302
3.416
2.977
2.792
2.91
2.441
2.182
2.007
2.65
2.724
3.015
2.96
3.266
3.435
3.186
3.144
3.393
3.627
3.414
3.406
3.456
3.123
2.652
2.852
3.413
3.572
3.63
2.969
2.625
3
3.205
2.67
2.801
2.919
2.783
2.417
2.968
2.736
2.836
2.787
2.952
2.677
2.703
2.677
2.555
2.632
2.431
2.538
2.603
2.115
1.543
1.404
1.24
1.398
1.315
0.917
1.125
1.104
0.721
0.794
1.072
1.398
1.564
1.574
1.132
1.012
0.918
0.595
-0.061
0.392
0.706
1.025
1.289
1.228
1.759
1.593
1.39
1.746
1.919
1.922
1.961
1.715
1.517
2.037
1.911
2.074
1.906
1.569
1.575
1.299
1.273
0.935
0.929
0.838
0.727
0.742
0.831
0.84
0.638
0.213
-8.379e-3
0.293
0.352
0.308
0.198
0.011
-0.552
-0.39
-0.171
-0.293
0.04
0.195
0.678
0.595
0.028
-0.02
-0.182
0.126
0.126
0.403
0.736
0.519
0.466
0.904
1.028
1.337
1.398
1.315
1.173
0.796
1.328
1.215
1.144
0.946
0.565
0.576
0.921
1.165
0.67
0.425
1.262
1.237
1.203
1.406
1.59
1.809
1.715
2.046
1.858
1.803
1.815
1.842
1.987
1.847
2.135
2.535
2.583
2.304
2.459
2.465
2.325
1.896
1.195
1.307
1.063
0.727
0.348
0.731
0.688
0.5
0.565
0.307
0.338
0.648
0.701
0.958
0.574
0.472
0.47
0.033
0.101
0.156
0.2
5.424e-3
-0.239
-0.535
-0.788
-0.735
-0.339
-0.334
0.032
0.047
-1.592e-3
0.292
0.529
1.044
1.084
1.127
1.178
1.314
0.968
0.945
0.729
0.167
0.482
0.168
-0.054
0.37
0.634
0.495
0.672
0.519
0.642
0.449
0.104
0.019
0.396
0.287
-0.265
-0.16
-0.069
-0.26
0.065
0.192
0.508
0.341
0.849
1.098
1.196
0.753
1.12
0.897
1.377
1.572
1.817
1.751
1.75
1.303
0.714
0.62
0.286
0.072
-0.053
0.41
0.564
0.8
1.057
1.024
1.116
0.752
0.641
0.319
0.588
0.757
0.804
1.197
1.309
1.407
1.826
2.053
2.097
2.277
2.261
2.27
1.956
2.188
2.112
1.959
2.291
2.782
2.826
2.15
1.773
1.665
1.714
1.386
0.847
0.376
0.437
0.779
0.365
0.175
0.036
-0.347
-0.331
-0.287
-0.497
-0.639
-0.173
-0.049
-0.272
-0.036
-0.095
0.027
0.015
-0.027
-0.188
-0.703
-0.731
-1.012
-0.825
-0.841
-0.3
0.325
0.428
0.786
1.053
1.835
2.183
2.285
2.055
2.155
1.842
1.878
1.886
1.904
2.121
2.661
2.396
1.985
2.192
2.078
2.314
2.235
2.064
1.878
1.778
2.085
1.782
1.229
1.163
1.797
1.683
1.643
1.967
2.242
2.133
1.931
2.421
1.791
2.02
2.144
2.142
2.084
2.13
2.094
2.219
2.126
2.141
2.491
2.921
3.38
4.12
3.557
3.938
4.172
4.816
4.497
4.607
4.833
4.602
4.671
4.242
4.175
4.128
4.012
3.83
3.585
3.495
2.962
3.1
2.778
2.541
2.828
2.875
2.684
2.483
2.716
2.928
2.916
2.803
2.695
2.745
2.955
2.505
2.188
2.381
2.474
1.944
2.331
2.104
1.609
1.395
1.55
1.431
1.54
1.703
1.546
1.186
0.946
1.202
1.426
1.461
1.536
2.013
1.535
1.22
1.283
1.707
1.477
1.395
1.259
1.61
1.119
1.251
1.04
1.071
1.454
1.335
1.762
0.962
1.047
0.881
0.914
0.25
0.695
0.058
-0.026
-0.302
-0.259
-0.093
-0.199
-0.659
-0.757
-0.801
-0.698
-1.118
-1.619
-2.221
-1.865
-1.99
-1.795
-1.766
-1.694
-1.69
-1.53
-1.496
-1.698
-1.339
-1.734
-1.607
-1.27
-1.3
-0.906
-0.695
-0.589
-0.565
-0.909
-0.886
-0.856
-0.992
-1.158
-0.566
-0.913
-0.861
-0.809
-0.33
-0.161
-0.252
0.103
-0.198
-0.229
-0.232
-0.439
0.246
0.565
0.504
0.285
-0.171
-0.015
0.261
0.322
0.313
0.159
0.623
0.383
0.842
1.375
1.638
2.015
2.429
2.576
3.074
3.353
3.569
3.735
3.617
3.756
4.377
5.104
5.147
5.25
5.502
5.674
5.609
5.177
5.003
5.22
5.055
5.098
5.3
5.1
5.259
5.439
5.543
5.717
5.463
5.241
5.468
5.112
4.805
4.673
4.653
4.705
4.821
4.399
4.353
4.18
3.973
3.886
3.899
3.923
4.015
3.519
3.832
4.044
4.004
3.745
3.177
2.998
2.781
2.853
2.771
2.492
2.044
2.047
1.835
1.842
1.871
1.523
1.391
1.029
1.017
0.725
0.635
0.542
0.498
0.965
1.073
0.945
0.669
0.406
0.508
0.309
0.125
0.156
-0.055
-0.565
-0.565
-1.086
-0.952
-0.762
-0.933
-0.454
-0.198
3.489e-3
0.624
0.108
0.55
0.157
-0.462
-0.419
-0.568
-0.991
-0.888
-0.556
-0.329
-0.43
-0.179
0.014
-0.284
0.058
0.458
0.643
0.335
0.953
1.275
1.384
1.565
1.395
1.579
1.924
2.362
2.489
2.578
2.223
2.384
2.458
2.451
2.49
2.819
2.681
2.557
2.552
2.298
2.614
2.647
2.484
2.255
1.9
2.045
1.897
2.025
2.056
1.673
1.972
1.701
1.452
1.756
2.162
2.833
1.871
2.061
2.071
1.52
1.602
1.261
1.213
1.349
1.278
1.159
0.671
0.325
0.58
0.511
0.233
-0.069
0.037
0.018
-6.112e-3
-0.085
-0.015
0.161
0.151
0.207
0.249
-0.375
-0.116
-0.509
-0.355
-0.28
-0.847
-1.054
-1.236
-0.852
-0.719
-0.248
-0.172
-0.214
-0.684
-0.514
-0.391
-0.38
-0.347
0.114
0.487
0.613
0.338
0.134
0.106
0.241
0.316
0.394
0.579
-0.164
-0.389
-0.602
-0.738
-0.758
-0.767
-0.745
-1.089
-1.221
-1.192
-1.009
-0.911
-0.731
-0.706
-0.908
-1.639
-1.501
-0.861
-0.42
-0.426
-0.239
-0.622
-0.149
0.382
0.503
0.588
0.952
1.242
1.134
1.68
1.297
1.233
1.13
1.097
1.195
1.193
1.341
1.622
1.214
1.425
1.495
1.54
1.685
1.532
1.445
1.743
2.12
2.249
1.957
2.185
2.444
2.445
1.732
1.651
1.846
1.723
2.044
2.081
2.015
2.023
1.908
2.017
2.519
2.468
2.535
2.547
2.284
1.701
1.916
1.848
1.559
1.478
1.442
1.181
1.234
0.843
1.211
1.175
1.181
1.118
0.961
0.467
0.415
0.353
0.828
1.228
1.558
1.475
1.434
1.567
2.001
2.279
2.489
2.69
2.497
2.39
2.526
2.718
2.483
2.412
2.084
2.44
2.223
2.156
2.101
1.859
1.723
1.762
1.834
1.811
1.338
1.479
1.832
1.418
1.555
1.619
1.714
2.133
2.028
2.195
1.942
2.39
2.844
2.725
3.12
2.91
3.052
2.907
3.124
3.266
3.22
3.237
3.035
2.358
2.005
1.658
1.525
1.678
2.031
2.195
2.132
2.082
2.266
2.34
2.004
1.812
1.793
1.614
1.674
1.373
1.175
1.145
0.93
0.37
0.763
0.984
1.234
1.379
1.598
1.602
1.196
1.231
1.312
1.011
0.911
0.879
1.208
0.622
0.463
0.209
0.048
0.118
-1.762e-3
-0.073
0.36
0.379
0.496
0.316
0.603
0.978
0.919
0.472
0.758
0.757
1.276
1.816
1.499
1.559
1.532
1.675
2.121
2.382
2.668
2.583
2.553
2.445
2.203
2.184
2.356
2.43
2.468
2.715
2.407
2.27
2.277
1.632
1.332
1.439
1.974
2.149
2.526
2.395
2.643
2.83
2.845
2.909
2.973
2.418
2.081
2.456
2.145
1.806
1.56
1.798
1.673
1.834
1.39
1.332
1.133
1.008
1.246
1.233
1.632
1.469
1.745
2.041
2.079
2.128
1.942
2.128
2.049
1.705
1.925
1.879
2.03
1.895
1.979
2.215
2.483
2.297
2.837
2.995
3.071
3.693
3.768
3.052
2.751
2.566
2.716
2.431
2.339
2.495
2.652
2.537
2.641
2.571
2.457
2.327
2.285
1.997
2.052
1.917
1.609
1.384
1.502
1.122
0.994
1.5
1.445
1.212
1.409
1.001
0.473
1.094
0.8
0.835
0.566
0.329
-0.055
-0.111
-0.052
0.038
4.167e-3
-0.03
0.212
0.439
-0.029
0.072
0.045
0.286
0.741
0.939
1.421
1.497
1.509
1.732
2.276
2.328
2.583
2.348
2.131
2.187
2.234
2.167
2.651
2.543
2.107
1.733
2.174
2.364
2.211
2.108
1.704
1.866
1.634
1.439
1.489
1.455
1.124
0.983
0.631
0.161
0.349
0.334
0.46
0.09
0.359
0.759
0.738
0.394
0.173
0.156
0.087
-0.177
-0.239
0.374
0.322
0.653
0.5
0.444
0.854
0.391
0.556
0.314
0.533
0.539
1.158
1.046
0.858
0.991
0.579
1.269
1.326
1.366
1.422
1.195
0.743
0.564
0.443
0.602
0.466
0.68
0.695
0.533
0.75
0.688
0.431
0.665
0.708
0.767
0.997
0.846
0.98
1.016
0.819
0.536
0.29
0.405
0.213
0.319
0.284
0.42
0.301
0.055
0.299
0.296
0.477
0.773
0.278
0.569
0.672
0.14
0.284
0.55
0.56
0.793
1.012
1.386
1.65
1.834
1.853
1.838
1.687
1.843
2.18
2.563
2.949
3.474
3.108
3.42
3.589
3.365
3.521
3.632
3.109
3.106
3.322
3.407
3.864
4.172
4.446
4.362
4.449
4.67
5.263
5.546
5.704
5.493
5.035
5.259
5.045
4.409
4.141
3.645
3.299
3.167
3.835
3.846
3.839
3.494
3.91
3.882
3.576
3.822
3.652
3.109
2.861
2.379
1.961
1.845
1.707
1.375
1.336
1.187
1.214
0.933
0.669
1.045
0.473
6.016e-3
-0.054
-0.049
-0.273
-0.036
-0.09
-0.039
0.481
0.82
0.899
0.693
0.755
0.812
0.535
0.951
1.012
0.684
0.689
1.343
1.211
1.337
1.33
1.362
1.451
1.383
0.523
0.516
0.41
0.601
0.725
0.873
0.99
0.685
-0.019
0.066
0.127
0.576
0.519
0.321
0.276
0.149
0.268
-0.501
0.052
0.571
0.476
1.044
1.051
1.061
0.666
1.249
1.588
1.634
1.883
1.577
1.419
1.519
2.01
1.79
1.477
1.253
1.246
0.671
0.551
0.356
0.792
0.453
0.989
1.195
0.846
0.88
0.644
0.636
0.267
0.196
9.891e-3
0.152
-0.67
-0.59
-0.833
-0.505
-0.858
-0.465
-0.336
-0.672
-0.682
-0.769
-0.436
-0.451
-0.464
-0.333
3.374e-3
-0.088
0.088
0.353
0.455
0.555
0.539
0.817
0.952
0.974
1.252
1.254
1.246
1.682
1.861
1.923
1.7
2.166
1.746
1.859
2.189
2.776
3.396
3.292
3.472
3.18
3.388
3.781
4.002
4.714
4.977
4.466
4.257
3.767
4.022
3.675
3.895
3.678
3.479
4.444
4.232
4.65
4.893
4.758
4.627
5.084
5.049
4.747
4.715
4.698
4.67
4.792
4.756
5.106
4.967
5.273
5.489
5.533
5.865
5.539
5.667
5.515
5.354
5.26
5.085
5.167
5.379
5.443
5.485
5.363
5.457
5.585
5.552
5.21
5.048
4.896
4.53
4.446
4.183
3.876
3.607
3.024
3.289
2.927
2.8
2.697
2.411
1.503
1.559
1.568
1.411
1.208
0.853
0.931
0.684
0.659
0.377
-0.627
-0.929
-1.478
-1.103
-0.978
-1.188
-1.747
-1.934
-2.07
-2.564
-2.971
-3.051
-3.026
-3.059
-3.26
-3.14
-3.089
-3.153
-3.146
-3.194
-3.285
-3.551
-3.668
-3.87
-3.854
-3.869
-3.681
-3.429
-2.971
-2.852
-2.472
-2.378
-2.454
-2.366
-1.751
-1.594
-1.44
-1.394
-1.557
-1.172
-1.202
-1.205
-0.935
-0.614
-0.062
-0.028
-0.389
0.205
0.544
0.524
1.054
1.566
1.909
2.362
2.006
2.098
2.054
2.083
2.128
1.863
1.9
2.089
2.988
3.686
3.776
4.017
4.429
4.849
5.354
5.879
6.012
5.578
5.299
5.371
5.106
5.525
5.417
5.49
5.44
4.748
4.697
4.676
4.387
4.792
5.319
4.901
4.979
5.071
4.862
4.592
4.56
4.287
4.079
3.778
3.398
3.247
2.826
3.038
3.273
3.331
2.744
2.909
2.631
2.513
2.597
2.192
1.714
1.933
1.984
2.027
1.768
1.262
1.741
1.426
1.151
1.47
1.321
1.689
1.158
0.82
0.505
-0.17
-0.106
-0.3
-0.209
-0.048
-0.271
-0.35
-0.368
-1.236
-1.122
-1.369
-1.681
-1.803
-2.039
-1.863
-1.527
-1.806
-1.498
-1.642
-1.631
-2.155
-2.188
-2.305
-2.217
-2.198
-1.593
-1.414
-1.292
-0.728
-0.526
-0.558
-0.827
-0.438
0.052
-0.235
-0.341
0.109
-0.256
-0.365
-0.583
-0.772
-0.679
-0.277
0.194
0.098
0.182
0.262
0.186
-0.153
-0.114
0.065
0.01
0.108
0.408
0.671
0.793
0.863
0.942
0.976
1.561
1.904
1.418
1.845
1.818
1.864
1.838
1.7
1.89
1.802
2.003
1.889
2.065
2.248
2.415
2.591
2.881
3.53
3.688
3.744
3.726
3.912
3.791
4.327
4.339
4.389
4.514
4.129
4.388
4.558
3.938
3.59
3.513
3.6
3.569
3.618
3.394
3.439
3.979
4.611
4.752
4.547
4.445
4.322
3.641
3.602
3.68
3.067
2.989
2.905
2.912
2.548
2.248
2.152
1.97
1.595
1.691
2.047
1.928
2.113
2.767
2.813
2.743
2.451
2.233
1.599
1.515
1.45
1.627
1.104
1.188
1.13
0.937
1.065
1.172
1.094
1.183
0.817
1.293
1.735
1.765
1.912
1.605
1.747
2.175
2.136
2.434
2.735
2.561
2.423
3.238
3.086
3.237
3.339
3.565
3.379
3.561
3.551
3.371
3.054
2.821
3.008
3.538
3.738
3.527
3.514
3.281
3.63
3.35
2.974
3.103
3.434
3.023
2.826
3.019
3.262
3.022
3.449
2.992
2.755
2.789
2.958
2.918
2.935
2.943
2.76
2.433
1.971
1.293
0.836
0.635
0.572
0.45
0.287
-0.237
-0.711
-0.2
-0.419
-0.475
-0.708
-0.433
-0.318
-0.653
-0.545
-0.464
-0.523
-0.348
-0.309
-0.343
-0.309
-0.713
-0.673
-0.745
-0.582
-0.742
-0.732
-0.596
-0.291
-0.236
-0.505
-0.147
0.482
0.606
0.538
0.289
0.32
0.134
-0.319
-0.432
-0.113
-0.42
-0.21
-0.599
-0.757
-0.986
-0.942
-1.133
-1.125
-1.378
-1.576
-2.174
-2.16
-2.217
-2.115
-2.191
-1.937
-2.096
-2.39
-2.045
-2.257
-2.167
-1.945
-1.957
-1.699
-1.58
-1.399
-1.116
-0.934
-0.801
-0.973
-0.443
-0.807
-1.027
-1.214
-1.309
-1.45
-1.599
-1.842
-1.453
-1.388
-0.911
-0.816
-0.649
-0.635
-0.567
0.088
0.379
0.212
-0.256
-0.339
-0.056
-3.152e-3
0.26
0.097
0.668
6.706e-3
0.471
-0.02
0.096
0.473
0.918
0.777
0.868
1.013
0.916
0.869
1.136
1.234
1.814
1.812
1.965
2.307
2.789
2.521
2.494
2.377
3.119
3.569
3.527
3.444
3.885
4.412
4.769
5.171
5.301
5.247
5.721
5.153
5.537
5.993
5.975
6.792
6.889
7.049
7.299
7.246
7.316
6.738
6.258
6.025
6.333
6.161
6.059
5.782
5.7
5.914
5.932
5.834
5.704
5.788
6.112
5.957
5.771
5.809
5.986
5.786
5.546
5.595
5.514
5.048
4.627
4.394
3.731
3.932
3.69
3.515
3.483
3.277
3.736
3.593
3.748
4.047
3.928
3.78
3.349
3.137
2.757
2.869
2.576
2.624
2.234
2.354
1.93
2.302
1.965
2.41
1.82
1.62
1.589
1.446
1.447
1.107
0.947
1.03
1.087
1.123
1.153
1.463
1.405
1.53
1.086
0.88
0.765
0.421
0.537
0.755
0.588
0.951
1.063
0.808
0.847
0.606
0.522
0.51
0.759
0.583
0.864
0.533
0.303
0.401
0.173
0.451
0.64
1.093
0.748
0.784
0.54
-0.149
-0.223
-0.022
0.036
0.184
0.41
-0.03
0.059
0.27
0.34
0.078
0.266
0.26
0.034
0.175
0.058
-0.018
-0.085
-0.162
-0.111
0.016
0.231
0.301
-0.232
-0.058
0.192
0.183
-0.066
0.21
0.303
0.622
1.116
1.215
1.83
2.007
1.932
1.88
2.176
1.68
1.947
2.35
2.228
2.378
2.476
2.204
2.478
2.265
2.358
2.569
2.422
2.269
2.761
2.525
2.583
2.801
3.036
3.259
3.669
4.04
3.962
4.594
4.528
4.489
4.409
4.308
4.51
4.467
4.614
4.483
3.999
3.348
2.78
2.966
2.862
3.718
3.782
3.864
3.527
3.277
2.888
2.63
2.447
2.46
2.103
1.819
1.944
1.594
1.117
1.088
1.053
0.983
0.408
0.332
0.085
0.056
-0.187
-0.751
-0.732
0.099
0.085
-0.113
-0.181
-0.257
-0.998
-1.154
-0.813
-0.944
-0.589
-0.389
-0.299
-0.472
-0.286
-0.049
-0.027
-0.801
-0.345
-0.64
-0.399
-0.843
-0.579
-0.462
-0.33
-0.39
-0.53
-0.799
-0.75
-0.927
-0.93
-0.861
-0.935
-0.832
-0.244
-0.153
-0.322
0.013
0.18
0.063
0.088
0.603
0.636
0.636
1.002
0.779
1.02
1.185
1.209
1.303
1.575
2.126
2.193
2.409
2.394
2.637
2.695
2.737
2.921
2.833
2.546
2.183
2.219
2.152
2.591
2.211
2.524
2.527
2.854
2.221
1.705
2.034
2.185
2.026
1.991
2.251
1.939
2.175
2.439
2.395
2.223
2.133
2.447
2.814
2.626
2.674
2.524
1.98
1.953
1.886
1.95
2.408
2.443
2.324
2.102
2.361
1.842
2.274
1.826
2.124
1.808
1.393
1.15
1.341
1.75
2.045
1.847
1.422
1.073
0.914
1.255
1.335
1.316
1.258
0.999
1.348
1.572
1.891
1.772
1.69
2.198
2.353
2.307
1.966
1.897
1.982
1.645
1.533
1.17
0.594
0.306
0.304
0.385
0.313
0.292
-0.15
-0.329
-0.67
-0.73
-1.152
-0.673
-1.316
-1.527
-1.521
-1.286
-1.387
-1.342
-1.01
-1.158
-0.777
-0.576
-1.022
-0.706
-0.672
-0.433
-0.18
-0.318
-0.102
-0.705
-0.52
-0.203
-0.157
-0.226
-0.402
0.405
0.58
0.784
0.76
0.225
0.188
0.38
0.875
1.456
1.704
2.018
2.093
2.462
2.497
2.945
3.231
3.393
3.932
3.552
3.367
3.478
3.673
3.769
3.861
3.851
4.356
4.219
4.043
3.968
4.025
3.892
4.312
4.316
3.895
4.182
4.373
4.402
4.215
4.543
4.343
3.998
3.592
3.508
3.4
3.311
3.989
4.059
3.817
3.819
3.657
3.742
3.789
3.482
3.938
4.25
4.405
4.193
3.814
3.756
3.48
3.264
3.378
3.806
3.708
3.82
3.916
4.278
4.338
4.371
4.184
4.007
3.8
3.435
3.447
3.352
3.366
3.103
2.87
2.522
2.123
1.84
1.584
1.289
1.52
2.099
1.439
1.349
0.977
0.813
0.871
1.283
1.199
1.653
1.611
1.865
2.123
1.873
1.557
1.748
1.808
1.588
1.049
1.181
1.513
1.55
1.417
1.039
0.965
0.552
0.799
0.37
0.288
0.099
-0.063
-0.399
-0.355
-1.054
-1.228
-1.385
-1.409
-1.226
-1.467
-1.946
-1.61
-1.896
-1.864
-1.735
-2.199
-2.801
-2.783
-2.581
-2.397
-2.55
-2.644
-2.736
-2.486
-2.577
-2.513
-2.334
-2.33
-2.154
-2.113
-2.313
-2.284
-2.41
-2.314
-2.27
-2.628
-2.27
-2.195
-2.163
-2.207
-1.621
-1.69
-0.844
-1.14
-1.089
-1.429
-1.19
-1.222
-0.999
-1.21
-1.23
-1.116
-1.12
-1.236
-1.066
-0.764
-0.384
-0.362
-0.61
-0.3
-0.1
0.248
0.079
0.213
0.381
0.614
1.073
1.787
1.494
1.767
1.9
1.558
1.626
1.518
1.518
2.084
2.125
2.273
2.062
2.614
3.043
2.969
3.937
3.65
3.719
3.729
3.742
3.926
4.092
3.765
4.086
4.434
4.472
4.171
4.509
4.5
4.44
4.737
4.805
5.105
4.765
4.967
5.145
5.13
5.507
5.357
5.555
5.37
5.134
5.193
4.993
4.598
4.809
5.345
5.484
5.388
5.085
4.648
4.616
4.772
4.695
4.521
4.176
3.924
3.849
3.94
3.824
3.887
3.851
3.804
3.278
2.731
3.005
2.536
2.308
2.391
2.747
2.667
2.523
2.648
2.281
2.344
2.204
2.37
1.871
1.957
2.074
2.238
2.394
2
2.06
1.823
1.448
0.791
0.532
0.285
-0.07
-0.265
-0.484
-0.777
-0.521
-0.488
-0.454
-0.658
-0.679
-0.574
-0.725
-0.461
-0.532
-0.399
-0.105
0.115
-0.251
-0.442
-5.071e-3
-0.127
-0.319
-0.067
0.093
0.386
0.469
0.627
0.391
0.142
0.405
0.468
0.361
0.965
0.947
0.812
1.093
1.195
1.185
0.846
0.762
0.749
1.221
1.511
1.56
1.375
1.152
1.195
1.136
1.447
1.578
1.736
1.947
2.598
2.533
3.076
3.094
3.369
3.577
3.577
3.289
3.067
3.357
3.365
3.177
3.374
3.088
2.966
2.832
2.452
2.548
2.843
2.84
2.372
2.685
2.434
2.763
2.832
2.389
2.764
2.679
2.44
2.868
3.202
3.263
3.736
3.714
3.605
3.397
3.013
2.865
2.787
2.614
2.45
2.138
2.366
2.437
2.315
2.55
2.256
1.921
1.988
2.141
1.885
1.784
1.777
2.299
2.393
2.152
2.039
1.786
1.708
1.856
1.879
1.85
1.956
1.885
1.616
1.145
0.987
0.96
0.676
0.29
0.311
0.634
0.419
0.417
0.506
0.335
0.348
0.484
-0.114
0.236
0.54
0.193
0.431
0.276
0.389
0.308
-0.118
-0.174
-0.544
-0.579
-0.375
-0.293
-0.178
0.23
0.081
-0.201
0.076
-0.073
0.171
0.276
0.758
0.876
0.85
1.238
1.156
0.981
1.049
1.012
0.984
0.911
0.887
0.152
-0.283
-0.096
-0.18
0.059
0.268
0.381
1.043
0.814
0.952
1.123
1.031
1.255
1.01
1.272
1.407
2.049
1.953
1.687
1.897
2.048
2.17
2.012
1.713
2.016
2.332
2.034
2.37
2.214
2.309
2.684
3.066
2.74
2.546
2.7
2.881
3.306
2.505
2.231
2.113
1.782
1.864
2.016
1.85
1.695
1.448
1.373
1.212
1.293
1.18
1.426
1.387
1.734
1.436
1.68
1.995
1.827
1.745
2.059
1.931
2.023
2.528
2.46
2.409
2.825
2.636
2.575
2.266
2.087
1.996
1.971
2.009
2.484
2.373
2.074
1.805
1.938
2.07
1.966
2.016
1.796
1.661
2.287
2.244
1.955
1.98
2.056
1.401
1.613
1.39
1.235
0.768
0.906
0.724
0.469
0.504
0.973
1.532
1.975
1.705
1.546
1.59
1.508
1.665
1.966
2.068
1.865
1.893
1.928
1.792
2.008
1.822
1.904
1.989
2.108
2.216
2.434
2.328
2.54
2.897
2.474
2.24
2.146
1.974
1.614
1.558
1.536
1.369
1.548
1.349
1.119
1.09
0.734
0.732
0.681
0.091
0.376
0.215
0.68
0.45
0.148
0.265
0.465
1.124
1.016
0.205
-0.35
-0.453
-0.472
-0.043
0.449
0.15
-0.13
-0.619
-0.436
0.09
0.065
0.099
0.45
0.632
1.471
1.024
0.838
0.601
0.462
0.661
0.681
0.961
1.151
0.587
0.987
0.975
0.419
0.678
0.68
0.976
1.461
2.134
1.892
2.167
2.349
2.707
2.92
3.052
3.004
2.853
2.4
2.286
1.85
1.694
2.08
1.799
1.709
2.244
2.254
1.947
1.632
1.773
2.027
1.907
2.228
2.284
2.924
3.238
3.244
3.319
3.48
3.531
3.527
3.522
3.575
3.389
2.992
2.54
2.646
2.595
2.648
2.345
2.36
2.079
2.362
2.47
2.765
2.927
2.688
2.491
2.08
1.716
1.339
1.693
1.58
1.159
1.809
1.588
2.043
2.017
2.092
2.46
2.78
3.129
3.321
3.581
3.84
4.059
3.76
4.25
4.068
3.55
3.47
3.585
3.737
3.588
3.857
4.068
4.22
4.462
4.541
4.002
4.272
4.248
3.813
3.276
3.084
2.566
2.306
2.329
2.492
2.616
2.657
1.911
2.007
2.001
1.738
1.603
1.495
1.389
1.654
1.626
1.248
1.068
1.476
1.479
1.187
1.6
1.573
1.648
1.642
1.34
0.9
0.743
0.372
0.154
-0.198
0.306
0.213
0.156
0.386
0.647
0.059
-0.114
-0.4
-0.273
-0.797
-1.299
-1.506
-1.788
-1.739
-1.921
-2.088
-2.22
-2.04
-2.259
-2.499
-2.659
-2.538
-2.905
-3.377
-3.598
-3.415
-3.692
-3.501
-3.082
-3.009
-3.268
-3.152
-2.922
-2.752
-2.556
-2.604
-2.503
-2.238
-2.839
-2.582
-2.332
-2.473
-2.317
-2.333
-2.151
-1.781
-1.525
-1.464
-1.115
-0.715
-0.448
-0.182
-0.519
-0.726
-0.45
-0.485
-0.26
-2.212e-3
0.183
0.661
1.155
1.682
1.906
1.971
2.043
2.197
2.558
2.32
1.877
1.885
2.324
2.362
2.224
2.235
2.54
2.469
2.414
2.472
2.585
2.852
3.14
2.994
3.092
2.708
3.475
3.275
3.199
3.344
3.527
3.605
3.582
3.819
3.989
3.909
3.727
3.614
3.84
3.761
3.657
4.172
4.077
4.351
4.091
3.955
3.303
2.675
2.268
2.301
2.269
2.555
2.312
2.438
2.394
2.554
2.974
2.944
2.483
2.619
2.672
2.232
1.905
1.43
1.563
1.129
0.928
0.953
1.034
0.791
0.596
0.561
5.163e-3
-0.054
-0.516
-0.694
-1.308
-1.286
-1.512
-1.859
-2.139
-1.96
-2.255
-2.726
-3.012
-2.719
-2.797
-2.937
-3.037
-3.039
-3.315
-3.059
-3.109
-3.22
-2.835
-2.757
-2.31
-2.501
-2.411
-2.087
-1.567
-1.589
-1.798
-1.959
-1.857
-1.686
-1.192
-0.956
-0.74
-0.055
-0.24
0.161
0.632
0.602
1.168
1.108
1.874
1.845
2.238
2.24
2.839
3.054
3.139
3.306
3.355
3.692
4.127
4.273
4.92
5.251
4.847
4.868
4.907
5.004
4.974
4.776
4.316
4.508
4.736
4.267
3.591
3.75
4.105
4.059
3.489
3.909
3.36
2.776
2.742
2.278
2.746
2.975
3.123
2.779
3.343
3.094
3.145
3.409
3.53
3.281
2.722
2.737
2.956
2.83
2.553
2.405
2.282
2.284
2.603
2.235
1.923
1.851
1.529
1.269
0.889
0.969
0.723
0.454
0.497
0.521
0.21
0.233
0.049
0.03
0.191
-0.134
-0.026
-0.012
-0.228
-0.358
-0.052
-0.5
-0.802
-0.613
-0.139
3.514e-3
0.282
0.474
0.577
0.384
0.679
0.971
1.574
1.611
1.409
1.274
1.652
1.489
1.12
0.746
1.136
1.11
1.44
0.957
0.736
0.697
0.178
0.264
-0.034
-0.15
-0.312
-0.552
-0.554
-0.827
-0.632
-0.096
-0.591
-1.059
-1.086
-0.902
-1.127
-0.69
-0.512
-0.57
-0.406
-0.859
-0.65
0.01
0.308
0.628
0.972
1.105
1.211
1.391
1.03
1.092
1.298
1.471
1.472
1.828
1.63
1.496
0.849
0.825
0.856
0.982
1.33
1.295
1.023
1.266
1.079
1.135
0.906
0.817
1.353
1.55
1.52
1.609
1.26
1.359
1.571
2.054
2.312
2.719
2.433
2.792
2.897
2.804
2.991
3.093
3.201
3.677
4.186
4.377
4.334
4.528
4.805
4.674
4.757
4.995
4.901
4.612
4.367
4.42
3.784
4.091
3.818
3.84
3.555
3.568
3.042
3.083
3.238
3.133
3.073
2.914
2.709
2.6
2.397
2.27
2.434
1.762
2.048
1.987
1.629
1.482
1.211
0.88
1.033
1.056
1.055
0.97
1.131
1.388
1.052
1.397
1.502
1.171
0.926
0.856
0.857
0.946
0.966
1.485
1.921
1.652
1.918
1.832
1.603
1.702
1.36
1.392
1.91
2.337
2.604
2.282
1.965
2.333
2.277
2.417
2.374
2.101
1.615
1.175
1.082
1.668
1.701
1.549
1.55
1.433
0.803
1.147
0.896
0.484
0.115
0.396
0.573
0.868
1.019
0.807
1.208
1.341
0.875
0.48
0.179
0.272
0.021
0.032
0.262
0.54
0.152
0.199
-0.062
-0.236
0.169
0.597
0.961
0.913
0.72
1.375
1.317
1.223
1.218
1.538
1.734
1.97
1.591
1.257
1.524
1.682
2.084
2.185
2.152
1.86
1.934
2.001
1.914
1.671
1.772
1.458
1.582
2.411
2.862
2.738
2.423
2.444
1.607
2.006
1.833
1.693
1.472
2.047
1.894
2.113
2.565
2.39
2.512
2.106
1.595
2.19
2.505
3.029
2.902
3.16
3.559
3.164
3.152
2.656
2.489
2.907
3.427
2.922
2.901
2.852
3.076
2.889
3.385
3.167
3.552
3.19
3.117
2.94
3.174
3.167
3.205
3.083
3.152
3.239
2.621
3.125
3.198
3.279
3.336
2.917
2.777
2.727
2.45
2.345
2.329
1.965
1.658
1.678
1.706
1.722
1.258
1.325
1.421
1.472
1.845
1.882
2.079
2.532
2.347
2.192
1.55
1.848
2.08
2.048
1.951
2.138
2.245
1.75
1.621
1.565
2.211
2.38
2.351
2.076
2.109
1.933
2.068
1.763
1.124
1.346
1.44
1.287
1.335
1.003
1.169
0.984
0.762
0.332
0.153
0.144
0.055
-0.397
-0.847
-0.781
-1.124
-1.003
-1.385
-2.024
-2.183
-2.328
-2.962
-3.356
-3.415
-3.053
-3.247
-3.085
-2.985
-2.828
-2.44
-2.507
-2.103
-2.108
-2.277
-2.267
-2.273
-2.292
-2.366
-2.139
-1.889
-2.206
-2.532
-2.509
-2.396
-2.465
-2.279
-2.232
-2.22
-1.99
-1.958
-1.409
-1.402
-1.313
-0.82
-0.686
-0.089
0.102
-0.143
0.013
0.249
-0.151
-0.314
-0.526
-0.596
-0.156
-0.44
-0.671
-0.904
-0.504
-0.307
-0.375
-0.314
-0.572
-0.51
-0.184
0.435
0.586
0.544
0.492
0.839
0.822
0.921
0.581
1.254
1.404
1.758
1.704
1.94
2.309
2.304
2.691
2.857
2.985
2.759
2.94
2.491
2.949
3.688
4.18
4.716
4.511
4.582
4.526
4.58
4.702
5.136
5.18
5.597
5.89
5.645
6.019
6.149
5.933
6.112
6.235
7.033
6.403
6.241
6.481
6.577
7.02
6.757
6.722
6.318
6.322
6.362
5.615
5.153
4.987
4.794
4.601
4.348
4.162
4.28
4.171
3.844
3.445
3.235
3.516
3.358
3.184
2.936
2.962
2.818
2.772
2.381
2.057
1.841
2.342
2.283
2.586
2.478
2.616
2.213
2.21
2.289
2.258
2.075
1.728
1.083
0.702
0.475
0.74
0.873
0.993
1.014
0.907
0.956
0.467
0.223
9.146e-4
0.191
0.151
0.135
-0.238
-0.304
-0.384
-0.384
-0.736
-0.811
-0.65
-0.373
-0.225
0.016
-0.375
-0.317
-0.14
-0.111
-0.281
-0.398
0.052
-0.027
-0.158
-0.335
0.147
0.264
0.231
0.467
0.361
0.911
0.814
0.94
1.002
1.054
0.854
0.88
1.299
1.008
1.001
0.902
1.317
1.233
1.488
1.41
2.012
1.819
1.471
1.864
2.028
1.509
1.69
1.397
1.573
1.616
1.619
1.874
1.673
1.589
2.018
2.424
2.76
3.027
2.645
2.59
2.381
2.381
1.97
1.719
1.79
1.566
1.607
1.622
1.531
1.718
1.229
1.776
1.393
1.301
1.288
1.363
1.261
0.746
1.244
1.021
1.316
1.134
1.126
1.195
0.626
0.604
0.747
0.65
0.874
0.483
0.413
0.32
-0.521
0.113
0.505
0.577
0.482
0.329
0.508
0.819
0.738
0.722
1.012
0.548
-0.022
-0.369
-0.581
-0.328
-0.632
-0.626
-0.472
-0.71
-0.931
-1.024
-1.051
-0.419
-0.316
-0.307
-0.148
-0.548
-0.647
-0.772
-0.971
-0.654
-0.881
-1.072
-1.267
-1.125
-1.078
-1.209
-0.946
-0.877
-0.795
-0.831
-0.661
-0.587
-0.413
0.242
0.086
0.258
0.417
0.266
0.456
0.669
1.014
0.746
0.519
0.633
1.091
1.132
1.27
1.347
1.565
1.559
1.297
1.428
1.94
1.774
1.638
1.793
1.43
1.09
1.047
1.336
1.787
2.365
2.419
2.402
2.829
2.953
3.306
3.632
3.403
3.589
3.429
3.377
3.638
3.964
4.174
4.35
4.449
4.737
4.637
4.502
4.184
4.275
4.426
4.287
3.937
4.124
3.904
3.641
3.506
3.389
3.14
2.438
2.563
2.762
2.618
2.406
2.141
1.982
1.53
1.583
1.527
1.349
1.26
1.424
1.365
1.488
1.243
1.286
1.195
1.223
1.2
1.566
1.467
1.15
1.127
1.043
0.865
0.806
0.719
0.931
1.404
1.263
1.264
1.084
1.036
1.013
0.825
0.901
0.935
0.903
1.551
1.681
1.894
1.66
1.457
1.105
0.762
0.842
1.109
1.194
1.14
1.677
1.444
1.423
0.883
1.321
1.301
1.404
1.471
1.18
1.112
0.719
0.531
0.783
0.613
0.838
0.68
0.818
0.5
1.034
0.859
1.126
1.354
1.177
1.354
1.768
2.053
2.061
1.719
1.962
1.322
0.92
1.102
1.507
1.592
2.224
2.221
2.447
2.246
2.047
1.96
1.998
1.622
1.776
1.656
1.748
1.529
1.342
1.313
1.643
1.777
1.417
1.719
1.506
1.389
1.019
0.979
1.108
1.226
1.016
1.072
0.306
0.484
0.56
0.4
0.497
0.45
0.133
0.352
1.078
1.518
1.841
1.768
2.065
2.056
2.256
2.088
1.985
2.075
1.855
1.739
1.944
1.845
1.604
1.014
0.869
0.431
0.384
0.817
1.071
0.816
0.55
0.752
0.514
0.296
-0.123
-0.092
-0.199
-0.189
0.431
0.198
0.158
0.188
0.098
0.515
0.614
0.644
0.799
0.606
1.132
0.993
1.735
1.784
1.819
2.077
1.942
2.493
2.903
3.062
2.577
2.599
2.565
2.389
2.647
3.015
3.048
2.812
2.846
3.476
3.313
3.084
3.089
3.273
3.207
3.111
3.136
2.899
3.102
2.785
2.497
2.091
1.947
1.479
1.503
1.29
1.832
1.388
1.566
1.607
1.685
2.192
2.013
1.894
1.661
1.785
1.924
1.881
1.289
1.357
1.064
1.392
1.046
0.95
0.464
0.443
0.458
0.593
0.583
0.584
1.2
1.66
1.75
2.077
2.122
2.091
2.321
2.543
2.761
2.322
2.288
2.346
2.219
1.822
1.705
1.781
1.727
1.628
1.446
1.406
1.583
1.144
1.284
1.774
1.27
1.597
1.937
1.847
1.942
1.503
1.606
2.027
2.247
1.653
1.867
1.727
1.684
1.905
1.375
1.323
0.76
0.321
0.29
0.179
0.248
-0.245
-0.124
-0.4
-0.673
-0.581
-0.407
-0.279
-0.415
-0.4
-0.034
0.182
0.139
0.372
0.557
0.76
1.069
0.58
0.259
0.392
0.057
-0.022
0.334
0.534
0.681
0.187
-0.189
-0.287
-0.389
0.065
-0.133
0.167
0.3
0.128
0.455
0.097
1.392e-3
0.244
0.15
-0.543
-0.748
-0.821
-0.477
-0.067
-0.148
-0.075
-0.651
-0.968
-1.21
-0.693
-0.361
-0.281
-0.478
-0.613
-0.805
-0.581
-0.756
-0.486
0.162
0.647
0.469
0.107
-0.101
-0.192
-0.502
0.352
0.678
0.667
0.646
0.475
0.676
0.51
0.519
0.548
0.667
0.753
1.064
0.963
1.053
1.598
1.274
1.42
2.17
2.33
2.813
2.825
3.1
2.745
3.166
3.425
3.114
3.056
3.059
3.383
2.848
2.785
2.895
1.839
2.128
2.348
2.753
2.846
3.068
2.471
2.647
2.6
2.371
2.492
2.554
2.827
2.982
3.481
3.52
4.029
4.717
4.592
4.204
4.22
4.397
4.745
4.777
4.969
5
4.865
4.258
4.193
4.417
4.222
3.733
4.201
3.716
3.716
3.443
3.375
3.11
2.942
2.78
2.773
2.951
2.626
3.007
3.251
2.934
3.27
3.43
3.184
3.08
3.817
3.807
3.682
3.815
3.541
3.18
2.825
2.923
3.061
2.281
1.765
1.976
2.383
2.334
2.606
2.109
2.095
1.502
1.56
1.661
1.471
1.304
1.652
1.372
1.74
1.61
1.717
1.826
1.482
1.181
0.971
0.897
0.653
0.59
0.521
0.243
0.43
0.191
-0.314
-0.584
-1.087
-1.308
-1.146
-0.933
-0.925
-1.008
-1.287
-1.513
-1.417
-1.491
-1.244
-0.632
-0.103
0.202
-0.14
-0.268
-0.559
-0.79
-0.531
-0.357
-0.471
-0.61
-0.944
-1.072
-1.358
-1.266
-1.321
-1.128
-1.277
-1.148
-0.717
-0.538
-0.489
-0.36
-0.44
-0.419
-0.595
-0.033
0.855
1.367
1.453
1.623
1.441
1.696
1.743
2.029
2.144
2.172
1.847
1.831
1.711
1.844
2.059
1.896
2.14
2.129
2.101
1.886
2.021
2.107
1.889
2.011
2.482
2.54
3.053
3.274
2.773
2.026
2.128
2.322
2.215
2.388
2.467
2.498
2.567
2.491
2.552
2.603
2.845
2.912
3.07
2.993
2.909
3.386
3.326
2.515
2.732
2.628
2.967
3.459
3.975
4.259
3.786
3.547
3.183
3.376
3.386
3.642
3.418
3.337
3.72
3.447
3.448
3.657
3.43
3.345
3.729
3.355
3.253
3.104
3.163
2.825
2.372
2.355
2.506
2.638
2.852
2.886
2.468
2.593
2.385
2.289
2.183
1.776
1.815
1.594
1.15
1.413
1.156
1.443
1.294
1.413
1.457
1.694
1.14
0.862
0.732
0.411
0.415
0.169
0.451
0.082
0.034
0.06
0.129
-0.183
-0.44
-0.444
-0.069
-0.304
0.032
-0.091
-0.266
-0.325
-1.089
-0.418
-0.557
-0.732
-0.74
0.028
0.381
4.404e-3
-0.144
-0.648
-0.363
-0.352
-0.313
6.302e-3
-0.335
-0.7
-1.037
-1.081
-0.82
-0.633
-0.459
-0.361
-0.259
-0.186
-0.42
-0.406
-0.355
-0.28
0.212
0.505
1.005
0.67
1.276
1.055
1.243
1.004
0.454
0.341
0.362
0.585
0.395
0.334
0.432
0.551
0.679
0.657
0.094
0.152
0.662
0.345
0.314
0.672
0.646
0.887
0.804
1.128
1.665
1.337
1.728
2.301
1.884
2.202
2.167
2.174
2.009
1.85
2.023
2
2.096
1.869
2.126
2.095
2.073
2.129
2.588
2.814
2.667
2.376
2.561
2.468
2.561
2.438
2.357
2.774
3.061
3.044
3.099
2.963
3.02
3.244
3.641
3.603
3.547
3.587
3.44
3.028
2.91
2.542
2.308
2.436
2.225
2.167
2.108
1.69
1.061
0.652
0.634
0.492
0.309
0.075
0.115
-0.249
0.137
0.137
0.476
0.754
0.748
0.414
0.137
0.352
0.099
0.105
0.478
0.299
0.208
0.41
-0.032
-0.281
-0.072
0.082
0.262
0.714
0.754
0.476
0.762
1.081
1.247
1.412
1.088
1.228
1.75
1.399
1.606
2.147
1.725
1.885
2.085
2.242
2.354
2.582
2.661
2.592
2.415
2.455
1.992
2.06
1.582
1.159
1.724
1.741
1.921
1.957
1.53
1.479
1.372
1.127
1.687
1.813
1.386
1.458
1.543
0.949
1.163
0.955
0.556
0.275
0.322
0.537
0.64
0.192
0.247
-0.079
0.206
0.272
0.151
0.526
0.699
0.576
0.323
0.297
0.295
0.669
1.492
2.164
2.324
2.12
2.425
2.438
2.51
2.666
2.633
2.786
3.021
3.078
2.874
2.488
2.679
2.705
2.86
2.587
2.532
2.492
2.076
1.907
2.522
2.353
2.34
2.086
1.981
2.249
2.782
2.996
3.249
2.927
3.049
3.049
2.738
2.87
2.448
2.518
2.523
2.831
3.079
2.943
3.219
3.564
4.15
4.654
4.941
4.824
4.518
4.594
4.004
3.892
3.45
3.978
4.295
4.37
3.819
3.63
3.437
3.511
3.241
3.03
3.028
3.068
3.153
3.38
3.3
3.193
3.397
3.11
2.988
2.745
2.259
2.484
2.678
2.207
2.173
2.408
2.008
1.932
1.713
1.617
1.678
1.752
1.4
1.219
0.811
0.37
0.317
0.362
0.702
0.484
0.241
-0.131
-0.546
-0.877
-1.492
-1.929
-2.676
-2.695
-2.815
-3.073
-2.697
-2.508
-2.324
-2.352
-2.827
-2.322
-2.392
-2.203
-2.377
-2.136
-2.047
-1.895
-1.912
-1.908
-1.525
-1.547
-1.696
-1.535
-1.465
-1.312
-0.846
-0.974
-0.426
-0.162
-0.083
-0.116
0.333
0.382
0.482
0.595
0.822
1.223
0.851
1.349
1.544
1.555
1.671
1.666
2.072
2.43
2.305
2.408
2.08
2.482
3.002
3.254
3.004
3.013
3.245
3.191
3.346
3.148
3.248
3.331
3.61
3.758
3.862
3.825
4.124
4.411
4.078
3.788
4.038
3.981
4.094
4.196
4.285
4.436
4.437
4.322
4.421
4.704
4.699
4.869
4.473
4.197
4.272
4.183
4
3.757
4.273
3.863
3.667
3.618
2.867
2.938
2.914
2.385
2.653
2.303
2.432
2.457
2.491
2.338
1.657
1.553
1.213
0.717
1.17
0.691
0.782
0.402
-0.02
-0.083
-0.31
-0.406
-1.171
-0.955
-0.91
-0.841
-0.743
-1.014
-0.602
-0.732
-0.796
-0.619
-0.62
-0.843
-0.328
-0.07
-0.258
-0.174
-0.209
-0.251
-0.331
-0.677
-0.434
-0.153
-0.226
-0.296
-0.35
-0.185
-0.2
-0.242
0.45
0.48
0.389
0.553
0.226
-0.371
-0.558
-0.232
-0.233
0.162
-0.093
0.41
0.193
0.209
0.585
0.495
0.525
0.671
1.202
1.107
0.716
0.951
1.203
0.972
1.228
0.952
1.069
0.992
1.078
0.303
0.077
-0.165
-7.381e-3
0.02
0.078
0.834
0.958
1.055
0.768
0.974
0.235
0.34
0.214
0.531
0.546
0.29
0.27
0.69
0.781
0.639
0.912
1.092
1.715
1.595
1.477
1.308
1.66
1.606
1.809
2.366
2.504
2.797
2.781
2.709
2.62
2.603
2.531
3.006
2.899
3.347
3.433
3.452
3.202
3.746
4.143
3.824
3.697
3.801
3.827
3.579
3.308
3.401
3.13
3.724
3.408
3.474
3.421
3.631
3.509
3.666
3.198
3.021
2.998
3.243
2.615
2.639
2.93
3.158
3.142
3.011
2.311
2.198
2.662
2.671
2.877
2.634
2.737
2.904
2.82
2.911
3.103
2.792
2.755
2.695
3.051
2.684
3.168
3.075
2.998
3.163
2.886
2.853
3.173
3.341
2.814
2.647
2.843
2.767
2.446
1.988
1.007
0.807
0.511
0.43
0.342
0.343
0.736
0.303
0.496
0.718
0.61
0.895
0.654
0.407
0.535
0.685
0.305
0.565
0.558
0.131
0.067
0.071
0.411
0.487
-0.04
-0.182
-0.553
-0.321
-0.187
-0.422
-0.756
-1.047
-1.132
-1.081
-1.058
-0.908
-1.173
-1.393
-1.297
-1.477
-0.929
-0.782
-1.029
-0.944
-1.059
-1.307
-1.203
-1.057
-1.038
-0.855
-1.073
-0.324
-0.301
-0.552
-0.036
-0.114
-0.317
-0.33
-0.516
-0.338
-0.529
-0.77
-0.826
-0.582
-0.505
-0.549
-0.435
-0.28
-0.402
-0.163
0.273
0.433
0.501
0.425
0.552
0.739
0.939
1.331
1.208
1.392
1.742
1.442
2.046
1.949
2.288
2.6
2.916
3.037
3.576
3.963
4.37
4.167
3.785
3.612
3.765
4.107
4.242
4.352
4.168
4.534
4.558
4.872
4.677
4.83
5.129
4.815
4.768
4.897
4.746
5.004
5.171
4.919
4.576
4.445
4.508
4.678
4.574
4.236
3.992
4.122
4.499
4.62
4.632
4.758
4.658
4.714
4.482
4.17
3.939
3.892
3.948
4.011
4.369
4.353
4.087
4.288
4.333
4.711
4.46
4.28
4.131
3.855
3.308
3.174
2.998
2.899
2.685
2.742
2.559
2.649
2.9
3.441
3.029
2.748
2.424
1.876
1.737
1.504
1.069
0.738
0.726
0.832
0.141
-0.171
-0.274
-0.111
0.042
-0.106
0.052
0.151
-0.518
-0.756
-0.363
-0.361
-0.068
0.312
0.089
0.419
-0.219
2.893e-3
0.237
0.184
0.32
0.444
0.083
0.278
0.327
0.525
0.63
1.464
1.435
1.471
1.459
1.499
1.858
1.909
1.839
1.729
1.497
1.371
1.068
0.765
0.628
0.698
0.53
0.199
0.435
-0.143
-0.414
-0.819
-0.385
-0.546
-0.9
-0.667
-1.214
-0.995
-1.613
-2.111
-1.42
-1.231
-0.783
-0.663
-0.71
-0.561
-0.931
-0.672
-0.278
-0.331
0.112
0.167
0.45
0.394
0.494
0.721
1.068
1.526
1.763
1.514
1.315
1.114
0.565
0.527
0.927
0.994
0.976
1.538
1.466
1.147
1.419
1.573
1.334
2.005
2.043
1.713
1.842
2.617
2.929
2.934
2.87
2.678
3.288
3.596
3.309
2.827
2.813
3.075
2.858
2.329
1.919
2.04
1.934
1.871
2.409
2.744
2.706
3.107
2.912
3.15
2.815
3.047
2.691
3.03
2.824
3.049
3.461
2.923
2.506
2.412
2.12
1.984
1.54
1.42
0.926
0.842
1.019
1.241
1.406
1.278
1.483
1.545
1.171
1.107
1.153
1.239
1.575
1.572
1.751
1.989
1.972
2.27
1.868
2.326
2.541
2.369
2.222
2.495
2.714
2.811
2.906
2.876
3.113
2.529
2.42
2.16
1.743
1.857
2.155
1.582
1.88
1.706
1.425
1.166
0.899
0.833
0.63
0.848
1.218
1.37
1.785
1.447
1.525
0.669
1.492
1.339
1.328
1.24
0.974
1.046
1.064
1.612
1.688
1.799
1.384
1.037
0.91
0.94
0.607
1.061
0.751
0.867
0.789
-8.471e-5
-0.633
-0.126
-0.695
-0.837
-1.042
-1.186
-1.559
-1.865
-2.061
-2.298
-2.611
-3.071
-2.969
-3.241
-3.407
-2.964
-3.155
-3.051
-2.48
-2.551
-2.047
-1.913
-1.321
-1.351
-1.23
-1.736
-2.177
-2.171
-1.971
-2.366
-2.055
-2.144
-2.219
-1.783
-2.02
-2.015
-2.162
-1.512
-0.825
-0.759
-0.355
-0.27
0.29
0.499
0.965
1.597
1.31
1.595
1.662
1.566
1.698
1.872
2.046
2.634
2.703
3.172
3.058
3.576
3.981
4.279
4.573
5.005
4.566
4.366
4.827
4.897
4.448
4.705
4.845
5.43
5.505
5.775
6.304
6.153
6.206
6.225
6.535
6.531
6.66
6.442
6.754
6.38
5.77
6.043
5.518
5.408
5.136
5.067
5.1
4.739
4.609
4.83
4.229
4.539
4.479
4.435
4.342
3.703
3.584
3.816
3.655
3.258
2.851
2.833
2.406
2.135
1.891
1.863
1.814
2.21
2.839
2.815
2.748
2.727
3.021
3.039
2.809
2.552
2.473
2.378
1.849
1.514
0.905
0.655
0.777
1.176
0.793
0.97
0.73
0.919
0.959
0.961
1.224
1.449
1.293
1.159
0.769
0.787
1.34
1.16
1.215
1.345
1.237
1.058
0.955
1.205
1.37
1.15
1.073
0.774
0.465
-0.14
-0.332
-0.277
-0.819
-0.541
-1.11
-1.302
-1.364
-1.158
-1.114
-0.849
-0.568
-1.02
-1.457
-2.03
-2.263
-2.247
-2.246
-2.414
-2.45
-2.346
-1.783
-1.576
-1.578
-1.455
-1.416
-1.578
-1.51
-1.441
-1.6
-1.349
-0.933
-0.58
-0.548
-0.187
0.105
0.102
-0.264
-0.224
0.356
0.535
0.397
0.383
0.752
0.411
0.373
0.823
0.727
0.695
0.757
0.896
1.12
1.434
1.239
1.451
1.68
1.573
0.842
0.897
0.987
0.902
1.303
1.766
2.104
1.657
1.989
2.613
2.739
2.056
2.493
3.002
3.17
3.447
3.34
4.313
4.089
3.738
3.914
3.84
3.475
3.81
4.361
4.787
4.788
4.677
4.74
4.883
4.81
4.482
4.502
4.392
4.592
4.381
4.38
4.687
4.911
4.883
4.835
5.189
5.244
5.676
5.039
4.812
4.778
4.482
4.288
4.147
3.987
4.406
4.08
4.042
3.767
3.763
3.659
3.303
2.922
2.815
3.159
3.079
2.757
3.13
2.95
2.996
2.936
3.175
2.874
2.767
2.525
2.68
2.759
2.349
2.083
2.504
2.601
2.401
2.507
2.255
2.205
2.183
2.17
2.325
1.367
0.58
0.413
0.227
0.272
-0.072
0.016
0.058
0.425
0.251
-0.027
-0.452
-0.018
2.661e-4
-0.638
-0.26
-0.165
-0.248
-0.815
-0.302
-0.427
-0.551
-0.821
-0.358
-0.627
0.03
0.23
-0.354
-0.202
9.466e-5
0.173
0.377
0.269
-0.236
-0.18
-0.571
-0.817
-1.028
-1.098
-1.032
-1.432
-1.339
-1.016
-0.788
-0.771
-0.721
-0.509
-0.135
-0.331
-0.4
-0.255
-0.076
-0.143
-0.089
-0.297
-0.208
-0.332
-0.337
-0.56
-0.571
-0.293
-0.083
-0.211
-0.036
0.517
0.19
0.534
0.261
0.699
0.711
0.899
0.841
0.415
0.491
0.303
0.356
-0.246
-0.207
0.023
0.017
0.535
0.443
0.476
1.25
1.822
1.351
1.484
1.332
1.645
1.542
1.674
1.418
1.406
1.151
1.212
1.805
1.656
1.265
1.201
1.258
1.4
1.62
2.101
2.244
1.969
2.312
2.63
2.918
2.952
3.076
3.03
2.248
2.638
2.804
2.833
2.618
2.583
2.555
2.231
2.248
2.121
2.623
2.834
3.057
3.156
3.362
3.175
2.998
2.689
2.985
3.066
2.724
2.585
3.588
3.756
3.13
3.292
3.567
3.941
3.987
3.855
4.049
4.495
4.225
4.242
4.774
4.658
4.33
4.22
4.061
4.324
4.174
4.298
4.238
4.137
4.229
3.715
4.312
3.828
3.662
3.223
3.06
2.751
1.795
1.67
1.606
1.34
1.328
1.342
1.535
0.813
0.744
1.087
1.053
0.521
0.589
0.433
0.412
-0.049
0.28
0.369
0.476
0.614
1.35
1.277
1.771
1.412
1.331
1.301
0.925
0.772
1.178
0.823
0.56
0.863
0.794
0.634
0.291
0.517
0.411
0.867
0.349
0.206
0.351
-0.027
-0.274
-0.21
-0.207
-1.693e-3
-0.071
-0.083
-0.468
-0.693
-1.06
-0.528
-0.215
-0.415
-0.724
-0.36
-0.525
-1.318
-1.155
-1.377
-1.385
-1.826
-1.879
-1.448
-1.507
-1.15
-1.249
-0.938
-1.22
-1.371
-1.118
-1.19
-0.666
-0.162
-0.327
-0.383
-0.411
-0.208
-0.165
0.438
-0.057
-0.034
-0.324
0.131
0.241
-0.377
-0.679
-0.361
-0.45
-0.04
0.067
0.565
0.58
1.099
1.689
1.742
1.897
2.088
2.155
2.431
2.796
3.108
3.245
2.904
3.614
3.733
3.758
3.671
3.998
4.005
4.044
4.089
3.995
3.7
3.978
3.653
3.483
3.705
3.898
3.732
3.441
3.663
3.242
2.687
2.608
2.713
2.195
1.993
1.81
2.132
1.783
1.936
1.788
2.231
2.205
2.231
1.955
1.648
1.871
1.815
1.921
1.756
1.544
1.567
1.781
1.037
1.166
0.457
0.227
-0.143
0.126
0.019
0.358
-0.114
-0.289
-0.233
-0.418
-0.306
-0.381
-0.528
-0.904
-0.872
-0.68
-0.125
-0.193
-0.315
-0.208
-0.243
-0.345
-0.182
-0.011
-0.08
-0.183
-3.354e-3
-0.262
-0.182
0.36
0.837
1.033
1.136
1.309
1.661
1.9
2.213
2.535
2.538
2.398
2.461
2.58
2.826
3.18
3.074
2.623
3.092
2.722
2.168
1.791
1.706
2.06
1.835
1.969
2.277
2.197
2.045
1.997
2.4
2.426
1.97
1.868
2.119
2.339
2.34
2.368
2.63
2.63
2.503
2.978
2.515
2.302
2.51
2.924
3.521
2.956
3.422
3.677
3.426
3.23
2.682
2.738
2.865
3.318
3.373
2.952
2.585
2.991
2.793
2.736
2.663
2.554
3.264
3.066
3.022
2.867
3.112
2.938
3.217
3.332
3.56
3.874
4.011
3.623
3.562
3.805
3.451
3.135
3.078
3.145
3.097
2.714
2.851
1.942
2.081
2.818
2.919
2.429
2.861
2.964
2.759
2.293
2.523
2.308
2.284
1.977
1.687
1.616
1.688
1.444
1.237
0.336
0.501
0.18
0.112
-0.821
-0.984
-0.641
-0.537
-0.809
-0.706
-1.043
-1.139
-1.198
-1.347
-1.041
-1.012
-0.968
-0.654
-0.462
-0.472
-0.362
-0.409
-0.535
-0.263
-0.525
-0.41
-0.82
-0.546
-0.271
-0.305
-0.082
0.075
-0.389
-0.127
-0.166
-0.139
0.115
-0.161
-0.246
-0.239
-0.193
-0.129
0.578
0.505
0.912
0.846
1.051
0.92
1.23
1.488
1.791
1.838
1.271
1.051
1.384
2.248
2.169
2.397
2.489
2.216
2.146
2.339
2.59
2.774
2.339
2.47
2.586
2.921
2.846
2.992
2.431
2.577
1.865
2.261
2.286
2.36
2.274
1.969
2.093
2.321
2.213
1.938
1.652
1.994
2.335
1.978
1.729
1.856
1.676
1.752
1.958
2.022
2.164
2.184
2.481
2.288
1.917
2.289
2.236
2.015
2.095
1.945
2.325
2.239
2.04
1.544
1.392
2.144
2.485
3.04
2.797
2.676
2.632
3.041
2.697
2.64
2.362
2.268
2.374
2.74
2.696
3.345
3.499
3.517
3.274
3.249
3.149
3.34
3.13
3.085
2.643
2.572
2.193
2.504
2.805
2.922
2.783
2.978
3.159
3.204
3.462
3.464
3.427
2.871
2.815
2.919
3.242
3.517
3.339
2.909
2.982
3.502
3.145
2.868
3.121
3.285
2.672
2.718
2.95
2.669
2.325
2.214
2.281
2.051
2.196
2.036
2.144
1.801
1.97
2.112
2.067
2.471
2.154
2.143
1.979
1.562
1.366
1.152
1.041
1.145
0.643
0.688
0.932
1.682
1.878
2.101
2.345
2.453
2.736
2.68
2.625
2.458
2.809
2.151
2.649
2.316
2.474
2.55
2.746
2.441
2.013
1.603
0.904
0.824
1.185
1.482
1.301
1.555
1.711
1.43
1.537
1.551
1.602
1.846
1.922
1.923
1.98
1.681
1.081
1.209
1.181
1.284
1.187
1.127
0.676
0.841
1.18
1.418
1.546
1.627
1.542
1.513
0.576
0.707
0.934
1.357
0.996
1.139
1.117
0.972
0.928
0.762
1.099
1.566
1.866
1.894
1.736
1.916
1.743
1.637
1.829
1.355
1.395
1.29
1.037
1.074
0.926
0.884
1.123
1.365
1.579
1.582
1.639
1.859
1.691
1.98
2.557
2.877
2.994
2.363
2.228
1.8
1.487
1.32
1.498
1.331
1.102
1.23
0.504
0.723
0.654
0.533
0.843
0.787
0.29
0.288
-4.44e-3
-0.459
-0.529
-0.364
-0.722
-0.247
-0.047
0.219
0.425
0.285
0.432
0.715
1.102
1.083
1.472
1.209
0.889
1.048
1.103
0.957
1.075
1.531
1.333
1.387
1.264
0.937
0.75
0.571
0.456
0.367
0.746
1.259
0.692
0.42
0.294
0.152
0.477
0.044
-2.772e-3
0.306
0.729
0.691
0.449
0.361
0.192
0.776
1.109
0.459
0.62
0.975
0.655
0.899
0.894
1.065
1.363
1.294
1.586
1.729
2.442
2.687
2.29
2.052
2.036
2.037
1.943
1.879
1.915
2.089
2.252
2.484
2.683
2.307
2.567
2.907
2.819
2.868
2.914
2.579
2.628
2.377
3.004
3.282
3.722
3.331
3.17
3.432
3.152
3.281
3.531
3.764
3.555
3.67
4.23
4.285
4.503
4.447
4.189
3.838
3.901
3.878
3.803
3.314
3.095
2.664
2.586
2.323
2.551
2.432
2.22
2.326
2.327
2.156
2.242
1.898
1.863
1.892
1.781
1.621
1.26
1.626
2.095
1.993
1.627
1.527
0.967
1.526
1.703
1.538
1.535
1.64
1.443
1.345
1.785
2.248
2.288
2.655
2.662
2.144
2.408
2.383
1.735
1.529
1.212
0.656
0.35
0.336
0.511
0.918
1.245
1.257
1.101
1.221
1.396
1.633
1.467
0.988
0.957
1.483
1.948
1.866
1.937
1.723
1.705
1.768
1.573
1.625
1.237
2.176
1.45
1.51
2.117
2.913
3.002
2.929
2.473
2.649
2.217
2.282
2.187
2.253
1.955
1.719
1.552
1.967
1.959
1.823
2.328
2.02
2.109
2.269
2.413
1.97
1.966
1.402
1.364
1.689
1.841
1.701
1.993
1.962
1.692
1.562
1.582
1.683
1.504
1.706
1.661
1.098
1.333
1.192
1.38
1.513
1.533
1.221
0.796
0.742
0.628
0.766
0.064
8.128e-3
-0.258
0.161
0.34
0.213
0.188
0.576
0.307
0.383
0.752
0.61
0.68
0.859
0.833
1.482
1.22
1.604
1.272
1.28
1.28
1.435
1.642
1.611
1.744
1.51
1.837
1.579
1.93
2.452
2.726
2.463
1.986
1.828
2.34
2.234
1.907
2.016
1.884
1.848
1.606
1.632
1.38
1.839
1.849
2.063
2.066
2.3
2.098
2.44
2.15
1.96
1.852
2.061
2.084
2.282
1.603
1.662
1.368
1.657
1.172
1.063
1.012
1.005
0.905
1.017
1.222
1.047
1.446
1.209
0.54
0.667
1.155
1.431
1.06
1.407
1.564
1.658
1.606
1.654
2.064
2.17
2.331
2.534
2.642
2.876
3.004
3.339
3.267
2.853
2.556
2.67
3.022
3.227
3.243
3.073
3.067
2.745
2.4
2.409
2.248
1.773
1.914
1.776
2.073
2.248
1.92
1.386
1.52
1.538
2.049
2.065
2.399
2.077
1.731
1.115
0.738
0.998
0.914
0.691
1.031
1.96
2.027
1.645
1.527
1.374
1.703
1.504
1.3
1.459
1.266
0.993
1.196
1.151
1.938
2.307
2.431
2.674
2.118
1.662
1.084
1.46
1.502
1.886
2.124
1.809
1.934
2.394
2.193
2.419
2.605
2.383
1.784
1.81
1.816
1.921
2.204
2.091
1.417
1.783
1.145
1.129
0.713
0.906
1.256
0.716
0.601
0.319
0.32
0.245
-0.228
0.01
-0.399
-0.119
-0.414
-0.349
-0.621
-0.545
-1.265
-2.002
-1.691
-1.196
-1.379
-0.641
-0.98
-1.151
-1.344
-1.464
-1.409
-1.214
-0.69
-0.777
-0.68
-0.714
-0.474
-0.507
-0.315
-0.133
-0.253
0.09
0.108
0.396
0.939
1.12
1.07
0.988
1.053
1.286
1.63
1.547
1.227
1.058
1.136
1.219
0.987
1.676
2.314
2.748
3.052
3.045
2.805
2.846
2.91
3.15
3.545
3.066
3.037
2.643
2.444
2.48
2.551
2.842
2.869
2.885
3.416
3.733
4.118
3.791
3.922
3.32
3.057
2.926
3.185
2.97
2.865
2.801
2.383
2.473
2.451
2.062
2.274
2.433
1.851
1.911
1.615
1.948
1.952
1.868
1.625
1.886
1.989
1.635
1.306
1.413
0.885
0.569
0.547
0.521
