   1.596
   1.524
   1.492
   1.432
   1.472
   1.487
    1.64
   1.695
   1.825
   1.651
   1.858
   1.864
   1.852
    1.76
   1.727
   1.759
   1.746
   1.866
   1.745
   1.808
   1.885
   1.878
   1.932
   2.127
   2.382
   2.529
   2.589
   2.534
   2.596
   2.578
   2.585
   2.483
   2.561
   2.307
   2.033
   2.157
   2.165
   2.238
   2.174
   2.128
    2.05
   2.126
   2.063
   2.051
   2.062
   2.181
   2.177
   2.098
   2.181
   2.241
   2.392
    2.33
   2.373
   2.239
   2.394
   2.266
   2.278
   2.311
   2.204
   2.217
   2.174
    2.16
   2.187
   2.143
   2.048
   1.995
   1.852
   1.999
   1.887
   1.921
   1.933
   1.983
   1.951
   1.705
   1.421
   1.334
   1.364
   1.525
    1.57
   1.549
   1.608
   1.609
   1.618
   1.555
   1.527
   1.747
   1.603
   1.649
   1.703
   1.904
   1.868
   1.788
   1.739
   1.646
   1.689
   1.514
     1.4
   1.306
   1.232
   1.226
   1.385
   1.418
   1.612
   1.697
    1.73
   1.799
   1.979
   2.144
   2.157
   2.118
   2.151
   2.245
   2.371
   2.502
   2.561
    2.62
   2.577
   2.797
   2.739
   2.894
    2.85
   2.997
    3.08
   2.905
   3.047
   3.286
   3.297
   3.285
    3.23
   3.181
   3.364
   3.639
    3.56
   3.473
   3.537
   3.461
   3.468
   3.482
   3.292
   3.334
   3.546
   3.554
   3.572
   3.666
   3.484
   3.536
    3.73
   3.444
   3.338
   3.687
   3.795
   3.729
   3.616
   3.521
   3.393
   3.294
   3.205
    3.14
   3.227
   3.252
   3.359
   3.321
   3.258
   3.405
   3.212
    3.26
   3.294
   3.247
   3.276
   3.021
   2.958
   2.624
   2.445
   2.534
   2.622
     2.6
   2.568
   2.632
   2.552
   2.429
    2.43
   2.478
   2.718
   2.546
   2.496
   2.532
   2.535
   2.655
   2.771
   3.068
   3.023
   3.112
   3.055
   3.034
   3.199
   3.191
   3.317
   3.342
   3.151
   3.125
   3.355
   3.452
   3.525
   3.665
   3.727
   3.616
   3.538
    3.62
   3.648
    3.58
    3.67
   3.852
   3.799
   3.846
   3.939
   3.846
   3.771
   3.901
   3.875
   3.782
   3.715
   3.631
   3.354
   3.313
   3.317
   3.375
   3.597
   3.691
   3.717
   3.616
   3.568
    3.49
   3.515
   3.511
   3.256
   3.274
   3.243
   3.218
   3.212
    3.35
   3.389
   3.429
   3.429
   3.393
   3.213
   3.097
    3.18
   3.283
   3.189
   3.038
   3.305
   3.199
    3.33
    3.34
   3.377
   3.277
   3.022
    3.21
   3.204
   3.127
   3.062
   3.122
   2.974
    2.81
   2.798
   2.864
   3.015
   3.007
   2.944
   2.975
   2.948
   3.011
   2.933
   2.849
   2.693
     2.6
   2.757
   2.522
   2.775
   2.732
   2.766
   2.711
   2.542
   2.532
   2.641
   2.835
   2.611
   2.717
   2.938
   2.988
    2.88
   2.945
   2.857
   2.982
   3.177
   3.223
   3.042
   2.882
    2.86
   2.792
   2.807
    2.51
    2.39
   2.405
   2.565
   2.601
   2.639
    2.48
   2.554
   2.561
   2.697
   2.679
   2.712
   2.859
   2.891
   2.999
   2.887
   3.073
   3.106
   3.054
   3.078
   3.012
   2.889
   2.832
   2.955
   2.698
   2.673
   2.582
    2.33
   2.295
   2.334
   2.158
   2.066
     2.1
   1.868
   1.851
   2.149
   2.056
   2.272
   2.317
   2.273
   2.285
   2.176
   2.013
   2.037
   1.957
   1.998
   2.137
   2.126
   2.068
    2.21
   2.132
   2.073
   2.049
    1.85
    1.82
   1.962
   1.896
   2.039
   1.996
   1.981
   1.987
   1.893
   1.745
   1.771
   1.927
   1.931
   1.813
   1.652
   1.751
    1.92
   1.902
    2.07
   1.745
   1.889
   1.818
   1.755
   1.691
    1.63
   1.525
   1.705
   1.637
   1.617
   1.596
   1.742
   1.753
   1.595
   1.711
   1.827
   1.841
   1.913
   1.986
   1.992
   2.165
   2.475
   2.503
   2.467
   2.589
   2.381
   2.416
    2.42
   2.259
   2.269
   2.222
    2.09
   2.231
   2.272
   2.347
   2.263
   2.223
   2.173
   2.292
   2.352
    2.17
   2.233
   2.134
     2.2
   2.207
   2.366
   2.295
   2.477
   2.329
   2.384
   2.399
   2.428
    2.19
   2.054
   1.898
    2.07
   2.215
   2.108
   2.256
   2.322
   2.255
   2.094
   2.236
   2.357
   2.322
   2.189
   2.059
   2.049
   1.824
   1.761
   1.829
   1.756
   1.789
   1.783
   1.716
   1.759
   1.891
   1.954
   1.901
   1.758
   1.798
   1.797
   1.775
   1.684
   1.713
   1.572
   1.233
   1.314
   1.085
    1.13
   1.151
   1.169
   1.321
   1.446
   1.428
   1.682
    1.42
   1.431
   1.359
   1.373
   1.109
  0.9932
   1.024
   1.077
   1.066
   1.114
   1.116
  0.9479
  0.8003
  0.9447
  0.9794
   0.946
  0.9067
  0.8863
  0.8239
  0.9378
   1.011
  0.9469
  0.9265
   0.944
  0.9178
  0.8894
   0.882
  0.9625
   1.027
   1.126
  0.9386
  0.7421
  0.9229
    1.07
  0.8476
   0.827
  0.7803
  0.8202
  0.6346
  0.6427
   0.439
  0.5786
  0.4503
  0.6557
  0.5368
  0.5326
  0.6393
  0.6593
  0.5986
  0.5676
  0.4386
  0.5222
  0.3267
  0.2685
  0.2409
  0.2144
  0.1249
  0.1947
   0.174
  0.2115
  0.3175
  0.2085
  0.1062
  0.2179
  0.1685
  0.3852
  0.4285
  0.4827
  0.5811
  0.6649
  0.7755
  0.9271
   0.999
   1.032
   1.004
   1.157
   1.229
   1.039
   1.059
   1.078
   1.215
   1.285
   1.469
   1.479
   1.729
    1.76
   1.715
   1.803
   1.849
   1.729
   1.924
   2.026
    2.01
   2.194
    2.24
     2.2
   2.344
   2.205
   2.287
   2.422
   2.354
   2.478
   2.605
   2.601
   2.398
   2.489
   2.546
   2.679
   2.655
   2.537
   2.438
   2.499
   2.477
   2.521
    2.56
   2.507
   2.706
   2.581
   2.589
   2.446
   2.461
   2.551
   2.446
   2.574
   2.494
   2.333
   2.346
   2.374
   2.372
   2.361
   2.589
   2.566
   2.561
   2.497
   2.345
   2.477
   2.415
    2.34
   2.346
   2.375
   2.229
   2.371
   2.456
   2.561
   2.669
    2.74
   2.904
    3.11
   3.162
   3.452
   3.391
   3.364
   3.572
    3.59
   3.536
   3.468
   3.681
   3.764
   3.552
    3.43
   3.359
   3.194
   3.178
   3.277
   3.145
   3.143
    3.06
   3.082
   3.162
   3.052
   2.951
   2.941
   2.826
   2.594
   2.426
   2.343
   2.266
   2.401
   2.406
   2.279
   2.251
   2.257
   2.199
   2.228
   2.285
   2.357
   2.489
   2.429
   2.544
   2.729
   2.742
   2.757
   2.975
   2.976
   2.749
   2.938
   2.809
    2.86
   2.818
   2.817
   2.876
   3.013
   2.876
   2.978
   2.988
   3.172
   3.186
   3.057
   3.154
   3.152
     3.3
   3.263
   3.089
       3
   2.894
   2.963
   3.074
       3
   2.988
   2.953
   2.735
   2.648
   2.431
   2.466
   2.245
     2.4
   2.386
   2.356
   2.268
   2.128
   2.195
   2.144
   2.277
   2.208
   2.187
    2.29
   2.387
   2.464
   2.386
   2.437
    2.26
   2.155
   2.035
   2.129
   2.016
   1.971
   1.938
   2.036
   2.017
   2.007
   1.886
   1.782
   1.534
   1.531
   1.407
   1.435
   1.434
   1.318
   1.253
   1.246
   1.292
   1.032
  0.9811
   1.051
  0.8839
  0.9034
  0.9709
  0.8253
  0.8618
  0.7126
  0.6185
  0.7741
  0.7329
  0.9166
    1.05
    1.02
   1.191
   1.219
   1.383
   1.481
   1.335
   1.392
   1.188
   1.222
   1.124
   1.118
   1.212
   1.134
   1.078
  0.8842
  0.9188
   1.098
   1.167
   1.179
   1.092
   1.352
   1.503
    1.41
   1.446
   1.412
   1.475
   1.438
   1.147
    0.84
  0.9713
  0.7569
   0.566
  0.6744
  0.7159
  0.6666
  0.6644
   0.891
  0.8141
  0.8292
  0.6326
  0.5016
  0.5164
  0.6664
  0.5886
  0.3163
  0.5948
  0.5837
   0.609
  0.6476
  0.5203
  0.6384
   0.467
  0.5836
  0.7263
  0.6343
  0.7272
  0.8371
   1.013
  0.9516
  0.9929
  0.9621
   1.073
   1.153
  0.9628
   1.082
  0.9683
  0.9536
   1.247
   1.233
   1.399
   1.596
   1.685
   1.803
   1.747
   1.841
    1.76
   1.755
   1.828
   1.789
   1.868
   2.013
   1.954
   2.062
   2.203
   2.327
   2.273
   2.285
   2.257
   2.236
   2.131
   2.023
   1.953
   2.062
   2.031
   2.097
   1.884
   1.767
    1.54
   1.601
   1.728
   1.631
   1.706
   1.667
   1.808
   1.836
    1.89
   1.728
   1.782
   1.725
   1.716
   1.549
   1.532
   1.536
   1.459
   1.642
   1.645
   1.659
   1.584
   1.247
   0.974
   1.044
   1.124
   1.065
   1.146
   1.124
     1.1
   1.184
   1.191
   1.065
   1.051
   1.152
   1.217
   1.044
  0.7121
  0.7194
  0.8018
  0.9536
  0.9776
   1.067
   1.199
   1.389
   1.266
   1.198
   1.194
   1.105
   1.108
   1.141
  0.9329
  0.8867
  0.9091
  0.8604
  0.8272
  0.8118
  0.6339
  0.6351
  0.4617
  0.4274
   0.531
  0.5149
  0.6089
  0.5385
  0.6353
  0.7313
    0.81
   0.757
  0.6682
  0.6763
  0.8341
  0.9134
  0.9403
   1.114
   1.346
   1.268
   1.349
   1.359
   1.415
   1.401
     1.4
   1.574
   1.645
   1.647
    1.64
   1.718
   1.914
   1.982
   2.135
   2.048
   2.058
   2.008
   2.084
   1.989
       2
   1.925
   1.874
   1.755
   1.761
   1.794
   2.157
   2.282
   2.387
   2.372
   2.371
   2.256
   2.277
   2.203
    2.26
   2.408
   2.509
   2.442
   2.556
   2.517
   2.671
   2.887
   2.931
   2.996
   2.965
    3.03
   3.182
   3.139
   3.162
   3.145
     3.2
   3.338
   3.494
   3.536
    3.67
   3.635
   3.613
   3.483
    3.63
   3.604
   3.484
   3.555
   3.505
    3.52
   3.561
   3.672
   3.784
   3.925
   3.997
   4.143
   4.302
    4.18
   4.204
   4.375
    4.26
   4.261
   4.264
   4.312
   4.202
   4.309
   4.114
   4.287
   4.142
   4.086
   3.806
   3.911
   3.748
   3.775
   3.779
   3.612
    3.59
   3.432
   3.381
   3.395
   3.443
   3.555
   3.402
   3.195
   2.957
   2.953
   2.941
   3.014
   3.081
   2.836
   2.861
   2.876
    2.63
   2.719
    2.71
   2.779
   2.538
   2.719
   2.739
   2.824
   2.985
   3.008
    2.88
   2.808
   2.731
   2.708
    2.63
   2.503
   2.385
   2.364
   2.413
   2.426
    2.61
   2.454
   2.326
   2.265
   2.342
   2.453
   2.321
   2.255
   2.163
   2.058
   2.213
   2.182
    2.38
   2.385
   2.644
   2.818
   2.818
   2.773
    2.59
   2.702
   2.546
   2.495
   2.509
   2.392
   2.473
   2.346
   2.246
   2.244
   2.363
   2.268
   2.101
   2.204
   2.222
    2.17
   2.113
   1.926
   1.839
   1.676
   1.606
   1.608
   1.561
   1.595
   1.645
   1.584
   1.541
   1.381
   1.475
    1.49
   1.439
   1.505
   1.488
   1.454
   1.479
   1.513
   1.244
   1.301
   1.153
   1.159
   1.026
   1.168
   1.035
   1.029
  0.9536
  0.6779
  0.7393
  0.6607
  0.7231
   0.663
  0.7179
  0.8632
    0.74
  0.7408
  0.9642
   1.255
   1.355
   1.508
   1.394
   1.392
   1.421
   1.336
   1.358
   1.279
   1.229
   1.249
   1.164
   1.152
   1.313
    1.25
   1.137
   1.256
   1.231
   1.067
   0.924
  0.8235
  0.7661
  0.7926
   0.925
  0.8965
  0.8211
  0.7489
   1.031
   1.405
   1.139
   1.144
   1.039
   1.091
   1.054
   1.198
   1.348
   1.336
   1.403
   1.638
   1.701
   1.803
   1.714
    1.67
   1.672
   1.601
   1.812
   1.878
   1.928
   1.905
   2.099
    2.24
    2.19
   2.293
   2.449
   2.163
   2.259
   2.151
   2.299
   2.269
   2.328
   2.441
   2.375
   2.478
   2.554
   2.511
     2.5
    2.42
   2.492
   2.555
   2.646
   2.685
   2.884
    2.89
   2.919
   2.823
   2.904
   2.828
   3.118
   3.095
   3.007
   3.188
   3.145
   3.114
   3.053
   3.062
    3.25
   3.154
   3.267
   3.343
   3.151
   3.237
   3.045
   3.103
     3.1
   3.038
   3.022
   3.003
   2.882
   2.704
   2.778
   2.708
   2.686
   2.619
   2.698
   2.878
    3.13
   3.016
   3.083
   2.963
   3.043
   3.079
   2.998
   2.952
   2.905
   2.995
   3.094
   2.912
     2.9
   2.808
   2.667
   2.686
   2.585
   2.477
   2.516
   2.726
   2.704
   2.692
   2.516
   2.404
   2.329
   2.411
   2.424
   2.463
   2.549
   2.622
   2.509
   2.552
   2.576
     2.7
   2.782
   2.907
   2.825
   2.737
   2.719
   2.655
   2.619
   2.528
   2.253
   2.108
   2.139
   2.097
   2.105
   2.013
   1.721
   1.323
   1.019
   1.137
   1.023
   1.034
     1.1
   1.099
   1.168
   1.079
    0.86
  0.7437
  0.7022
  0.5623
  0.6329
  0.7053
  0.6937
  0.5952
  0.6007
  0.4846
  0.5865
  0.7102
  0.6293
  0.6835
   0.607
   0.723
  0.7133
  0.6025
  0.6846
  0.3624
  0.4043
  0.4919
  0.5868
  0.4093
  0.4633
  0.5245
  0.4292
  0.5119
  0.6603
  0.7081
  0.7156
  0.6484
  0.5986
  0.4201
  0.4658
  0.5427
  0.6618
  0.5899
  0.7207
  0.9219
   1.053
    1.07
   1.215
   1.106
   1.191
   1.336
   1.405
   1.352
   1.196
   1.113
   1.094
   1.391
    1.57
   1.574
   1.624
   1.698
     1.8
   1.744
   2.008
   1.998
   1.848
   1.898
   1.718
   1.805
   1.747
   1.751
   1.764
    1.85
   1.701
   1.669
   1.519
   1.634
   1.825
   1.869
   1.824
   1.897
   1.774
   1.808
   1.848
   2.026
   1.864
   1.763
   2.018
   2.069
   2.092
   1.846
   1.904
   1.741
   1.808
   1.817
   1.667
   1.615
   1.437
   1.293
   1.311
   1.363
    1.37
   1.209
   1.181
  0.9498
  0.9237
  0.8956
  0.8366
  0.9984
  0.9252
  0.8173
   0.638
  0.6706
  0.6316
  0.6757
  0.7332
   0.946
  0.6713
  0.6608
  0.6172
  0.5509
  0.6845
  0.8758
  0.7815
  0.8372
  0.8235
  0.9469
    1.07
  0.9207
  0.7754
  0.7835
  0.7645
  0.9068
  0.9695
  0.8492
  0.8837
  0.8271
  0.6137
  0.6051
  0.8027
  0.7803
  0.9925
   1.242
   1.149
    1.12
   1.035
  0.8592
  0.9635
   1.005
    1.05
  0.9689
  0.9306
   0.911
   0.898
  0.9959
  0.7424
  0.5163
  0.5327
  0.5004
  0.5221
  0.5984
  0.5534
  0.6585
  0.6125
  0.6357
  0.4797
  0.3325
   0.329
  0.3973
  0.3153
    0.17
 0.08324
 0.05013
  0.1323
  -0.197
  0.1149
-0.01345
  0.1788
   0.419
  0.2825
  0.4589
  0.5082
  0.3786
  0.4711
  0.7399
  0.8783
  0.7273
  0.7483
  0.7098
  0.7909
  0.8654
  0.7797
   0.824
   1.174
   1.174
   1.131
   1.039
  0.9735
  0.8293
  0.8831
  0.8304
  0.7674
  0.8045
  0.7475
  0.7744
  0.7811
  0.7931
  0.9969
    1.02
   1.035
   1.036
   1.214
   1.372
   1.429
    1.58
   1.577
   1.776
   1.969
   1.791
    1.67
   1.599
     1.7
   1.763
   1.852
   2.063
   2.176
   2.311
   2.283
   2.218
   2.267
   2.497
   2.439
   2.401
   2.398
   2.471
   2.567
   2.628
   2.605
   2.726
   2.922
   2.977
   2.948
   3.004
   2.903
   2.901
    2.83
    2.97
   2.911
   2.835
   2.789
   2.646
   2.733
   2.727
   2.723
   2.694
    2.67
   2.657
   2.789
   2.674
   2.606
   2.757
   2.814
   2.799
   2.924
    2.72
   2.854
   3.012
   2.941
   2.969
   2.993
   3.058
   3.228
    3.29
   3.513
   3.591
   3.591
   3.846
   3.586
    3.56
   3.602
   3.637
   3.617
   3.773
   3.854
   4.127
   4.041
   4.222
   4.541
   4.571
   4.525
   4.473
    4.56
   4.651
   4.669
   4.862
   5.054
   5.155
   5.113
   5.408
   5.392
   5.531
   5.404
   5.429
   5.603
   5.799
   5.962
   6.125
   6.282
   6.287
   6.192
   6.132
   6.115
   6.088
   6.148
   5.996
   5.892
   5.841
   5.735
   5.726
    5.58
   5.666
   5.554
    5.58
   5.527
   5.619
   5.667
   5.627
   5.621
   5.401
   5.299
   5.209
   5.239
   5.161
   4.935
   4.914
   4.818
   4.715
   4.636
   4.598
   4.659
   4.608
    4.54
   4.599
   4.622
   4.649
   4.533
   4.469
   4.408
   4.269
   4.129
   3.989
   3.759
   3.792
   3.833
   3.901
   3.712
   3.599
   3.342
    3.04
   2.934
   2.739
   2.698
   2.469
   2.291
   2.064
   2.137
   1.974
   1.897
   2.166
   2.094
   1.813
   1.722
   1.737
   1.912
   2.012
   1.652
   1.499
   1.395
   1.257
  0.9658
  0.6682
   0.511
  0.3858
  0.2904
 0.06313
 0.002499
 -0.1921
 -0.4469
 -0.6016
 -0.9579
 -0.9254
 -0.9973
  -1.192
  -1.194
   -1.42
  -1.453
  -1.604
  -1.569
  -1.565
  -1.741
  -1.765
   -1.93
  -2.009
  -2.028
   -2.12
  -2.105
   -2.03
  -1.943
  -2.313
  -2.329
   -2.33
  -2.483
  -2.419
   -2.26
  -2.351
  -2.506
  -2.427
  -2.412
  -2.663
  -2.613
  -2.827
  -2.912
  -2.785
   -2.66
  -2.563
  -2.621
  -2.581
  -2.715
  -2.813
  -2.804
  -2.679
  -2.616
   -2.38
  -2.424
  -2.298
  -2.163
  -2.174
  -2.099
  -1.919
  -2.022
  -2.108
  -2.218
  -2.536
  -2.325
  -2.122
  -1.981
  -1.905
  -1.742
  -1.637
  -1.517
  -1.288
  -1.279
  -1.408
  -1.312
  -1.057
 -0.9086
 -0.8858
  -0.924
 -0.9792
 -0.9964
 -0.9091
 -0.9019
 -0.9034
 -0.8246
 -0.5868
 -0.4935
 -0.5814
 -0.4379
 -0.5009
 -0.5975
 -0.4485
 -0.5849
 -0.2826
 -0.1024
 0.09685
 0.09445
  0.2123
   0.191
  0.2416
  0.2537
  0.7447
  0.7372
  0.7728
  0.9284
  0.9384
   1.045
   1.215
   1.103
   1.186
   1.349
   1.378
   1.541
    1.49
    1.68
    1.76
   1.792
   1.924
   1.822
   1.703
   1.759
   1.759
   1.774
   1.891
    1.87
   1.824
    1.81
   1.809
   1.866
   1.822
   1.763
   1.614
   1.637
   1.739
   1.774
    1.67
   1.627
   1.765
   1.755
   1.799
   1.904
   2.061
   1.847
   1.811
   1.533
   1.382
   1.298
   1.221
    1.16
  0.8819
   1.075
   1.316
   1.366
   1.213
   1.145
   1.329
   1.043
  0.9372
   1.106
   1.078
   1.017
    0.82
  0.9458
   0.898
    1.21
    1.37
    1.34
   1.478
   1.507
   1.545
   1.588
   1.631
   1.488
   1.341
   1.241
    1.24
    1.18
   1.194
   1.018
   1.124
   1.179
    1.19
   1.216
    1.22
   1.015
   0.801
   0.799
  0.8168
  0.6734
  0.6656
  0.7503
  0.5771
   0.741
  0.5573
  0.6064
  0.5861
  0.6531
    0.51
  0.2682
  0.2161
  0.4529
  0.3498
   0.474
  0.2726
  0.3298
  0.3611
  0.5196
  0.6406
  0.5091
  0.3312
  0.5435
   0.424
  0.3753
  0.3779
  0.4736
  0.4903
  0.4261
   0.444
  0.3117
  0.2794
  0.4489
  0.5384
  0.3935
   0.266
  0.4421
   0.724
  0.7288
  0.7356
  0.6735
  0.6675
   0.865
  0.8218
  0.8811
  0.9867
  0.7649
  0.7822
  0.7642
  0.7428
  0.7429
  0.8022
  0.6253
  0.5447
  0.5282
  0.5018
  0.4786
  0.4684
   0.332
   0.287
  0.3673
  0.2924
  0.2591
  0.3037
  0.2857
  0.2027
  0.4421
  0.2993
  0.3573
  0.1931
 -0.1467
 -0.3231
 -0.1614
 -0.2783
  -0.391
 -0.2717
 -0.3904
 -0.3588
 -0.2836
 -0.1194
-0.09181
-0.05939
-0.06323
 0.07012
   0.185
  0.2162
  0.2284
  0.1376
 0.06595
   0.065
  0.1199
-0.04987
 -0.1034
  0.1689
  0.1033
 0.09431
 -0.1629
 -0.1542
 -0.1047
 -0.1602
 -0.2122
 -0.3644
 -0.4224
 -0.3988
 -0.2557
 -0.1432
 -0.1913
 -0.2965
 -0.3553
 -0.4193
 -0.4485
 -0.5227
 -0.4989
 -0.5197
 -0.4855
  -0.586
 -0.6844
 -0.6144
 -0.8541
 -0.6488
 -0.5447
 -0.7389
 -0.6924
 -0.5918
 -0.6252
 -0.6695
 -0.5195
 -0.5209
 -0.4246
 -0.3219
 -0.2674
 -0.1925
 -0.1315
 -0.1414
 0.008864
  0.1261
  0.2197
 0.006606
 -0.2402
 -0.1846
-0.09229
-0.08621
-0.07284
 -0.1174
 -0.1452
 -0.4039
 -0.4044
  -0.419
 -0.4112
 -0.3112
 -0.2926
 -0.3605
 -0.4068
 -0.2776
 -0.2067
-0.008113
-0.01434
  0.0565
 0.04846
-0.004664
 0.08981
-0.02474
 0.06598
-0.06319
 0.09345
-0.07712
-0.09133
 -0.1217
  -0.143
 -0.2292
-0.06819
 -0.2051
-0.01733
  0.2215
    0.36
  0.2219
    0.19
  0.1143
  0.2935
 0.04784
  0.1803
  0.1785
  0.4126
  0.5112
  0.5233
  0.6047
  0.9128
  0.8654
   1.189
   1.453
   1.323
    1.38
   1.502
   1.589
   1.629
   1.517
   1.719
   1.464
   1.548
   1.511
   1.734
   1.713
   1.811
   1.688
   1.781
   1.823
    1.74
   1.775
   1.736
   1.622
   1.726
   1.691
   1.699
    1.81
   1.982
   1.998
   1.957
   1.995
   2.117
   2.046
   1.915
   2.101
   2.377
   2.293
   2.292
   2.319
   2.454
   2.464
   2.278
   2.686
   2.801
   2.697
   2.766
   2.673
   2.786
   2.926
   2.817
   2.893
   2.892
   2.908
   2.866
   2.712
     2.8
   2.774
   2.606
   2.707
   2.564
   2.371
   2.481
   2.398
   2.483
   2.406
   2.265
   2.185
   2.245
   2.178
   2.227
   2.065
   2.136
   1.862
   1.929
   1.861
    1.77
   1.764
   1.709
    1.47
   1.265
    1.25
   1.133
   1.004
   1.047
   1.063
  0.9877
  0.8907
  0.9877
  0.9602
  0.9148
  0.6979
  0.7984
  0.6027
  0.8292
  0.4723
  0.4195
  0.5387
  0.6893
  0.6784
  0.3739
  0.4845
  0.3723
  0.3808
  0.4927
  0.7362
  0.8069
  0.8575
  0.8962
  0.8218
  0.6651
  0.5955
  0.5052
  0.5832
  0.5834
  0.4856
  0.3297
  0.4344
  0.3691
  0.4254
  0.5148
   0.516
  0.5434
  0.4928
  0.4614
  0.8264
   1.088
   1.069
  0.8935
  0.8877
  0.8234
  0.8619
  0.7706
  0.7012
  0.6522
   0.658
  0.5158
  0.4864
  0.4841
  0.3954
  0.2872
  0.3938
  0.3962
  0.4125
  0.5234
  0.7512
  0.7661
   0.695
  0.7278
  0.6941
  0.6556
  0.8543
   0.912
  0.8495
  0.8425
  0.9083
  0.8473
  0.7118
  0.5912
  0.5417
  0.5489
  0.6461
  0.6511
  0.7877
   1.085
   0.933
  0.9159
   1.057
   0.829
  0.8423
  0.7543
  0.9024
  0.8588
  0.8376
  0.8819
    1.07
   1.186
   1.374
   1.281
   1.107
    1.13
    1.14
   1.215
   1.363
   1.454
   1.569
   1.559
   1.779
   1.804
   1.909
   1.869
   1.808
   1.618
   1.427
   1.181
   1.325
   1.352
   1.354
   1.407
   1.495
   1.666
   1.601
   1.494
   1.679
    1.56
   1.387
   1.347
   1.267
   1.159
   1.376
   1.429
   1.507
   1.585
   1.552
   1.573
   1.606
   1.639
   1.692
   1.466
    1.35
   1.124
   1.066
   1.011
   1.113
   1.051
   1.022
  0.7552
  0.7902
  0.7427
  0.9345
  0.8973
  0.8535
  0.8114
  0.6229
  0.6996
  0.7583
  0.8555
   1.123
   1.199
   1.157
   1.067
  0.9411
   1.026
   1.126
    1.16
   1.093
   1.081
   1.062
   1.137
   1.016
   1.019
  0.9917
   1.073
   1.337
   1.371
   1.611
   1.533
   1.654
    1.62
   1.602
   1.579
   1.407
   1.331
   1.482
   1.427
   1.443
    1.59
   1.622
   1.532
    1.66
   1.619
   1.608
   1.424
   1.148
   1.128
   1.028
   0.944
    1.01
  0.8958
   0.835
  0.7255
  0.5279
  0.5523
  0.5023
  0.5442
  0.4567
  0.3437
  0.4641
  0.5324
  0.5404
  0.5911
  0.5428
  0.6463
   0.426
  0.4406
  0.3501
  0.4934
  0.2856
   0.297
  0.3317
  0.1742
 0.09739
  0.3072
  0.1875
  0.1861
  0.1947
 0.07609
-0.002508
 0.01544
-0.02952
  0.1404
-0.06637
  0.0298
  0.1633
  0.3641
  0.4552
  0.4301
  0.5582
  0.5559
  0.8579
  0.6547
  0.8697
  0.7762
  0.5415
  0.5491
  0.4417
  0.4521
  0.6087
   0.611
  0.8688
  0.6343
   0.634
  0.6959
  0.6401
    0.85
  0.7334
  0.7677
  0.7301
  0.6495
  0.7303
  0.7954
  0.8755
  0.7947
  0.8121
   0.785
  0.7892
  0.8468
  0.9766
   1.018
   0.887
  0.8824
  0.9813
  0.9476
   1.062
   1.261
   1.599
   1.369
   1.484
   1.429
   1.641
   1.835
   1.834
   1.875
   1.879
   1.809
   1.952
   1.888
   1.858
   2.097
   2.206
   2.196
   2.117
   2.153
   2.027
   1.915
   2.092
    2.25
   2.379
   2.407
   2.349
   2.248
   2.384
    2.46
   2.535
   2.548
   2.574
   2.592
   2.465
   2.499
   2.578
   2.721
   2.867
   3.034
   3.008
   3.159
    3.14
   2.878
   2.943
   3.009
   2.973
   2.945
   3.123
   3.111
   3.308
   3.485
   3.487
   3.458
   3.571
   3.633
   3.709
   3.874
   3.983
   3.907
    3.98
   4.064
   4.046
   4.006
   3.855
    3.67
   3.825
   3.683
   3.804
   3.909
   3.755
   3.602
   3.578
   3.529
   3.482
   3.362
    3.34
   3.562
   3.532
   3.389
   3.378
   3.413
   3.458
   3.553
   3.456
    3.49
   3.418
   3.509
   3.536
   3.483
   3.391
   3.311
    3.13
    3.06
   3.007
   2.993
   2.985
   2.894
   2.743
   2.716
   2.562
   2.393
    2.46
   2.368
   2.354
   2.395
    2.44
   2.286
    2.14
   2.236
   1.994
   1.939
   1.869
   1.999
   1.931
   1.862
   1.785
   1.564
   1.435
   1.375
   1.404
   1.396
   1.352
   1.265
   1.259
    1.28
    1.25
    1.36
   1.437
   1.484
   1.445
   1.436
   1.496
   1.483
   1.641
   1.579
    1.25
   1.147
   1.178
   1.127
  0.8484
  0.9242
   1.048
   1.102
   1.234
   1.263
   1.031
  0.9165
  0.8043
  0.7809
   0.732
  0.7917
    0.77
  0.8135
  0.9197
  0.9762
  0.9542
  0.8945
  0.9388
  0.9569
   1.121
   1.141
   1.097
  0.9702
    1.03
   1.021
  0.9988
   1.008
   0.848
  0.8688
  0.6387
  0.5904
  0.5876
  0.4576
  0.4617
  0.6394
  0.7009
  0.5707
   0.495
  0.3788
  0.2417
  0.3427
  0.1514
  0.1357
 0.09637
-0.06935
-0.03482
 -0.1434
-0.09107
  -0.354
 -0.2954
 -0.4381
  -0.298
  -0.309
 -0.4099
 -0.4231
 -0.5295
 -0.5642
 -0.4017
 -0.2982
 -0.2498
 -0.3946
 -0.5162
 -0.5517
 -0.5801
 -0.4697
  -0.491
 -0.5308
 -0.6599
 -0.5802
 -0.5945
 -0.6953
 -0.7789
 -0.7354
 -0.7748
 -0.6972
 -0.4731
 -0.4309
 -0.2418
 0.02158
  0.2067
 0.09536
  0.1011
   0.271
   0.392
   0.399
  0.5069
   0.637
  0.7007
  0.7005
  0.9753
   1.082
   1.289
   1.402
   1.453
   1.253
   1.313
    1.31
   1.582
   1.523
   1.306
   1.309
     1.3
   1.383
    1.37
   1.539
   1.464
   1.448
   1.536
     1.5
   1.547
   1.785
    1.81
   1.796
   1.807
   1.663
   1.645
   1.476
   1.463
   1.542
   1.516
   1.398
   1.418
   1.408
    1.37
   1.327
   1.422
   1.584
   1.354
   1.478
   1.697
    1.88
   1.923
   1.902
   2.022
   1.848
   1.937
   1.841
   1.935
   1.876
   1.862
   1.937
   1.852
   2.086
    2.15
   2.151
   2.393
   2.398
   2.275
   2.237
   2.096
   2.128
   2.143
   2.171
   2.205
   2.264
   2.219
   2.314
    2.31
   2.367
   2.529
   2.398
   2.429
    2.25
   2.207
   2.172
   2.073
   2.128
    2.03
   2.136
   2.108
   2.102
   2.065
   1.994
   1.768
   2.153
   2.243
    2.36
    2.56
   2.629
    2.59
   2.607
   2.534
   2.612
    2.61
   2.467
   2.492
    2.47
   2.527
   2.575
   2.828
   2.643
   2.527
   2.401
   2.341
   2.485
   2.409
   2.561
   2.773
   2.761
   2.608
   2.745
   2.796
   2.741
   2.571
   2.441
   2.442
   2.409
    2.43
   2.438
   2.512
    2.42
   2.404
   2.435
   2.279
   2.337
   2.345
   2.256
   2.158
   2.195
    2.46
   2.413
   2.479
   2.203
   2.113
    2.09
   2.022
   2.014
   1.824
   1.557
   1.365
   1.378
   1.247
   1.409
   1.491
   1.426
   1.351
    1.33
   1.107
   1.088
    1.24
   1.275
    1.39
   1.527
   1.611
   1.401
   1.338
   1.357
   1.655
   1.728
   1.656
   1.647
   1.475
   1.453
   1.353
   1.308
   1.351
    1.32
   1.411
   1.381
   1.421
   1.381
    1.23
   1.074
  0.9204
  0.8762
  0.7402
  0.6853
  0.6718
  0.7957
  0.7124
  0.9472
  0.9529
   1.251
   1.176
   1.329
    1.46
   1.324
   1.311
   1.523
   1.509
   1.558
   1.543
    1.66
    1.71
   1.929
    1.89
   1.896
   2.072
   2.024
   2.214
    2.33
   2.433
   2.618
   2.461
   2.544
   2.581
   2.744
   2.956
   2.894
   2.725
   2.991
   3.166
   3.173
   3.053
   3.159
   3.087
   2.961
   2.925
   3.175
   3.205
   3.326
   3.325
   3.314
   3.304
   3.384
   3.471
   3.477
   3.309
   3.251
   3.309
   3.515
   3.551
   3.771
   3.943
   3.831
   3.708
   3.545
    3.76
    3.84
   3.847
   3.944
   3.892
   3.841
   3.802
   3.679
   3.677
   3.789
   3.696
   3.602
   3.651
   3.625
   3.427
   3.339
   3.434
    3.38
    3.22
   3.007
   3.022
   2.944
   3.134
   2.955
   3.044
   3.091
   3.128
   3.209
   3.115
   3.126
   3.142
   2.919
   2.973
   2.975
   3.033
    3.13
    3.29
   3.335
   3.416
   3.231
   3.116
   3.208
     3.4
   3.285
   3.118
   3.065
   2.911
   2.822
   2.669
    2.58
    2.57
   2.397
   2.256
   1.968
   1.872
   2.029
   1.917
   1.747
   1.818
   2.002
   1.939
   1.825
   1.592
   1.545
    1.58
   1.729
   1.625
    1.63
    1.62
   1.609
    1.59
   1.454
   1.476
   1.355
   1.454
   1.394
   1.103
   1.203
    1.06
   1.164
   1.158
   1.366
   1.197
   1.065
  0.9853
   1.009
   1.075
   1.199
   1.318
   1.349
   1.487
   1.272
   1.225
   1.328
    1.31
   1.367
   1.442
   1.327
   1.471
   1.407
   1.359
    1.51
   1.436
   1.398
   1.277
   1.215
   1.216
   1.392
   1.344
   1.373
   1.498
   1.347
   1.206
   1.441
   1.652
   1.622
   1.591
   1.624
   1.767
   1.798
   1.657
   1.812
    1.88
   1.738
   1.852
   1.772
   1.814
   1.817
   1.687
   1.429
     1.6
   1.365
   1.263
    1.27
   1.307
   1.247
   1.061
   1.093
  0.7265
  0.6418
  0.7242
  0.5932
  0.6635
  0.7344
  0.6222
  0.7108
  0.8179
   0.751
   0.682
  0.6479
  0.6011
  0.5622
  0.4276
  0.2438
  0.1536
  0.1445
  0.1711
  0.2309
  0.3135
  0.2912
  0.1975
  0.2687
  0.2553
  0.2625
  0.4852
  0.5518
  0.5068
  0.3857
  0.4138
   0.592
  0.4977
  0.4847
  0.7461
  0.8678
  0.7202
  0.7563
  0.8025
  0.8043
  0.7906
   0.901
  0.9969
  0.9243
  0.8049
    1.01
   1.099
   1.217
   1.208
   1.238
   1.244
   1.055
   1.127
   1.273
    1.27
   1.286
   1.017
   1.033
   1.136
   1.334
   1.322
   1.316
    1.24
   1.278
   1.141
  0.9687
   1.043
  0.8195
   0.816
  0.7658
   0.873
  0.8395
   0.648
  0.4394
  0.3876
  0.4676
  0.5319
  0.5835
   0.621
  0.5725
  0.6222
   0.665
  0.6153
  0.6123
   0.691
  0.6856
  0.4719
   0.304
   0.375
  0.2718
  0.2561
  0.4622
  0.5274
  0.5346
   0.464
  0.3784
  0.3225
  0.5006
   0.542
  0.6054
  0.6122
  0.7446
  0.8875
  0.9058
    0.85
  0.8593
  0.8753
  0.7389
  0.7897
    1.04
  0.8879
   1.094
    1.06
  0.9843
  0.9574
  0.9488
   1.186
   1.244
   1.321
   1.429
   1.464
   1.562
   1.555
   1.554
   1.572
   1.333
   1.303
   1.094
   1.017
   1.068
   1.151
   1.316
   1.444
    1.41
   1.397
   1.419
   1.241
    1.16
  0.9738
   1.234
   1.381
   1.268
   1.272
   1.367
   1.296
   1.465
   1.175
   0.945
  0.9919
   1.111
     1.2
   1.178
   1.133
   1.142
   1.065
   1.132
   1.115
   1.241
     1.3
   1.302
    1.55
   1.449
   1.358
   1.369
   1.291
   1.469
   1.688
   1.731
   1.766
   1.813
   1.913
   1.946
    1.88
    1.78
   1.988
   2.101
   2.163
    2.24
   2.258
   2.224
    2.11
    2.08
   2.215
   2.196
   2.309
    2.38
   2.288
   2.029
   2.116
   2.046
     1.9
   1.781
   1.878
   1.802
   1.809
   1.891
   1.872
   1.912
   1.986
   2.111
   2.049
    1.95
   1.856
   1.879
   1.751
   1.689
   1.659
   1.635
   1.549
   1.443
   1.367
   1.352
    1.21
   1.187
   1.066
   1.164
  0.9769
   1.007
  0.8855
  0.6572
  0.6545
  0.7727
   0.732
  0.7228
  0.5386
  0.3966
  0.2105
  0.1918
  0.1464
  0.1234
  0.1417
  0.1016
 6.432e-005
  -0.216
 -0.1969
 -0.1687
 -0.2115
-0.09808
 -0.2488
 -0.3011
 -0.4705
 -0.3592
 -0.4709
  -0.663
 -0.6096
 -0.8379
 -0.8653
 -0.9927
 -0.9951
 -0.8819
 -0.9745
  -1.004
 -0.9637
 -0.7829
 -0.6974
 -0.5016
 -0.4886
 -0.5596
 -0.6144
 -0.7698
 -0.9448
 -0.8761
 -0.9434
 -0.9592
 -0.9956
  -1.072
 -0.9026
  -1.016
  -1.127
  -1.165
  -1.304
  -1.227
  -1.069
  -0.957
  -1.103
  -1.223
  -1.244
  -1.224
   -1.25
  -1.367
  -1.008
  -1.011
  -1.063
  -1.024
 -0.9712
 -0.7432
 -0.6569
 -0.5875
 -0.2634
  -0.262
  -0.119
 -0.1222
 0.02674
  0.3486
  0.4998
  0.3836
  0.3675
  0.3589
  0.4205
  0.2902
  0.3372
  0.5761
  0.5111
  0.4952
  0.5268
  0.7476
  0.7159
  0.6763
  0.7669
   1.016
  0.7873
  0.8747
   0.583
  0.6174
  0.6527
  0.7746
  0.8119
  0.8406
  0.6905
  0.6427
  0.7139
  0.8168
  0.9955
  0.9475
  0.9654
   1.114
   1.093
   1.076
   1.059
   1.067
   1.196
    1.13
   1.142
   1.071
   1.166
   1.329
   1.435
   1.413
   1.441
   1.494
   1.434
   1.458
   1.421
   1.647
   1.842
   1.993
   1.996
   2.125
   1.905
   1.893
   1.964
   2.081
   2.176
   2.225
   2.358
    2.53
    2.63
     2.3
   2.289
   2.431
   2.701
   2.826
   2.969
   3.208
   3.302
   3.291
   3.531
    3.52
   3.647
   3.602
   3.811
   4.147
   4.069
   4.013
   3.794
   3.769
   3.854
   3.881
   4.038
    3.99
   4.094
   4.265
   4.261
   4.182
   4.073
   4.043
   3.701
   3.674
   3.807
   3.909
   4.145
   4.087
   4.022
   4.079
   4.044
   4.207
   4.132
   4.098
   4.116
   4.038
   4.122
   3.996
   4.133
   4.124
    4.24
   4.279
   4.285
   4.093
   4.066
   4.091
   4.065
   4.124
   4.172
   4.157
   4.186
   4.272
   4.105
   4.044
   3.944
   3.846
   3.794
   3.704
   3.536
   3.519
   3.576
   3.864
   3.909
   3.818
   3.798
   3.582
   3.439
   3.429
   3.437
   3.352
   3.273
   3.291
    3.26
   3.043
   2.986
   2.814
   2.895
   2.895
   2.903
   2.905
   2.709
   2.884
   2.836
   2.869
   2.708
   2.604
   2.389
   2.559
   2.536
   2.377
   2.323
   2.341
   2.177
   2.103
   2.134
   2.083
   1.923
   1.934
   1.984
   2.086
   2.098
   2.096
   2.037
   1.964
   1.872
   1.964
    1.89
   2.031
   1.819
   1.633
   1.627
   1.498
   1.292
   1.217
   1.071
    0.91
  0.7364
  0.6354
  0.5722
  0.4692
  0.3277
  0.3301
  0.2682
   0.283
  0.3742
   0.235
  0.2181
  0.2307
  0.1017
  0.1502
  0.2264
  0.2192
  0.1654
 0.03266
 -0.1435
-0.01435
 -0.1578
 -0.2533
 -0.1466
 -0.2428
 -0.2578
 -0.4393
 -0.7457
 -0.8286
 -0.9686
  -1.014
 -0.9991
  -0.967
 -0.9399
 -0.8701
   -0.98
  -0.899
 -0.9048
  -0.941
  -1.042
  -1.004
  -1.174
  -1.193
  -1.034
  -1.035
 -0.8914
 -0.7421
 -0.6932
 -0.3686
 -0.5253
 -0.6074
 -0.6883
  -0.635
 -0.6818
 -0.8635
 -0.7708
 -0.7923
 -0.6855
  -0.664
 -0.6022
 -0.6475
 -0.8272
 -0.7358
 -0.7123
 -0.5844
 -0.3813
 -0.4952
   -0.43
 -0.4155
 -0.3274
 -0.1305
 -0.3303
 -0.2218
 -0.1284
  -0.133
 0.03122
  0.2704
  0.4275
  0.4997
   0.429
  0.5379
  0.3336
  0.1838
  0.1615
  0.1117
  0.2068
  0.4143
   0.532
  0.6439
  0.7749
   0.667
  0.8028
  0.8963
  0.6638
  0.8921
    1.15
   1.147
   1.076
   1.227
   1.177
   1.588
   1.596
    1.51
   1.663
   1.602
    1.72
    1.83
   2.029
   2.082
   2.208
   2.236
   2.181
    2.33
   2.312
   2.365
   2.438
   2.511
   2.319
   2.471
   2.452
   2.621
   2.803
   2.821
   2.614
   2.632
   2.721
   2.646
   2.632
   2.649
   2.735
   2.632
   2.633
   2.423
   2.465
   2.521
   2.504
   2.362
   2.595
   2.476
   2.436
    2.48
   2.421
    2.41
   2.281
   2.337
   2.345
   2.401
   2.462
   2.407
   2.693
   2.752
   2.721
   2.796
   2.755
   2.715
   2.527
   2.532
   2.357
   2.331
   2.352
   2.459
   2.372
   2.365
   2.402
   2.658
   2.669
   2.609
    2.43
   2.484
   2.767
   2.758
   2.719
   2.601
    2.58
   2.588
   2.898
   2.789
   2.772
   2.726
   3.026
   3.022
   3.257
   3.519
   3.388
   3.437
   3.474
   3.504
   3.406
    3.24
   3.173
   3.066
   2.839
   2.934
   2.949
   2.784
   2.804
   2.785
    2.96
   2.933
   3.058
   3.313
   3.442
   3.557
   3.578
   3.655
   3.582
   3.602
   3.569
   3.443
   3.473
   3.434
   3.483
    3.13
   2.855
   2.931
    2.92
   2.862
   2.945
   2.811
    2.65
   2.646
   2.637
   2.506
   2.522
   2.626
   2.368
   2.194
   2.278
   2.283
   2.341
   2.339
   2.238
   2.285
   2.036
   1.732
   1.565
   1.342
   1.286
   1.303
    1.04
   0.826
  0.8553
  0.7925
  0.4955
  0.6507
  0.7423
  0.6916
  0.4913
  0.6255
  0.4715
  0.4248
  0.3332
  0.3868
  0.2912
  0.3321
  0.1937
  0.2311
  0.1399
  0.0515
  0.3385
  0.3881
  0.5203
  0.4764
  0.5433
  0.4939
  0.5949
  0.6893
  0.5693
   0.698
  0.8001
  0.4899
  0.4211
  0.4744
  0.7526
  0.6995
  0.5564
  0.5099
  0.4605
  0.5816
  0.5852
  0.5151
  0.6505
  0.5849
  0.5727
  0.5245
   0.692
  0.6974
  0.7227
  0.7111
  0.5669
  0.6353
  0.7361
  0.8254
  0.9014
   1.079
   1.101
   1.027
  0.8962
  0.7712
  0.7291
  0.6878
   0.838
   0.911
  0.9421
  0.9384
    1.01
   1.119
    1.27
   1.389
   1.668
   1.768
   1.783
   1.983
   2.137
    2.06
   2.151
   2.416
   2.407
   2.534
   2.617
   2.449
   2.565
   2.758
   2.944
   3.022
   2.935
   3.132
   3.026
   2.975
       3
   2.901
   3.003
   3.057
   3.193
   3.297
   3.249
   3.193
   3.205
    3.13
   3.306
   3.586
   3.823
   3.705
   3.649
   3.603
   3.404
   3.498
   3.436
   3.428
   3.341
   3.163
   2.977
   2.802
   2.916
   3.034
   2.917
   3.014
   3.043
   3.007
   2.921
   2.755
   2.673
   2.668
   2.821
   2.891
   3.029
   2.901
   2.927
   2.977
   2.908
   2.929
   2.671
   2.529
   2.559
    2.59
   2.534
   2.524
    2.46
    2.28
   2.204
   2.338
   2.388
   2.271
   2.452
   2.349
   2.274
   2.228
   2.233
   2.277
   2.249
   2.427
   2.462
   2.685
   2.622
   2.719
   2.683
    2.59
   2.666
   2.716
   2.649
   2.773
   2.912
   2.998
   2.961
   2.769
   2.688
   2.566
   2.459
   2.291
   2.411
   2.482
   2.502
   2.655
   2.625
   2.962
   3.116
   3.223
   3.474
    3.44
   3.144
   3.199
   3.326
   3.348
   3.236
   3.203
   2.992
   2.848
   3.111
   3.042
   2.846
   2.903
   2.913
   2.933
   3.014
   3.036
   3.104
   3.201
   3.212
   3.109
   3.255
    3.47
   3.357
   3.479
    3.52
   3.633
   3.545
   3.523
   3.428
   3.421
   3.617
   3.454
   3.448
   3.787
   3.874
   4.105
   4.128
   4.025
   4.157
   4.085
   3.959
   4.052
    3.87
   3.843
   3.878
   3.888
   3.813
   3.792
    3.73
   3.637
    3.78
   3.773
   3.832
   3.781
   3.628
   3.618
   3.654
   3.631
   3.636
   3.677
   3.546
   3.256
   3.206
   3.316
   3.341
   3.205
   3.085
   3.029
   2.911
    2.93
   2.832
    2.88
   2.938
   2.805
   2.928
   2.878
   2.585
   2.262
   2.246
   2.002
   1.891
   1.941
   1.967
   2.187
   2.077
   2.169
   2.077
   2.307
    2.39
   2.435
   2.271
   2.271
   2.248
   2.207
   2.287
   2.243
   2.171
    1.95
   1.862
   1.897
   1.914
   2.026
   2.064
   2.124
   2.176
   2.076
   2.252
   2.249
   2.243
   2.289
   2.405
   2.415
   2.416
   2.221
   2.414
   2.609
   2.674
   2.427
    2.47
   2.399
   2.452
   2.684
   2.565
   2.487
   2.426
   2.275
   1.948
   1.889
   1.907
   2.149
   2.094
   2.093
   2.071
   1.833
    1.57
   1.622
   1.322
   1.182
   1.265
   1.259
   1.152
   1.044
   1.035
   1.103
  0.9286
  0.8629
  0.7332
  0.6443
  0.6586
  0.5049
  0.5937
  0.4592
  0.3723
  0.5476
  0.5835
  0.5512
  0.5079
  0.4666
  0.2452
-0.08555
 -0.2199
  -0.173
  -0.393
 -0.5803
 -0.6912
  -0.576
 -0.4878
 -0.4511
 -0.5143
 -0.4212
 -0.5315
 -0.3158
 -0.6393
 -0.6411
 -0.5572
 -0.5168
 -0.3619
 -0.4419
 -0.2498
 -0.3754
 -0.2829
 -0.2745
 -0.3496
 -0.5449
 -0.7059
 -0.8247
 -0.6876
 -0.7941
 -0.7627
 -0.7048
 -0.4606
 -0.7054
 -0.7523
  -1.002
 -0.9987
 -0.9159
  -0.881
 -0.7773
 -0.6831
 -0.7393
 -0.8424
 -0.7413
 -0.7417
  -0.887
 -0.9289
  -0.796
 -0.6131
 -0.4868
 -0.5447
 -0.6902
 -0.6129
 -0.3571
 -0.1985
 -0.1996
 -0.1842
 -0.3062
 -0.2132
 -0.3242
 -0.1496
 -0.1216
 -0.1007
  0.1055
  0.1886
  0.4152
   0.378
  0.6224
  0.7313
  0.5175
  0.4526
  0.4464
   0.438
  0.6144
  0.6687
  0.8164
  0.8055
  0.7503
  0.6694
  0.7606
     0.6
  0.5659
  0.6244
  0.7381
   0.874
   1.127
   1.102
   1.062
   1.129
   1.168
   1.286
   1.446
    1.36
   1.411
   1.376
   1.427
   1.593
   1.705
   1.728
   1.729
   1.534
   1.492
   1.675
   1.787
   1.797
    1.93
   1.994
    1.96
   2.114
   2.212
   2.193
    2.07
   2.014
    2.14
   2.021
   2.293
   2.216
   2.298
   2.205
   2.219
   2.355
   2.311
   2.182
   2.253
   2.297
   2.171
   2.221
   2.203
   2.315
   2.558
   2.523
    2.48
   2.336
   2.389
   2.382
   2.419
    2.43
    2.62
   2.545
   2.839
   2.869
    2.88
   2.964
   3.291
   3.276
   3.185
   3.264
   3.317
   3.154
   3.129
   3.125
   3.044
   3.159
    3.15
    3.14
    3.11
   3.011
   3.014
   3.061
    3.07
   3.094
   3.065
    2.96
    2.89
   2.868
   2.867
   2.807
   2.702
   2.868
   2.879
   2.855
   2.819
   2.887
   2.851
   2.851
   2.999
   3.153
   3.408
   3.504
   3.476
   3.534
   3.864
   4.042
   3.868
   3.931
   4.028
   4.205
   4.277
   4.422
   4.469
   4.598
   4.833
   4.702
   4.577
   4.307
    4.27
   4.322
    4.28
   4.222
   4.152
   4.132
   4.236
   4.205
   4.142
   4.101
   3.913
   3.914
   3.977
   4.111
    3.95
   4.054
   4.057
   4.127
   4.241
   4.127
   4.082
   3.962
   3.512
   3.417
   3.519
   3.293
   3.141
   3.193
   3.163
   3.209
     3.1
   3.087
   3.234
   3.217
   3.087
   3.096
   3.059
   3.125
   3.026
   3.126
   3.038
   3.007
   2.926
   3.097
   2.997
   3.041
   2.849
   2.855
   2.826
   2.826
   2.741
   2.593
   2.575
   2.685
   2.745
   2.749
   2.692
   2.562
   2.396
   2.184
    2.25
   2.203
   2.317
   2.191
   2.506
   2.326
   2.288
   2.145
   2.184
   1.936
   1.936
   1.804
     1.9
   1.575
   1.309
   1.303
   1.302
   1.019
  0.8934
  0.7515
  0.7893
  0.8603
  0.7765
   0.641
  0.5024
  0.6132
  0.9092
   1.069
  0.9188
   1.054
  0.9558
   0.948
  0.8204
  0.8103
  0.7582
  0.7894
   0.662
  0.3271
  0.2896
  0.2685
  0.3893
  0.3598
  0.2595
  0.5116
  0.5323
  0.5525
   0.652
  0.5836
  0.5807
  0.6519
  0.6455
   0.524
  0.4509
  0.4297
  0.3772
  0.3133
  0.4477
  0.5346
  0.3137
  0.2084
  0.1551
 0.09469
 0.08118
 -0.1128
 0.09184
 0.05742
 -0.1084
  -0.368
 -0.4995
 -0.3626
 -0.3338
  -0.299
  -0.261
 -0.1664
 -0.3019
 -0.3498
 -0.1929
 -0.2883
 -0.2957
 -0.1668
 -0.1097
  -0.135
 -0.2266
 -0.3094
 -0.3947
 -0.3013
 -0.2783
 -0.3357
 -0.2296
 -0.1125
 -0.0444
-0.05323
 -0.1388
 -0.1665
 -0.1786
-0.08981
-0.09684
-0.07563
  -0.147
  -0.169
 -0.1317
  -0.294
 -0.4088
 -0.4881
 -0.4437
  -0.409
  -0.509
 -0.4977
  -0.316
 -0.2687
 -0.2037
 -0.3273
 -0.2127
  0.0398
  0.0974
  0.2397
   0.261
  0.2845
  0.5593
  0.7369
  0.7374
  0.7332
  0.9758
   1.174
   1.175
   1.491
   1.502
   1.617
    1.61
   1.674
   1.799
   1.658
   1.799
   1.826
   1.939
   1.818
   1.639
   1.606
   1.877
   1.781
   1.895
   1.917
   1.776
   1.814
   1.716
   1.698
   1.649
     1.7
    1.75
   1.751
   2.068
   2.204
   2.156
   2.101
    2.18
   2.181
   2.211
   2.394
   2.287
   2.214
   2.355
   2.415
    2.42
   2.319
    2.45
    2.46
   2.488
   2.623
   2.766
   2.668
   2.937
   2.997
   3.221
   3.264
   3.195
   3.279
   3.235
   3.309
    3.48
   3.692
   3.793
   3.902
   3.853
   4.003
   4.066
   4.191
     4.2
   4.381
   4.308
   4.285
   4.311
   4.176
   4.111
   4.031
   3.919
    4.11
   4.062
   4.058
   4.037
   4.108
     4.2
   4.219
   4.226
   4.278
    4.09
   4.116
   3.821
   3.952
   4.224
   4.303
   4.236
   4.144
   4.115
   4.125
   4.082
   4.006
   4.022
   3.982
   4.153
   4.153
   4.052
   4.244
   4.301
   4.309
   4.282
    4.06
   4.106
   4.127
   3.987
   3.975
   3.949
   3.876
   3.694
   3.755
    3.64
   3.515
   3.333
   3.379
   3.544
   3.718
   3.606
    3.71
   3.551
   3.595
   3.438
   3.518
   3.481
   3.347
   3.362
   3.201
   3.193
   3.274
   3.336
   3.386
   3.191
   3.387
   3.419
   3.345
   3.477
   3.566
   3.487
   3.611
   3.493
   3.355
    3.38
   3.395
   3.391
   3.265
   3.308
   3.258
       3
   3.061
   2.951
   2.962
   2.661
   2.623
   2.573
   2.503
   2.456
    2.37
   2.431
   2.567
   2.517
   2.436
   2.467
   2.418
   2.323
   2.181
   2.349
   2.339
   2.335
   1.991
   2.138
   2.035
   1.913
   1.936
   2.097
   2.047
   2.068
   2.037
   2.131
   2.085
   1.999
   1.945
    1.98
   1.949
   1.767
   1.988
   2.064
   1.996
   2.008
   1.873
   1.981
   2.105
   2.357
    2.53
   2.761
   2.792
   2.963
   2.606
    2.43
   2.537
   2.528
   2.596
   2.774
    2.75
   2.752
   2.784
   2.525
   2.546
   2.651
   2.524
   2.462
   2.392
   2.179
   2.173
    1.95
   1.984
   1.726
    1.72
   1.811
   1.808
   1.588
   1.642
   1.602
   1.678
   1.673
   1.397
   1.644
   1.678
   1.397
   1.464
   1.389
   1.245
   1.447
   1.478
   1.464
   1.279
   1.269
   1.304
   1.206
    1.13
   1.159
   1.088
   1.136
   1.516
   1.804
    1.94
   2.015
   2.066
   2.127
   2.299
   2.411
   2.406
   2.322
   2.212
    2.18
   2.019
   2.228
   2.324
   2.255
   2.237
   2.219
   2.126
   2.181
   2.267
   2.313
   2.366
   2.381
    2.51
   2.533
   2.475
   2.708
   2.681
   2.786
   2.892
   2.807
   2.809
   2.699
   2.827
   2.943
    2.77
   2.774
   2.836
   2.751
   2.735
   2.687
   2.795
   2.654
   2.506
   2.547
   2.525
   2.315
   2.577
   2.331
   2.096
   2.243
   2.278
   2.349
   2.155
   2.135
   1.924
   1.911
   2.108
   2.082
   2.076
   2.025
   1.933
   2.019
   1.947
   1.893
   1.743
   1.715
   1.775
    1.58
   1.585
   1.475
   1.439
   1.469
   1.532
   1.399
    1.45
   1.321
   1.269
   1.222
   1.331
   1.194
   1.193
   1.093
   1.122
   1.022
  0.9279
  0.9349
   1.121
   1.165
   1.216
   1.191
   1.156
   1.323
   1.156
  0.9607
  0.7739
  0.6751
  0.7347
  0.6891
  0.7432
  0.5731
  0.6637
  0.5131
  0.6206
  0.5444
  0.7048
  0.7303
  0.6912
  0.7447
  0.5836
  0.5612
  0.6272
   0.677
  0.8818
  0.8459
   0.754
  0.7175
  0.6772
  0.6934
   0.767
  0.5335
  0.6039
  0.7878
  0.8499
   0.745
  0.6661
  0.6602
  0.5498
   0.485
  0.3092
  0.2183
  0.2913
  0.4555
  0.6142
  0.8695
  0.9049
  0.8843
  0.7426
  0.8524
  0.5533
  0.5224
  0.4353
  0.4853
  0.3997
  0.3286
  0.2119
  0.1522
  0.3688
  0.2888
  0.4142
  0.1579
  0.4279
  0.2177
   0.162
  0.2617
 0.08439
  0.2669
  0.2391
  0.2386
  0.1363
 -0.0101
 0.09345
  0.2155
-0.04453
-0.02281
   0.172
  0.1557
 0.04027
  0.2242
  0.2217
   0.222
    0.14
 0.04989
  0.3047
   0.251
  0.1961
  0.2643
  0.2397
 0.03159
  0.2098
  0.1616
  0.1912
  0.3257
  0.2778
 0.05653
 0.09473
  0.1515
 0.03801
 0.004706
  0.1216
 0.01445
  0.1944
  0.2969
  0.3921
  0.4299
  0.6018
  0.7561
  0.7595
  0.8629
  0.8356
  0.7811
  0.8762
   0.809
  0.7097
  0.6109
  0.5142
  0.3987
  0.4051
  0.4367
  0.5259
  0.6746
  0.6557
  0.6752
  0.6305
  0.6522
  0.5921
  0.5146
  0.6403
  0.4807
  0.6129
  0.7121
  0.6385
  0.6764
  0.9152
  0.8851
   0.967
  0.9607
  0.9815
  0.9641
  0.9265
   1.206
    1.27
   1.381
   1.553
   1.667
   1.729
   1.645
   1.844
   1.801
    1.77
   1.406
   1.548
   1.619
   1.739
   1.857
   1.795
   1.998
   2.051
   2.111
   2.185
   2.271
   2.292
   2.454
   2.667
   2.654
   2.576
   2.572
   2.611
    2.68
   2.558
   2.731
    2.57
   2.519
   2.847
   2.801
   2.705
   2.725
   2.854
   2.926
   3.107
   3.018
   3.124
   3.282
   3.231
   3.347
   3.439
   3.429
   3.473
   3.635
   3.424
   3.363
    3.19
   3.153
   3.095
   3.095
   3.003
   2.903
   2.833
    2.95
   2.817
   2.904
   2.854
   2.854
   2.836
   2.849
   2.782
   2.896
   2.988
    3.06
   3.034
   3.118
   3.217
    3.28
   3.351
   3.427
   3.497
    3.62
   3.769
   3.815
   3.776
   3.595
   3.521
   3.544
   3.659
    3.56
   3.481
    3.58
    3.76
   3.493
   3.363
   3.328
    3.28
   3.163
   3.076
   3.125
   3.197
   3.255
   3.229
   2.944
   2.862
   2.699
   2.643
   2.578
   2.568
   2.367
   2.416
   2.455
   2.461
   2.427
   2.419
   2.423
   2.515
   2.292
   2.138
   1.919
   1.892
   1.839
   1.701
   1.476
   1.662
   1.529
   1.516
   1.443
    1.25
   1.185
  0.8476
  0.8664
  0.8069
  0.6927
  0.7095
   0.759
  0.6194
  0.2248
  0.2612
  0.2956
-0.03657
   0.146
  0.3296
  0.3394
  0.5349
  0.7363
  0.6641
  0.7846
  0.8141
  0.7539
  0.9154
  0.9184
  0.9252
  0.7576
  0.8146
  0.8424
  0.7604
  0.7627
  0.6417
  0.6347
  0.7318
  0.5899
  0.4775
  0.4868
  0.6517
  0.3637
  0.4212
  0.3471
  0.1429
 0.001562
 -0.1387
 -0.1808
 -0.4088
 -0.3319
 -0.6424
 -0.7725
 -0.8741
  -0.895
 -0.7605
  -1.003
  -1.227
  -1.273
  -1.356
   -1.44
  -1.487
    -1.5
  -1.562
  -1.727
  -1.813
  -2.039
  -2.061
  -2.229
   -2.17
  -2.118
  -2.165
  -2.173
  -2.262
  -2.371
  -2.428
  -2.588
  -2.426
  -2.395
  -2.413
   -2.32
  -2.315
   -2.53
  -2.744
  -2.546
  -2.607
  -2.657
    -2.8
  -2.615
  -2.527
  -2.613
  -2.658
  -2.571
  -2.804
  -2.628
  -2.547
  -2.579
  -2.599
  -2.327
  -2.285
  -2.212
  -2.029
  -2.032
  -2.039
  -2.051
  -1.938
  -2.046
  -1.999
  -2.072
   -1.99
  -1.903
  -1.826
  -1.751
  -1.764
  -1.696
  -1.907
   -2.03
  -1.744
  -1.819
  -1.697
  -1.608
  -1.597
  -1.371
  -1.215
 -0.8729
   -0.61
 -0.4169
 -0.1914
-0.05277
 0.01583
  0.2088
  0.3075
  0.4487
  0.7837
  0.8716
   1.126
   1.209
   1.308
   1.526
   1.495
   1.514
   1.545
   1.658
   1.713
   1.947
   2.038
    2.25
   2.353
   2.319
   2.267
   2.062
   1.978
   2.003
   2.025
    2.03
   2.012
   1.933
    2.05
   2.028
   2.256
   2.301
   2.339
   2.359
   2.506
   2.749
   2.608
   2.469
   2.489
   2.368
   2.433
   2.496
   2.823
   2.819
   2.892
   3.091
   3.152
    3.17
   3.367
   3.244
   3.502
   3.642
   3.765
   3.891
   4.138
   4.162
   4.289
   4.259
   4.329
   4.436
   4.772
   4.929
   4.948
   5.162
   5.256
    5.36
   5.271
   5.304
   5.254
   5.331
   5.018
   5.174
   5.416
   5.653
   5.662
   5.729
   5.831
   5.754
   6.017
   5.812
   5.756
   5.765
   5.725
   5.816
   5.723
   5.654
   5.689
   5.576
   5.325
   5.486
   5.579
   5.532
    5.51
   5.441
   5.454
   5.419
   5.273
   5.165
   5.005
    4.87
   4.873
    4.85
   4.645
   4.631
   4.459
    4.52
   4.549
   4.285
   4.133
   4.326
   4.321
   4.197
   4.181
    3.95
   3.737
   3.831
   3.824
   3.552
   3.365
   3.311
   3.346
   3.057
   3.141
   2.884
   2.686
    2.56
   2.574
   2.634
   2.543
    2.56
   2.681
   2.713
    2.75
   2.461
   2.301
   2.207
   2.307
   2.332
   2.318
   2.267
   2.258
   2.228
   2.064
   1.958
   1.841
   1.645
   1.573
   1.636
   1.411
   1.438
    1.35
   1.437
   1.557
   1.705
    1.73
   1.708
   1.831
   1.835
   1.584
   1.363
   1.186
   1.157
   1.246
   1.146
   1.226
   1.118
   1.299
    1.15
   1.109
   1.037
   1.263
   1.223
   1.056
  0.8846
  0.8074
  0.6911
   0.631
  0.6394
  0.7234
  0.6707
  0.4025
  0.4723
  0.4398
  0.3781
  0.3557
  0.3757
  0.2992
  0.0419
 0.06533
 0.08923
 -0.3046
 -0.2167
 -0.1485
-0.01649
 0.03235
  0.1455
 0.08876
 -0.1456
 -0.3749
 -0.3183
 -0.4726
 -0.3915
 -0.4425
 -0.4763
 -0.2477
 -0.1739
 -0.3167
 -0.4033
 -0.1799
 -0.3814
 -0.2728
  -0.382
 -0.5879
  -0.485
 -0.4134
 -0.2562
 -0.4526
 -0.4164
 -0.2632
 -0.3042
  -0.128
 -0.1942
 -0.0473
  0.1332
  0.1255
  0.1787
  0.2071
   0.219
 0.08513
  0.1212
 0.08725
  0.1806
  0.3062
  0.2845
  0.3187
   0.606
  0.5567
  0.3087
  0.2294
 0.09824
 0.05802
  0.2623
  0.1773
 0.08444
  0.1428
  0.2318
  0.2721
  0.3555
  0.3124
  0.5888
  0.7915
  0.7064
  0.8924
   0.971
    1.09
   1.092
   1.246
   1.347
    1.32
   1.328
   1.374
   1.244
   1.201
   1.222
   1.344
   1.348
   1.235
   1.251
   1.255
   1.443
   1.478
   1.633
   1.482
   1.414
   1.632
   1.753
   1.847
   1.999
   1.982
     1.9
   1.862
   1.933
   1.877
   1.747
   1.608
    1.67
    1.82
    1.58
   1.674
   1.714
   1.633
   1.587
   1.716
   1.736
   1.702
   1.761
    1.85
   1.856
   1.946
   1.907
   2.015
   2.016
    2.18
   2.234
   2.212
   2.361
   2.253
   2.107
   2.078
   2.145
   2.138
   2.118
   2.053
   2.092
   2.116
   2.195
   2.206
   2.371
   2.229
   2.272
   2.253
   2.175
   2.272
    2.08
   2.018
   2.137
   2.213
   2.198
   2.256
   2.127
   2.057
   2.198
    2.31
   2.319
   2.254
   2.391
   2.349
   2.434
   2.591
   2.479
    2.76
   2.748
   2.778
   2.583
   2.548
   2.462
   2.406
   2.273
     2.3
   2.259
   2.395
   2.562
   2.473
   2.311
   2.366
   2.517
   2.354
   2.366
   2.304
   2.311
   2.391
   2.369
   2.273
    2.17
   2.228
   1.886
   1.811
   1.653
   1.729
    1.64
   1.731
   1.599
   1.457
   1.372
   1.425
   1.785
   1.989
   2.303
   2.316
    2.36
   2.376
   2.394
   2.461
   2.661
    2.65
   2.442
   2.519
   2.679
   2.576
   2.626
   2.749
   2.873
   2.793
   2.833
   2.738
   2.711
   2.776
   2.839
   2.747
   2.716
   2.886
   2.727
   2.749
   2.736
   2.655
    2.63
   2.654
   2.942
   3.225
    3.11
   3.145
   3.078
   3.097
   3.159
   3.028
     2.9
   2.853
   2.917
   2.928
   2.858
   3.109
   2.898
   2.949
   2.969
   3.138
   3.365
   3.487
   3.485
   3.519
   3.579
   3.427
   3.449
   3.622
   3.788
   3.722
   3.847
   3.897
   3.963
   4.071
   4.154
   3.941
    3.89
   3.951
   3.946
   3.838
   3.942
   3.956
   4.001
   3.968
   3.903
   3.971
   4.228
   4.344
   4.403
   4.505
   4.318
   4.214
   4.331
   4.405
   4.315
   4.412
   4.599
    4.73
   4.514
   4.637
   4.564
   4.691
   4.779
   4.605
   4.513
   4.327
   4.301
   4.379
   4.326
   4.355
   4.473
    4.53
   4.463
   4.395
   4.448
   4.345
   4.154
   4.093
   4.055
   3.867
   3.887
   3.877
   3.637
   3.481
   3.257
   3.278
   3.163
   3.059
   3.162
   3.142
   3.116
   3.093
   2.956
   2.889
   2.894
   3.142
   3.301
    3.15
   3.334
   3.172
   3.361
   3.198
   2.893
    2.82
   2.786
   2.676
   2.595
   2.317
   2.244
   2.128
   2.046
   2.081
   1.895
   1.993
   2.124
   1.965
   1.826
   1.771
   1.474
   1.437
   1.421
   1.242
   1.154
  0.9894
  0.9817
   1.077
    1.14
   1.173
   1.006
  0.8215
  0.7572
   0.654
   0.642
    0.57
   0.512
  0.3877
  0.2816
  0.1773
  0.2403
  0.4386
  0.2982
  0.4124
  0.3025
  0.2006
 0.03537
 -0.1781
 -0.1789
 -0.2474
 -0.4106
 -0.6681
 -0.6984
 -0.7483
 -0.7643
 -0.5385
 -0.6878
 -0.6514
 -0.8006
 -0.8091
 -0.9372
 -0.9446
 -0.8984
 -0.9296
  -0.923
 -0.7031
 -0.6608
 -0.7848
 -0.9063
 -0.9435
  -1.042
 -0.9579
  -1.059
 -0.9363
 -0.9048
   -0.74
 -0.6465
 -0.4958
 -0.2888
 -0.3918
 -0.3885
 -0.6004
 -0.5707
 -0.5615
 -0.7041
  -0.491
 -0.4426
 -0.2631
 -0.2481
 -0.3552
 -0.3198
 -0.2284
 -0.3072
 -0.1301
 -0.2483
 -0.2285
 0.002827
-0.03196
 0.06425
  0.1625
  0.2377
  0.4074
   0.468
  0.6517
  0.7567
  0.8391
  0.9906
   0.936
   1.103
   1.242
   1.345
   1.577
   1.706
   1.714
   1.717
   1.755
    1.93
   1.984
   2.236
   2.428
    2.37
   2.212
   2.154
   2.182
   2.305
   2.385
   2.304
   2.408
   2.496
   2.687
   2.787
   2.747
    2.82
   2.892
   2.944
   3.051
   2.899
   2.994
   3.142
    3.13
   3.107
   3.447
    3.43
   3.311
   3.464
   3.577
   3.542
   3.805
   3.617
   3.869
   3.767
   3.789
    3.84
    3.84
   3.814
   3.862
   3.739
   3.387
   3.254
   3.351
   3.462
   3.645
   3.884
   4.185
   4.065
   4.001
    3.81
   3.762
   3.629
   3.478
   3.422
   3.417
   3.351
   3.487
   3.253
   3.276
   3.206
   3.092
   3.095
   3.064
   3.016
   2.942
   2.962
   3.077
   3.133
   3.207
    3.28
   3.236
   3.159
   3.122
   3.262
    3.17
   3.325
   3.444
   3.561
   3.356
    3.41
   3.362
   3.367
   3.479
   3.487
   3.474
   3.293
   3.255
   3.203
   3.247
   3.309
    3.37
   3.424
   3.249
   3.331
   3.172
   3.158
   3.204
   3.302
   3.215
   3.145
   2.979
   3.014
   2.931
   2.914
   2.799
   2.605
   2.468
   2.351
    2.44
   2.405
   2.114
   2.021
   1.943
   1.909
   1.697
   1.523
   1.481
   1.421
    1.32
    1.11
   1.075
    1.09
   1.104
   1.002
    1.04
   1.009
  0.8269
  0.8999
  0.9661
    1.05
  0.9913
  0.8015
  0.9387
  0.9637
  0.8981
   0.962
  0.7535
  0.8582
   0.705
  0.7126
  0.7132
   0.679
  0.6734
  0.6051
  0.6166
  0.5776
  0.5438
  0.5804
  0.5996
  0.8185
  0.7432
  0.6944
  0.7564
  0.9049
   0.813
  0.7634
  0.9204
  0.7592
   0.782
  0.9746
  0.8737
  0.7887
  0.9645
  0.9501
   1.045
   1.036
   1.132
   1.179
   1.219
   1.032
  0.9233
   1.029
   0.945
  0.9173
  0.9514
   1.049
  0.8302
  0.7003
  0.8254
  0.8099
  0.7316
  0.7291
  0.6682
   0.768
  0.8684
  0.8551
  0.6832
  0.5251
  0.6005
  0.4378
  0.3245
  0.3878
  0.3464
  0.3461
  0.1392
  0.2932
  0.4156
  0.6044
  0.5716
  0.6901
  0.8226
  0.9668
  0.8623
  0.9388
  0.9115
  0.8636
  0.9316
  0.8405
  0.9719
   1.092
   1.359
   1.343
   1.262
   1.247
   1.244
   1.491
   1.652
   1.568
   1.545
   1.556
   1.826
   1.967
   2.146
   2.121
   2.337
   2.289
   2.306
   2.171
   2.006
   1.915
   2.032
   2.029
   2.107
    1.97
   2.023
   2.152
   1.997
   2.157
   2.172
   2.278
   2.477
   2.593
   2.522
    2.51
   2.567
   2.558
   2.608
   2.673
   2.723
   2.844
   2.641
   2.472
   2.335
   2.272
   2.221
   2.263
   2.255
   2.335
   2.456
   2.546
   2.668
   2.597
   2.471
   2.567
   2.476
   2.383
   2.425
   2.538
   2.678
   2.775
   2.978
   3.245
    3.32
   3.316
   3.397
   3.468
   3.491
   3.664
   3.624
   3.662
   3.718
   3.665
   3.329
     3.3
   3.331
   3.305
   3.315
   3.621
   3.401
     3.6
   3.455
   3.629
   3.472
   3.409
   3.468
   3.464
   3.497
   3.417
   3.458
   3.369
   3.342
   3.247
   3.206
   3.413
    3.25
   3.314
   3.077
   3.019
   2.967
   2.927
   3.027
   2.822
   2.864
    2.99
   3.001
   3.085
   3.163
   3.054
   3.009
   2.884
   2.839
   2.895
   2.897
   2.821
   2.711
   2.524
   2.467
   2.541
   2.399
   2.428
   2.388
   2.285
   2.446
   2.454
   2.404
   2.589
   2.586
    2.56
   2.649
   2.413
   2.314
   2.561
   2.426
   2.382
   2.334
   2.256
   2.308
    2.37
   2.546
   2.358
     2.1
   2.101
   2.075
   2.185
   2.442
   2.406
   2.418
   2.227
   2.254
   2.361
   2.271
   2.331
   2.191
   2.235
   1.984
   2.056
   2.055
   1.951
   1.798
   1.724
   1.682
   1.697
   1.601
   1.575
   1.457
   1.452
   1.333
   1.344
   1.369
   1.399
   1.463
   1.569
   1.641
   1.683
   1.802
   1.609
   1.555
   1.505
   1.561
   1.503
   1.458
    1.39
   1.421
   1.564
   1.606
   1.542
   1.528
   1.624
   1.702
   1.599
   1.642
   1.563
   1.813
   2.032
    1.99
   1.991
    1.84
   2.083
    2.09
   2.249
   2.388
   2.482
   2.558
   2.524
   2.489
   2.619
   2.869
   3.004
   2.798
   3.004
   3.056
   3.027
   2.945
   2.973
   2.838
   2.758
   2.811
   2.939
   3.015
   3.098
    3.08
   3.202
   3.186
   3.118
   3.228
   3.232
   3.201
   3.161
   3.033
   3.079
   3.045
   3.048
   3.248
   3.169
    3.23
   3.374
   3.433
   3.545
   3.642
    3.61
   3.693
    3.86
   3.925
   3.842
   3.898
    4.07
   4.087
   4.187
   3.966
   4.072
   3.834
   3.692
   3.854
    3.78
   3.752
   3.602
   3.324
   3.156
   3.203
   3.142
   3.101
   3.127
   2.818
   2.689
    2.53
   2.582
   2.466
   2.505
   2.252
    2.21
   2.256
   2.182
   2.067
   2.159
   2.115
   1.765
   1.689
   1.577
   1.605
   1.209
  0.9852
  0.5664
  0.3843
  0.4664
 0.08428
 0.02226
 -0.2173
 -0.2988
 -0.3076
 -0.3818
 -0.4555
 -0.5036
 -0.5189
 -0.4227
 -0.3525
  -0.369
 -0.3802
  -0.302
 -0.3274
-0.09833
-0.01247
  0.1251
-0.01828
 -0.1518
 -0.1586
-0.06425
 -0.1732
 -0.3683
 -0.4617
 -0.4976
 -0.5863
 -0.5991
 -0.7096
 -0.5822
 -0.4062
 -0.6359
 -0.5479
 -0.5954
 -0.6135
 -0.5264
 -0.6367
 -0.7325
 -0.4935
 -0.4815
 -0.7662
 -0.8254
 -0.9548
 -0.7567
  -0.756
 -0.8314
 -0.7781
 -0.9256
 -0.8015
 -0.9518
  -1.129
    -1.3
  -1.497
  -1.477
  -1.411
  -1.309
  -1.291
  -1.408
  -1.411
  -1.347
  -1.192
  -1.231
  -1.487
  -1.299
  -1.379
  -1.494
   -1.44
   -1.43
  -1.328
  -1.459
  -1.506
  -1.411
  -1.442
  -1.501
  -1.455
  -1.371
  -1.302
  -1.256
  -1.191
  -1.243
    -1.1
  -1.106
  -1.122
 -0.9962
 -0.9237
 -0.8558
 -0.8595
 -0.8358
 -0.6716
 -0.7389
  -0.718
 -0.4491
 -0.4107
 -0.3773
 -0.2499
 -0.2049
 -0.0936
 -0.1032
-0.05591
 -0.2051
-0.08318
 -0.0231
  0.1142
  0.3037
  0.2128
  0.2338
  0.1779
   0.393
  0.1923
  0.1183
  0.2939
   0.296
  0.3322
  0.3075
   0.307
  0.3093
   0.331
  0.4187
  0.4462
  0.4903
  0.6257
  0.7439
  0.7715
  0.8656
  0.7956
  0.7522
  0.5698
  0.5355
   0.702
  0.7823
  0.7695
  0.7484
   1.008
   1.139
   1.242
   1.125
   1.489
   1.683
   1.765
   1.746
   1.752
   2.025
   2.205
   2.323
   2.239
   2.135
   2.332
   2.398
   2.625
   2.481
   2.556
   2.666
   2.802
    3.03
   3.139
    3.24
    3.27
    3.34
   3.535
   3.666
   3.721
    3.74
   3.636
   3.583
    3.62
   3.709
   3.805
   3.829
   3.864
   3.741
   3.731
   3.683
   3.919
    3.87
   3.727
    3.69
   3.749
   3.747
   3.614
   3.773
   3.687
   3.527
   3.773
   3.877
   3.793
   3.928
    3.98
   4.062
   3.969
   3.675
   3.574
    3.39
   3.344
    3.21
   3.021
    2.98
   2.789
   2.692
   2.671
   2.392
   2.104
   1.945
   1.859
   1.554
    1.56
   1.536
   1.416
   1.429
   1.658
   1.601
   1.396
   1.479
   1.141
  0.8427
  0.7664
  0.5773
  0.4717
  0.4152
  0.5166
  0.3206
  0.3991
  0.4107
  0.3481
  0.3656
  0.1069
  0.2992
  0.1497
  0.1824
  0.2547
  0.2413
 0.06391
 -0.1836
 -0.2234
 -0.3259
 -0.3423
 -0.3481
 -0.5121
 -0.6188
 -0.7566
 -0.8336
  -0.912
 -0.9164
  -1.033
  -1.084
   -1.15
  -1.126
  -1.285
  -1.477
  -1.592
  -1.587
  -1.657
   -1.68
  -1.622
  -1.508
  -1.572
  -1.777
  -1.629
  -1.688
  -1.631
  -1.645
  -1.783
  -1.631
   -1.59
  -1.549
  -1.439
  -1.472
  -1.444
  -1.458
  -1.204
  -1.188
  -1.294
  -1.284
  -1.461
   -1.61
  -1.756
  -1.767
  -1.775
   -1.76
  -1.927
  -1.845
  -1.818
  -1.799
  -1.794
  -2.039
  -2.002
  -1.898
  -1.892
  -1.998
  -2.174
  -1.915
  -1.955
  -1.848
  -1.848
  -1.796
   -1.75
  -1.806
  -1.836
  -1.655
  -1.558
  -1.484
  -1.528
  -1.663
  -1.557
  -1.497
  -1.404
  -1.611
  -1.481
  -1.571
  -1.619
  -1.553
  -1.196
  -1.084
  -1.011
 -0.9464
 -0.9204
 -0.8864
  -1.016
 -0.9646
  -1.008
   -1.03
  -1.116
  -1.032
 -0.9764
 -0.8305
 -0.5534
 -0.1449
 -0.1893
 -0.1263
-0.04074
  0.2003
  0.2295
  0.2227
  0.5017
  0.5488
  0.7574
  0.6818
  0.8068
  0.9773
   1.066
   1.028
  0.9323
  0.9214
   1.047
   1.048
   1.242
   1.286
   1.233
   1.166
   1.319
   1.395
   1.578
   1.672
   1.762
   1.625
   1.744
   1.994
   2.074
   2.291
   2.301
   2.487
   2.628
   2.512
   2.627
   2.789
   2.698
   2.617
   2.562
   2.658
   2.607
    2.59
   2.884
   2.887
   3.209
   3.231
    3.26
   3.464
   3.363
   3.602
   3.808
   3.785
   3.825
   3.734
   3.638
   3.692
   3.509
   3.531
   3.417
   3.259
   3.035
   2.936
   2.706
   2.987
   3.103
   3.345
   3.205
   3.401
   3.561
   3.633
   3.636
   3.798
    3.96
   4.043
   4.176
   4.323
   4.107
   3.978
   3.932
   4.051
   4.059
   4.173
   4.308
   4.599
   4.623
   4.568
   4.512
   4.552
   4.632
   4.799
   4.808
   4.971
   4.932
   5.051
   5.051
   5.153
   4.868
    4.68
   4.876
   4.857
   4.785
   4.819
   4.979
   5.064
   4.967
   4.893
     4.8
   4.854
   4.861
   4.807
   4.825
    4.84
   4.822
   4.624
     4.9
   4.968
   5.065
   5.027
   4.822
   4.773
   4.584
   4.707
   4.574
   4.434
   4.382
   4.369
   4.471
   4.576
    4.65
   4.634
   4.321
   4.382
   4.218
   4.111
   3.999
   3.905
   3.783
   3.641
   3.613
   3.442
   3.178
   3.145
   3.084
   3.082
   3.021
   2.897
   2.756
   2.615
   2.607
   2.349
   2.417
   2.394
   2.372
   2.401
   2.343
    2.33
   2.352
   2.519
   2.558
   2.338
   2.285
   2.279
   2.329
   2.313
   2.262
   1.992
   2.182
   2.107
   2.159
   2.161
   2.385
   2.301
   2.151
   2.302
   2.038
   1.975
    1.86
   1.842
   1.837
   1.745
   1.764
   1.674
   1.553
   1.644
   1.472
   1.368
   1.152
   1.145
   1.169
  0.9427
  0.9837
  0.8521
  0.6099
  0.6707
  0.6354
  0.5121
  0.6142
  0.4089
  0.2763
  0.4013
  0.0563
  0.1467
 0.00436
 0.004095
 -0.1225
 -0.4035
 -0.8447
 -0.9946
  -1.198
   -1.24
  -1.615
  -1.673
  -1.723
  -1.966
  -2.152
  -2.247
  -2.271
  -2.159
  -2.367
  -2.456
   -2.66
   -2.84
  -2.761
  -2.831
  -3.065
  -3.175
  -3.067
  -3.229
   -3.31
  -3.287
  -3.455
  -3.548
  -3.471
   -3.36
  -3.346
  -3.349
  -3.382
  -3.467
  -3.317
  -3.389
   -3.44
   -3.21
  -3.246
  -3.388
  -3.381
  -3.204
  -3.328
  -3.202
  -3.171
  -3.131
  -3.116
   -3.07
  -2.993
  -2.972
  -2.968
  -3.239
  -3.323
  -3.278
  -3.246
  -3.165
  -3.232
  -3.333
  -3.211
   -3.22
  -3.157
  -2.778
  -2.689
  -2.593
  -2.306
  -2.365
  -2.254
  -2.092
  -1.973
  -1.794
  -1.943
  -1.875
  -1.748
  -1.664
  -1.554
  -1.515
  -1.349
  -1.421
  -1.427
  -1.389
  -1.403
  -1.242
   -1.14
 -0.9482
  -1.036
  -0.925
 -0.7363
 -0.6766
 -0.6026
 -0.4946
 -0.5198
 -0.2105
-0.06341
 -0.1457
  0.1089
  0.2486
  0.3615
  0.6525
  0.7214
  0.8706
    1.04
   1.161
   1.456
    1.63
   1.673
    1.87
   2.101
   2.153
   2.586
   2.538
   2.755
   2.801
   3.218
   3.503
   3.632
   3.701
    3.79
   4.014
   4.277
   4.648
   4.925
   5.048
   5.119
   5.227
    5.27
   5.468
   5.572
   5.776
   5.855
   5.913
    6.24
   6.433
   6.637
   6.622
   6.569
   6.877
   6.957
   7.009
   7.116
   7.137
   7.301
   7.314
   7.397
   7.422
   7.565
   7.551
   7.452
    7.21
   7.483
   7.856
   7.944
   8.021
   8.051
   8.292
   8.439
   8.412
   8.424
   8.401
   8.458
   8.671
   8.617
   8.704
   8.746
   8.653
   8.681
   8.565
   8.517
   8.527
   8.602
   8.481
   8.486
   8.425
   8.171
   8.219
    8.21
   8.186
   8.098
   8.069
   7.828
   7.748
   7.801
   7.547
    7.57
   7.621
   7.795
   7.646
   7.613
   7.795
    7.76
   7.607
   7.725
   7.542
   7.262
   7.178
   7.031
   6.884
   6.989
   6.885
    7.04
   7.015
   6.891
    6.86
   6.646
    6.61
   6.481
   6.495
   6.408
   6.126
    5.92
   5.854
   5.752
   5.767
   5.498
   5.242
   5.329
   5.205
   5.039
   4.964
   4.858
   4.716
   4.862
   4.846
   4.865
   4.519
   4.369
   4.194
   4.177
   4.171
   4.109
   4.152
   4.003
   3.945
   3.677
   3.587
   3.478
   3.496
    3.49
   3.352
   3.151
   2.885
   2.899
   2.906
   2.526
   2.413
   2.274
   2.213
   2.342
    2.38
   2.253
   2.308
   2.328
   2.284
   2.414
   2.371
   2.464
   2.405
    2.22
   2.015
   1.675
   1.557
   1.352
   1.214
   1.215
  0.8888
   0.883
   1.021
  0.9187
  0.9391
   0.776
  0.7592
  0.8209
  0.7399
   0.784
  0.6002
   0.546
  0.4258
  0.5357
  0.5174
  0.4874
  0.3163
  0.3585
  0.4754
  0.6389
  0.6095
  0.4853
  0.4146
  0.3489
  0.2051
  0.3451
  0.2232
  0.4316
  0.2824
  0.2949
   0.319
  0.2906
  0.3752
 0.06028
 0.05645
-0.07477
  0.1034
-0.08226
 0.05942
-0.007322
 0.09107
  0.2364
 -0.1183
 -0.2695
 -0.3953
 -0.3799
 -0.3959
 -0.4546
  -0.355
 -0.4676
 -0.3988
 -0.4604
 -0.3743
 -0.2588
  -0.079
 -0.2365
 -0.3265
 -0.3117
 -0.2689
  -0.383
 -0.5422
 -0.4844
 -0.6173
 -0.3349
 -0.3699
 -0.4622
 -0.6202
 -0.6864
 -0.7669
 -0.6605
 -0.7968
 -0.7985
 -0.7472
 -0.7546
 -0.8482
 -0.8249
 -0.8412
 -0.7986
  -0.822
  -1.087
  -1.135
 -0.8351
 -0.9327
 -0.8176
 -0.7836
 -0.8288
 -0.7177
 -0.6515
 -0.6835
 -0.6583
 -0.6526
 -0.5505
 -0.7338
 -0.7689
 -0.4811
 -0.3952
 -0.3384
 -0.1891
 -0.3027
 -0.2061
  -0.135
   -0.27
 -0.2913
-0.08247
-0.07098
  0.1062
  0.0647
  -0.211
 -0.3226
 -0.4068
 -0.3502
 -0.2224
 -0.4184
 -0.3429
 -0.1177
 -0.3004
 -0.2098
  0.1181
 0.0006217
  0.2037
   0.163
   0.321
  0.4049
  0.6303
  0.7887
  0.8441
   1.133
  0.9857
   1.013
   1.073
   1.092
   1.173
    1.15
   1.238
   1.345
    1.31
   1.697
   1.735
   1.571
   1.745
    1.88
   1.821
   1.961
   2.192
   2.132
   2.163
   2.178
   2.219
   1.998
   1.813
   1.809
   1.712
   1.767
   1.699
   1.729
   1.474
   1.328
   1.244
  0.8906
  0.9389
  0.8933
  0.9883
  0.8453
   1.093
  0.8104
  0.8292
  0.9157
  0.9195
  0.7123
  0.7475
  0.7448
  0.7066
  0.3484
  0.3455
   0.286
  0.1589
  0.1722
 0.03749
 0.03427
 0.07179
 0.01757
  -0.242
 -0.1798
 -0.2016
 -0.2371
 -0.3712
 -0.3793
 -0.4531
 -0.3793
 -0.3279
 -0.2131
 -0.2935
 -0.3881
 -0.3674
 -0.4057
 -0.4984
  -0.509
 -0.4958
 -0.7938
 -0.9304
 -0.9253
 -0.9041
 -0.8546
  -0.778
 -0.8859
  -0.901
 -0.8813
 -0.9573
 -0.8939
 -0.8033
  -1.061
  -1.094
  -1.165
   -1.12
  -1.201
  -1.218
  -1.139
   -1.09
  -1.033
 -0.9354
   -1.19
  -1.295
  -1.129
    -1.1
  -1.004
 -0.9433
 -0.9504
 -0.9461
 -0.7646
 -0.8288
 -0.9278
  -1.074
  -0.997
  -1.007
 -0.9347
 -0.8026
 -0.6173
 -0.4162
 -0.4023
 -0.3549
  -0.398
  -0.293
   -0.15
 -0.1041
-0.005454
  0.1727
  0.1999
  0.3275
  0.2399
  0.1546
  0.3187
  0.1781
  0.2875
  0.2278
  0.2453
 0.05931
  0.2081
  0.1964
  0.2553
  0.1971
   0.292
  0.3161
  0.2783
  0.3739
  0.4631
  0.5493
  0.7907
   1.141
   1.176
   1.103
   1.233
    1.21
   1.241
   1.419
   1.422
   1.395
   1.353
   1.473
    1.55
   1.532
   1.542
   1.816
   1.912
   1.976
   2.155
    2.22
   2.331
   2.352
   2.359
   2.192
   2.117
   2.099
   2.057
   2.039
   2.236
   2.265
   2.416
   2.356
   2.462
   2.688
   2.748
   2.613
   2.582
   2.628
   2.542
   2.755
   3.054
   2.916
   3.031
   3.077
   3.216
   3.293
   3.349
   3.402
   3.476
   3.564
   3.332
   3.475
   3.456
   3.655
   3.677
   3.481
   3.367
   3.492
   3.571
   3.555
   3.412
   3.334
   3.323
    3.05
   2.935
   3.066
   3.173
   3.222
   3.146
   3.084
   3.193
   3.034
   3.034
    2.93
   2.964
   2.902
   2.843
    2.96
   2.999
   2.893
   2.758
   2.839
   2.768
   2.687
   2.779
   2.884
    2.99
    2.98
   3.066
   3.007
   2.951
   2.873
   2.704
    2.79
   2.624
   2.668
   2.745
   2.786
   2.875
   2.791
   2.951
   3.093
   3.076
   3.157
   3.111
   2.991
   2.845
   2.949
   2.723
   2.653
   2.586
    2.56
    2.49
   2.402
   2.279
   2.103
   2.103
   2.079
   1.852
   1.646
   1.653
   1.432
   1.424
   1.621
   1.483
   1.156
  0.9539
  0.8921
  0.6588
  0.5821
  0.5285
  0.6111
  0.5578
  0.3264
   0.195
  0.1998
  0.3345
  0.3315
  0.4505
  0.1446
   0.113
  0.0699
-0.09942
  0.1041
-0.06882
 -0.1917
  -0.502
 -0.4778
 -0.3977
 -0.4109
 -0.5104
 -0.5342
 -0.5699
 -0.5862
 -0.7334
 -0.6166
 -0.5212
 -0.5755
 -0.7248
 -0.5614
 -0.5578
 -0.4738
 -0.4597
 -0.4703
  -0.441
 -0.5435
 -0.5549
 -0.7151
 -0.6429
 -0.6579
 -0.6922
 -0.6761
   -0.78
  -1.044
  -1.131
  -1.253
  -1.264
  -1.307
  -1.443
  -1.435
  -1.254
  -1.505
  -1.629
   -1.56
  -1.442
  -1.411
   -1.61
   -1.73
  -1.737
  -1.822
  -1.699
  -1.804
  -1.814
  -1.899
  -2.172
  -2.026
  -1.973
  -2.059
  -1.807
  -1.813
  -1.666
  -1.499
  -1.662
  -1.659
   -1.65
  -1.581
  -1.788
  -1.757
  -1.745
  -1.781
  -1.643
  -1.507
  -1.501
  -1.451
  -1.463
  -1.412
  -1.583
  -1.675
  -1.611
  -1.759
  -1.613
  -1.601
  -1.502
  -1.555
  -1.499
  -1.492
  -1.293
  -1.235
  -1.132
  -1.141
  -1.313
  -1.116
  -1.035
  -1.088
  -0.975
  -1.046
  -1.012
  -1.099
  -1.022
  -1.011
 -0.8992
 -0.7007
 -0.7379
 -0.6485
 -0.4961
 -0.6113
 -0.5228
 -0.4858
 -0.4777
  -0.473
 -0.5326
 -0.3181
 -0.1269
 0.008088
  0.1567
  0.3156
  0.4141
  0.5707
   0.702
  0.9207
   1.055
   1.024
   1.123
   1.147
   1.054
   1.291
   1.154
   1.157
    1.17
   1.198
   1.326
   1.568
   1.527
   1.408
   1.433
   1.546
   1.535
   1.761
   1.711
    2.01
   2.277
   2.529
   2.621
    2.71
   2.828
   3.026
   3.153
   2.835
   2.856
   2.983
   2.893
   2.847
   2.747
   2.847
   2.949
   2.878
   2.998
   3.046
   2.975
   3.166
   3.164
   3.109
   3.068
   3.013
   3.136
   3.102
   2.988
   2.889
   3.022
   2.985
   3.004
   2.872
   2.934
   3.101
   3.192
   3.186
   3.179
   3.349
   3.139
   3.199
   3.213
   3.443
   3.392
   3.326
   3.447
   3.294
   3.164
   3.141
   3.179
   3.117
   2.947
   2.907
   2.894
    2.89
   2.884
   2.706
   2.867
   2.752
   2.718
   2.957
   3.051
   2.996
   3.077
   3.169
   3.173
   3.091
   3.253
   3.345
   3.335
   3.285
   3.354
   3.439
     3.3
   3.278
   3.134
   3.069
   3.224
   3.323
   3.262
   3.299
   3.477
   3.565
   3.524
   3.561
   3.647
   3.678
   3.733
   3.579
   3.748
   3.798
   3.943
   3.655
   3.585
    3.65
   3.516
   3.429
   3.413
   3.363
   3.445
   3.332
   3.223
   3.253
   2.992
   3.096
   2.877
   2.909
   3.043
   3.046
   2.963
    2.87
   2.712
   2.669
   2.572
   2.655
   2.625
   2.414
   2.402
   2.534
   2.553
   2.418
   2.195
   1.855
   1.925
   1.822
   1.629
   1.565
   1.527
   1.445
   1.117
  0.9714
  0.9442
  0.9714
   1.074
  0.8331
  0.8535
  0.9095
  0.8329
  0.9844
   1.121
   1.285
   1.168
   1.216
   1.075
   1.168
   1.025
   1.008
  0.8099
   0.778
  0.7571
  0.6739
    0.67
  0.6021
  0.7261
   0.847
  0.9604
   1.075
  0.9419
  0.9865
  0.7569
  0.7296
  0.7873
  0.6013
  0.8198
  0.6784
  0.7613
  0.8535
  0.6252
  0.5254
  0.7153
  0.7801
  0.8309
  0.8113
  0.8593
  0.8582
  0.8663
  0.9511
  0.7853
  0.7372
  0.6701
  0.6521
  0.5278
  0.4858
  0.5119
  0.3263
  0.3027
  0.3334
  0.4345
  0.2421
  0.1295
  0.2208
   0.351
  0.3658
  0.2386
  0.1784
 0.05801
  0.1643
  0.2778
   0.336
  0.2603
   0.355
  0.2785
   0.164
  0.1848
 0.03558
 0.04614
-0.05451
-0.04591
 0.008463
 0.04983
  0.1653
  0.2608
     0.2
  0.1474
 0.04538
 -0.1735
  -0.269
 -0.1847
 -0.3682
 -0.4591
 -0.4751
 -0.5421
 -0.4348
 -0.5914
  -0.687
 -0.9485
 -0.8305
 -0.7531
 -0.5803
 -0.5836
  -0.525
 -0.4061
 -0.2843
 -0.1836
 -0.2793
 0.02482
 0.04605
  0.2616
  0.5312
  0.5571
  0.5343
  0.5551
  0.6156
  0.6851
  0.6796
  0.7115
  0.7521
  0.8015
  0.8609
  0.8617
  0.8051
  0.7259
   0.729
  0.7766
  0.7473
  0.7478
  0.7579
   1.022
   1.078
   1.263
   1.338
   1.514
   1.475
   1.735
   1.726
   1.858
   1.811
   1.753
   1.787
    1.75
   1.465
   1.676
   1.647
   1.786
   1.766
   1.669
   1.855
   2.062
   2.195
   2.053
   2.368
   2.477
   2.525
   2.518
   2.556
    2.52
   2.771
   2.849
   2.797
    3.04
   3.311
   3.479
    3.53
   3.764
   3.953
   3.944
   4.093
   4.272
   4.299
   4.382
   4.231
   4.189
     4.2
   4.592
   4.558
   4.604
   4.559
   4.563
   4.701
   4.888
   4.821
   4.838
   4.899
   5.175
   5.486
   5.491
     5.6
   5.625
   5.979
   6.155
   6.151
   5.981
    6.08
   6.139
   6.214
   6.293
    6.48
   6.579
   6.263
    6.49
   6.431
   6.334
   6.359
   6.246
    6.11
   6.296
   6.304
   6.244
   6.395
    6.17
   6.217
   6.043
   5.854
   5.919
    6.07
   5.971
   6.159
   6.152
   6.568
   6.497
    6.64
   6.732
   6.712
   6.523
   6.416
   6.379
   6.412
   6.326
   6.299
   6.308
   6.245
   6.064
   5.975
   5.955
   6.189
   6.188
   6.424
   6.265
   6.261
   6.426
   6.285
   5.919
   6.114
   6.088
   6.057
   6.147
   6.116
   6.123
   6.164
   6.113
   5.955
   5.882
    5.79
   5.806
   5.755
    5.75
   5.464
   5.175
   5.168
   5.274
   5.237
   5.262
    5.24
   5.446
   5.322
   5.386
   5.489
    5.35
   5.059
   5.169
   5.314
   5.467
   5.554
     5.6
   5.553
   5.447
   5.286
   5.222
   5.309
   5.103
   5.347
   5.188
   5.106
   5.068
   4.971
   5.094
   5.114
   4.972
   4.938
   5.064
    5.03
   4.991
   4.856
   4.789
   4.744
   4.598
   4.526
   4.515
   4.523
   4.232
   4.224
   4.123
   3.951
   3.798
   3.415
   3.208
   3.199
    3.23
   3.044
   2.788
    2.76
   2.682
   2.475
   2.481
   2.409
   2.494
   2.433
   2.218
   2.116
   2.068
   2.013
   1.713
   1.477
     1.2
   1.186
   1.192
   1.179
    1.01
  0.9382
    0.61
  0.4343
  0.4531
  0.3726
  0.1773
 0.04518
 0.07304
 0.04089
  0.1419
-0.04829
 -0.1281
 -0.1133
 -0.1312
 0.03346
 -0.1083
 -0.0757
 -0.1079
 0.07695
 0.01949
 -0.0354
-0.09145
 -0.2684
 -0.3263
 -0.1817
 -0.1369
 -0.2947
 -0.4047
 -0.4904
 -0.4688
 -0.4329
 -0.5562
   -0.67
  -0.696
 -0.4393
 -0.2935
 -0.3347
 -0.2034
-0.06058
  0.1763
  0.1722
   0.316
  0.3502
  0.4886
  0.4153
  0.4331
  0.3571
   0.307
  0.3471
  0.3296
  0.3744
  0.3968
  0.5947
  0.6191
    0.74
  0.7598
  0.8709
   1.012
  0.8193
  0.8736
  0.8685
  0.8026
  0.7569
  0.9135
  0.8535
  0.9398
  0.8829
   1.107
   1.145
   1.251
   1.195
    1.36
   1.474
   1.434
   1.297
    1.32
   1.267
   1.152
   1.182
   1.163
   1.201
   1.132
   1.076
   1.246
   1.602
   1.527
   1.795
    1.76
   1.821
   1.911
   1.938
   1.853
   1.934
   1.905
    1.85
   2.016
   2.095
   2.257
   2.193
   2.343
   2.262
   2.353
   2.374
   2.661
    2.62
    2.62
   2.773
   2.661
   2.898
    3.16
   3.049
   2.939
   2.883
   3.121
   3.111
   3.047
   2.943
   3.027
   3.143
   2.944
   2.945
   3.017
   2.798
   2.735
   2.628
   2.703
   2.668
   2.721
   2.834
   2.781
   2.773
   2.606
   2.717
   2.762
   2.783
   2.706
   2.805
   2.846
   2.743
   2.788
   2.683
   2.533
   2.532
   2.603
   2.712
   2.797
    2.79
    2.86
   2.965
     3.1
   3.041
   3.097
   3.227
   3.129
   3.219
   3.187
     3.3
    3.34
   3.155
   3.129
    3.14
   3.154
   2.918
   2.763
    2.92
   3.118
   3.101
   2.895
   2.842
    2.59
    2.45
   2.469
   2.375
   2.274
   2.124
   2.038
   2.039
    1.97
    1.96
   1.997
   1.912
   1.869
     1.8
   1.644
   1.752
   1.667
   1.768
   1.679
   1.456
   1.324
   1.266
   1.028
   1.091
   1.008
   1.058
   1.096
  0.9313
  0.8479
  0.7221
  0.8093
  0.7497
  0.6905
   0.643
  0.3852
  0.3977
  0.4493
  0.4545
  0.4893
  0.4394
  0.4159
  0.2141
  0.2613
 0.09379
  0.0858
 0.01223
-0.03226
 -0.1875
 -0.2521
 -0.1369
 -0.1619
 -0.3657
 -0.5113
 -0.5106
 -0.5483
 -0.7213
 -0.7944
 -0.9065
  -0.996
  -1.022
  -1.005
 -0.9575
 -0.9957
  -1.196
  -1.311
  -1.448
  -1.484
  -1.635
  -1.526
  -1.559
  -1.541
  -1.416
  -1.411
  -1.293
  -1.444
   -1.44
  -1.392
  -1.343
  -1.288
  -1.266
  -1.191
  -1.212
  -1.083
  -1.249
  -1.207
  -1.057
  -1.017
  -1.082
  -1.117
  -1.019
 -0.9787
 -0.8991
 -0.8573
  -1.081
 -0.8946
  -1.101
  -1.066
 -0.9896
 -0.8319
 -0.7933
 -0.5389
 -0.6151
 -0.4819
 -0.5634
 -0.3987
-0.05978
-0.08852
 0.07797
  0.2259
   0.313
    0.61
  0.6727
  0.7381
  0.8622
  0.9654
   1.179
  0.9981
  0.9875
   1.217
   1.231
   1.242
    1.23
    1.27
   1.195
   1.251
   1.225
   1.132
   1.086
    1.33
   1.449
   1.576
   1.573
   1.536
   1.783
   1.686
   1.913
   2.115
   2.268
   2.383
   2.313
   2.413
   2.481
   2.415
   2.563
   2.574
   2.574
   2.863
   2.957
   3.128
   3.053
    3.37
   3.444
   3.373
   3.499
   3.693
   3.794
   3.811
   3.867
   3.879
   4.043
   4.284
   4.365
   4.463
   4.659
   4.723
   4.727
    4.78
   4.616
   4.627
   4.706
   4.816
   4.946
   4.974
   4.948
   5.055
    5.31
   5.326
   5.279
   5.238
    5.33
   5.447
   5.499
   5.536
   5.649
   5.895
   5.868
    5.72
   5.501
   5.586
   5.771
   6.053
   6.076
   6.174
   5.884
   5.874
   5.981
   5.919
   5.963
       6
   5.956
   5.796
    5.84
   5.801
   5.808
   5.725
   5.476
   5.338
   5.503
    5.46
   5.479
   5.631
   5.685
   5.504
   5.488
    5.57
   5.454
   5.432
   5.271
   5.202
   5.148
   5.155
   4.952
   4.854
   4.764
   4.805
   4.662
   4.519
   4.579
   4.453
   4.492
   4.474
   4.524
   4.418
   4.389
   4.087
   3.924
   4.031
   3.933
   3.692
   3.513
   3.397
   3.437
   3.366
   3.528
   3.508
    3.58
   3.364
   3.354
   3.389
   3.247
   3.275
   3.158
   2.995
   2.975
   2.976
   2.813
   2.719
    2.67
   2.666
   2.548
   2.413
   2.331
   2.324
   2.441
   2.352
   2.409
   2.447
   2.523
   2.474
   2.556
   2.289
   2.008
   2.043
   1.905
   1.832
   1.616
   1.683
   1.513
   1.702
   1.627
   1.267
   1.325
   1.312
   1.308
   1.174
   1.015
   0.853
  0.9721
  0.9069
   1.024
  0.9239
  0.7944
  0.6355
   0.612
  0.4455
  0.3735
  0.4157
  0.4435
  0.2692
  0.2154
  0.1833
 -0.1299
 -0.3128
 -0.3535
 -0.3843
 -0.6752
 -0.7354
 -0.6623
 -0.6115
 -0.5676
 -0.4856
 -0.3113
 -0.3964
 -0.4823
 -0.6076
 -0.5836
 -0.5876
 -0.7442
 -0.7889
 -0.7579
 -0.6351
 -0.5586
  -0.659
 -0.7222
 -0.7918
 -0.6945
 -0.6097
 -0.6391
 -0.7108
 -0.8585
 -0.7848
 -0.9557
 -0.9838
  -1.019
 -0.9887
 -0.9567
 -0.6434
 -0.7954
 -0.6307
 -0.7305
 -0.7771
 -0.7114
 -0.8141
 -0.6087
 -0.6464
 -0.7727
 -0.7714
 -0.6376
  -0.741
 -0.7914
 -0.6801
  -0.713
 -0.5292
 -0.6944
 -0.7192
 -0.7996
 -0.7727
 -0.8299
 -0.8708
 -0.7816
 -0.8027
  -1.037
  -1.192
  -1.201
  -1.292
  -1.387
  -1.431
  -1.386
  -1.321
  -1.371
  -1.412
  -1.356
  -1.141
  -1.186
   -1.16
  -1.137
  -1.214
  -1.136
   -1.21
  -1.037
 -0.9334
  -1.051
   -1.16
  -1.011
  -1.066
  -1.217
   -1.29
  -1.242
  -1.159
   -1.15
  -1.294
  -1.339
  -1.304
   -1.22
  -1.245
  -1.165
  -1.159
  -1.297
  -1.206
  -1.168
    -1.3
   -1.25
  -1.316
  -1.329
  -1.325
   -1.38
  -1.397
  -1.262
   -1.19
  -1.096
  -1.108
    -1.1
 -0.9692
 -0.9724
  -1.094
  -1.023
  -1.035
  -0.683
 -0.6321
 -0.6884
 -0.4946
 -0.3743
  -0.398
 -0.2798
 -0.1646
 -0.1727
 -0.1842
 -0.1741
-0.004657
-0.07397
 0.02836
  0.4476
  0.3205
  0.3689
  0.4818
  0.5622
  0.5212
  0.4598
  0.4231
  0.7084
  0.6728
  0.7186
  0.6892
  0.8704
  0.9375
  0.9688
  0.8148
  0.9424
  0.7619
  0.7033
  0.7983
  0.8864
  0.7258
  0.7719
  0.8116
  0.9251
    1.02
   1.304
   1.203
   1.067
  0.9923
   0.883
   1.013
   0.903
  0.8652
   0.933
  0.9809
  0.7693
  0.7884
  0.6963
  0.7194
  0.7147
  0.8793
  0.9825
   1.177
   1.228
   1.347
   1.249
   1.109
   1.167
   1.115
   1.383
   1.338
   1.336
   1.295
   1.412
   1.547
   1.845
   1.813
   2.153
    2.23
   2.458
   2.519
   2.557
   2.489
   2.468
   2.567
   2.709
   2.631
   2.728
   2.875
   3.099
   3.384
     3.3
   3.395
    3.39
   3.485
    3.63
   3.564
   3.464
   3.339
   3.538
   3.624
   3.695
   3.819
   3.829
   3.918
    3.82
    3.74
   3.732
   3.797
   3.805
   3.889
   3.995
   3.683
   3.753
   3.713
   3.675
   3.726
   3.776
   3.756
   3.847
   3.859
   4.018
   4.114
   4.128
   4.105
    4.19
   3.954
   4.119
   4.106
   4.102
   3.981
   3.974
   4.019
   4.116
   4.128
   3.984
   3.951
   3.962
   3.973
   3.958
   3.839
   3.729
   3.543
   3.447
    3.54
   3.333
   3.213
    3.14
   3.424
   3.384
   3.453
     3.4
   3.548
   3.529
   3.438
   3.311
   3.329
   3.527
   3.469
   3.415
   3.527
    3.71
   3.616
   3.479
   3.314
   3.219
     3.2
   3.247
   3.243
   3.245
   3.275
   3.524
   3.442
   3.598
   3.588
   3.613
   3.846
   3.759
   3.726
   3.671
   3.544
   3.513
   3.503
   3.507
   3.603
   3.713
    3.67
    3.67
   3.884
   3.902
   3.923
   3.758
   3.754
   3.712
   3.733
   3.604
   3.691
   3.662
   3.602
   3.411
   3.445
   3.439
    3.34
   3.099
   3.123
   3.196
    3.16
   3.057
   2.961
   3.128
   3.174
   3.226
   3.073
   2.987
   2.988
   2.993
   2.775
   2.841
   2.868
    2.99
   3.025
   3.064
   3.175
   3.206
   3.128
   3.188
   3.222
   3.138
   3.283
   3.299
   3.386
   3.267
   3.104
   3.066
   3.026
   3.122
   3.022
   2.956
   2.895
   3.048
   3.049
   2.884
   2.922
   2.925
   2.858
   2.845
   2.791
   2.844
   2.852
   2.888
   2.839
   2.822
   2.737
   2.715
   2.717
   2.758
   2.828
   2.996
   2.962
   2.894
   2.697
   2.463
   2.561
   2.488
   2.407
   2.382
   2.415
   2.412
   2.253
   2.225
    2.35
   2.414
   2.532
   2.601
   2.638
   2.491
    2.42
   2.368
   2.443
   2.421
   2.348
   2.457
    2.41
   2.494
   2.444
   2.682
   2.689
   2.743
   2.785
   2.793
   2.858
   2.881
    2.67
   2.605
   2.467
   2.222
   2.203
   2.193
   2.247
    2.23
   2.205
   2.135
   1.994
   2.066
   1.863
   1.705
   1.759
   1.855
   1.578
    1.46
   1.276
   1.236
     1.3
   1.346
   1.419
   1.377
   1.118
  0.9269
  0.9527
   1.225
   1.178
   1.134
  0.9468
  0.9799
  0.9784
  0.9369
  0.9987
  0.9073
   0.828
  0.7195
  0.7517
  0.9035
   0.735
  0.6828
  0.7761
  0.5954
  0.5188
  0.4489
  0.2869
  0.3646
  0.3776
  0.4234
   0.344
  0.3144
   0.456
  0.2761
  0.2356
   0.234
  0.4569
  0.4351
  0.2651
  0.3151
  0.3469
   0.338
  0.4115
  0.3286
 0.05626
-0.006898
  0.1174
  0.3405
  0.3764
  0.3018
  0.2027
  0.2031
  0.2504
 -0.1815
 -0.3322
 -0.4779
 -0.3676
 -0.1898
 0.006478
 -0.1558
 0.004371
  0.1563
 0.05059
 0.005755
-0.06886
-0.02238
 0.01735
-0.06814
-0.04533
 -0.1061
 -0.2952
 -0.3187
 -0.2588
-0.08407
 0.05208
  0.2324
  0.4409
  0.5897
  0.8308
  0.9005
  0.8911
  0.7656
  0.8529
  0.8763
  0.9277
  0.8485
  0.8947
  0.9111
   1.162
    1.42
   1.447
   1.535
   1.559
    1.59
   1.531
   1.472
   1.498
   1.357
   1.265
   1.195
   1.043
   1.286
   1.293
   1.437
    1.51
   1.738
    1.66
   1.706
   1.692
   1.761
   1.777
   1.846
   1.723
   1.823
   1.707
   1.618
   1.595
   1.698
   1.734
    1.46
   1.202
   1.138
   1.195
   1.137
   1.593
   1.734
   1.566
   1.784
   1.727
   1.727
   1.831
   1.898
    1.88
    1.97
   1.945
   1.876
   1.831
   1.816
   1.916
   1.914
   1.866
   1.985
   1.957
   2.051
   1.946
   1.905
   1.951
   2.147
   2.257
   2.258
   2.151
   2.333
   2.288
   2.229
   2.109
   2.186
   2.156
   2.043
    2.07
   2.003
   1.934
   1.886
   1.776
   1.453
   1.481
   1.445
   1.339
   1.306
   1.355
   1.261
   1.328
   1.175
   1.237
   1.091
   1.333
   1.219
   1.223
  0.9923
  0.9122
  0.8835
  0.8059
   1.053
   1.112
   1.056
  0.9236
   0.892
  0.9183
   1.017
   1.037
   1.128
   1.179
   1.136
  0.8929
  0.9404
  0.9377
  0.9105
   1.029
   1.163
   1.391
   1.275
   1.105
   1.177
   1.227
   1.183
    1.25
   1.318
   1.327
   1.291
   1.269
   1.321
    1.26
   1.347
   1.406
   1.378
   1.299
   1.227
   1.285
   1.088
   1.154
   1.154
   1.289
   1.375
   1.683
   1.746
   1.834
   1.875
   2.202
   2.275
   2.268
   2.219
   2.293
    2.17
   2.339
   2.554
   2.485
   2.703
   2.483
    2.57
   2.569
   2.353
    2.33
   2.429
   2.475
   2.532
   2.649
   2.561
   2.547
   2.543
   2.585
   2.744
   2.705
   2.546
    2.69
   2.626
    2.65
   2.671
   2.815
   2.781
   2.766
   2.821
   3.138
   3.128
   3.121
   3.303
   3.236
   3.416
   3.419
   3.404
   3.253
    3.42
   3.422
   3.524
   3.573
   3.747
   3.934
   3.838
   3.877
   3.974
   3.892
   3.913
    3.91
   4.015
   4.115
   4.096
   4.102
   4.239
   4.187
   4.155
   3.998
   4.077
   3.901
   3.879
    3.71
   3.707
   3.803
   3.695
   3.655
   3.566
   3.593
   3.438
   3.359
   3.354
   3.278
   3.354
   3.296
   3.147
   3.065
   3.101
   3.152
   3.278
   3.265
   3.296
   3.439
   3.356
   3.189
   3.237
   3.095
    3.21
   3.082
   3.013
   2.886
   2.922
   2.795
   2.898
   2.984
   2.793
   2.828
   2.846
   2.815
   2.583
   2.579
   2.642
   2.639
   2.649
   2.696
   2.641
   2.719
   2.544
   2.324
   2.236
    2.53
   2.413
   2.488
   2.366
    2.09
   2.026
   2.068
   2.128
   1.965
   2.045
   2.039
    1.79
   1.772
    1.94
   1.975
    1.99
   2.138
   2.211
   2.256
   2.245
   2.291
   2.232
   2.049
   1.915
    1.87
   2.084
   2.269
   2.526
   2.523
   2.412
   2.161
   2.107
   2.099
   2.026
   2.056
   2.094
   2.168
   2.146
   2.151
   1.986
   2.027
   2.063
   2.038
   2.018
   2.151
   1.853
   1.717
    1.64
    1.47
   1.398
   1.355
   1.455
   1.485
   1.447
   1.354
   1.391
   1.396
   1.343
   1.152
   1.368
   1.379
   1.475
   1.404
   1.251
   1.585
   1.499
   1.682
   1.707
   1.668
   1.851
   1.744
   1.799
   1.671
   1.716
    1.73
   1.734
    1.63
   1.752
   1.892
   1.878
   1.927
   2.106
    2.15
   2.376
   2.311
   2.312
   2.324
   2.196
   2.453
   2.355
   2.512
   2.419
   2.486
   2.692
   2.657
   2.766
   2.817
   2.891
   2.845
   3.036
   3.156
   3.021
   2.922
   2.953
   3.053
   3.079
   3.019
   2.971
   3.086
   3.328
   3.468
   3.417
   3.341
   3.392
   3.293
   3.239
    3.41
   3.411
   3.544
   3.304
   3.305
   3.186
   3.212
   3.281
   3.343
   3.415
   3.261
   3.375
   3.201
     3.3
   3.208
   3.172
   3.212
   3.042
   2.967
   2.978
   2.948
   2.903
   2.923
   2.761
   2.736
   2.643
   2.572
   2.565
   2.538
   2.652
   2.473
   2.507
   2.643
   2.663
   2.656
     2.7
   2.825
   2.851
   2.927
   2.886
   2.804
   2.693
    2.66
   2.581
   2.808
     2.8
   2.697
   2.586
   2.565
    2.68
   2.811
    2.93
   3.057
   3.014
   2.992
   2.976
   2.889
   2.844
   2.649
   2.554
   2.625
   2.579
   2.486
   2.361
   2.439
   2.363
   2.307
   2.344
   2.148
   2.117
   2.102
   2.165
   2.186
   2.083
   1.988
   1.939
   1.686
   1.797
   1.921
   2.153
   2.247
   2.162
   2.018
   1.935
   1.934
   1.616
   1.678
   1.523
   1.459
   1.538
   1.331
   1.356
   1.376
   1.244
   1.114
  0.9822
  0.8455
  0.8868
  0.6726
  0.7372
  0.6504
  0.3734
   0.265
  0.1952
-0.01139
 -0.1162
 -0.1381
 -0.1453
-0.06746
 -0.2082
  -0.186
 -0.3891
 -0.4915
 -0.4265
 -0.4725
 -0.3073
  -0.432
 -0.4652
 -0.2149
-0.06047
 -0.1299
  -0.112
-0.09217
 -0.2274
 -0.4296
 -0.4954
 -0.5304
 -0.2357
 -0.3108
  -0.234
 -0.1586
 -0.3225
 -0.2493
 -0.1686
 -0.2061
 -0.1469
 -0.2185
 -0.2778
 -0.3657
 -0.3259
 -0.1264
-0.09781
  0.2063
  0.1214
  0.1221
  0.1417
  0.2953
  0.3688
  0.5003
  0.4923
  0.6366
  0.7557
  0.8821
  0.9788
  0.9456
   1.152
    1.37
   1.411
    1.55
   1.597
   1.724
   2.043
   2.008
    2.16
   2.315
   2.468
   2.582
   2.735
   2.558
   2.559
   2.395
   2.367
    2.52
   2.551
   2.719
   2.778
    2.97
   2.898
   2.978
   3.115
   3.161
   3.264
   3.473
    3.73
   3.841
   3.813
   3.976
   4.222
    4.18
    3.91
   3.872
   3.808
   3.726
   3.681
   3.548
   3.523
   3.617
   3.536
   3.461
   3.509
   3.528
   3.599
   3.573
   3.681
   3.775
   3.952
   3.856
   3.952
   4.105
   4.007
    4.04
     4.1
   3.911
   3.808
   3.844
   3.812
   3.648
   3.602
   3.339
   3.347
   3.088
   2.913
   2.851
   2.912
   3.013
       3
    2.93
   3.011
   2.783
   2.922
   3.063
    3.25
   3.364
    3.23
   3.297
   3.043
   2.859
   2.863
    2.89
   2.891
   2.719
   2.937
   2.837
   2.668
    2.58
   2.121
   2.029
   2.067
   2.051
   2.017
   1.992
    1.87
   1.905
   1.845
   1.727
   1.727
   1.617
   1.347
   1.302
  0.9853
   0.972
  0.9036
  0.8928
   1.056
  0.8619
  0.7445
  0.6351
  0.5997
  0.3307
  0.1405
 0.01801
 0.06294
  0.1925
  0.1451
  0.2093
  0.2534
 0.04538
  -0.125
 -0.4368
 -0.4727
   -0.51
 -0.5831
 -0.6571
 -0.9899
   -1.05
  -1.065
  -1.153
  -1.142
  -1.064
  -1.147
  -1.155
  -1.183
  -1.371
  -1.282
  -1.369
   -1.26
  -1.258
  -1.405
  -1.185
  -1.172
  -1.088
  -1.274
  -1.486
  -1.479
  -1.292
   -1.38
  -1.249
  -1.341
   -1.41
   -1.58
  -1.648
   -1.51
  -1.503
  -1.499
  -1.486
  -1.587
  -1.429
  -1.652
  -1.707
   -1.72
  -1.865
  -1.851
  -1.805
  -1.763
  -1.644
  -1.501
  -1.542
  -1.653
  -1.503
  -1.426
  -1.452
  -1.299
  -1.139
  -1.222
   -1.16
  -1.305
  -1.543
  -1.544
  -1.542
  -1.363
  -1.387
  -1.257
  -1.156
  -1.126
  -1.008
   -1.01
  -1.106
  -1.276
  -1.257
  -1.112
  -1.217
 -0.9979
  -1.077
  -1.044
 -0.7291
 -0.5482
 -0.5913
 -0.6336
 -0.6831
 -0.6786
 -0.6748
 -0.6235
  -0.517
 -0.2523
 -0.1821
 -0.1079
-0.02782
  0.0525
-0.01624
 0.04704
 0.02081
 0.03562
   0.134
  0.2576
  0.5533
  0.4761
  0.5158
  0.7378
  0.6221
  0.5774
  0.5713
   0.534
  0.7524
  0.8416
       1
   1.005
   1.082
  0.8963
  0.9002
  0.9359
   1.015
  0.9808
   1.079
   1.208
   1.091
    1.03
   1.116
   1.242
   1.538
   1.768
    1.88
   1.889
   1.816
   1.834
   1.968
   1.998
   2.176
   2.118
   2.215
   2.413
   2.458
   2.405
   2.398
   2.498
   2.668
   2.828
   2.823
   3.052
   3.126
   3.212
   3.198
   3.185
   2.973
   2.934
   3.042
    2.76
   2.859
    3.14
   3.258
   3.464
   3.591
   3.669
   3.704
   3.698
   3.715
   3.799
    3.95
    3.99
   4.116
   4.135
   4.168
   4.198
   4.207
   4.332
   4.637
   4.725
   4.842
   4.705
   4.766
    4.66
   4.771
    4.81
    4.86
   4.821
   4.819
   4.816
   4.958
    5.19
   5.248
   5.102
   4.899
   4.731
   4.719
   4.826
   4.683
   4.649
   4.535
   4.668
   4.625
   4.732
   4.449
   4.283
   4.301
   4.276
   4.527
   4.723
    4.57
   4.541
   4.559
   4.724
   4.747
   4.752
   4.829
   4.781
   4.708
    4.83
   4.926
   4.969
   5.001
   5.009
   4.958
   4.857
   4.841
   4.984
   4.826
   4.962
   4.817
   4.593
   4.701
   4.731
   4.522
    4.44
   4.488
   4.507
   4.553
   4.458
   4.504
   4.644
   4.492
   4.458
   4.376
   4.391
   4.295
   4.198
   4.125
   3.924
   3.665
   3.447
   3.206
   3.126
   2.991
   2.803
   2.886
    2.85
   2.652
    2.65
   2.761
   2.746
   2.816
   2.749
   2.565
   2.604
   2.517
   2.278
   2.251
   2.268
    2.15
   2.114
   2.154
   2.175
   2.239
   2.207
   2.018
   1.994
   1.675
    1.58
   1.622
   1.727
   1.642
   1.482
   1.302
   1.296
   1.451
   1.479
     1.6
   1.646
    1.55
   1.448
   1.123
   1.085
  0.9633
   1.019
   1.111
   1.181
   1.091
   1.145
   1.036
  0.9645
  0.9212
  0.9379
   1.052
   1.111
   1.225
   1.183
  0.8616
   0.777
  0.6502
  0.5243
  0.7698
  0.5829
  0.6105
  0.3723
  0.4855
  0.3612
  0.4809
  0.3099
   0.322
  0.4631
   0.453
  0.4322
  0.3669
  0.2538
  0.3082
  0.5063
  0.5232
  0.6139
   0.589
  0.6369
  0.5679
  0.5178
  0.3461
