   1.596
   1.799
   1.766
   1.528
   1.357
   1.192
   1.119
   1.113
    1.03
  0.9762
   1.026
   1.039
   1.076
  0.9288
  0.7837
  0.6355
  0.5673
  0.3901
   0.027
  0.1464
  0.2133
  0.2065
 0.06385
-0.07182
 -0.2038
 -0.1997
 -0.2747
 -0.1466
 -0.3327
 -0.3126
 -0.2832
-0.09323
 -0.1836
 -0.1322
 0.04088
 -0.1819
 -0.0364
 -0.1669
   -0.12
 -0.2511
 -0.4074
 -0.3681
 -0.6057
 -0.6347
 -0.5988
 -0.4347
 -0.5861
 -0.6398
 -0.5908
 -0.5738
 -0.5537
 -0.4932
 -0.3938
 -0.2776
 -0.1614
 -0.1174
 -0.1856
  -0.117
 -0.1197
 -0.2072
 0.05853
-0.06775
 -0.2523
 -0.1936
 -0.3494
 -0.3878
 -0.2734
 -0.3273
 -0.4231
  -0.516
 -0.3765
 -0.4853
 -0.6241
 -0.5421
 -0.6197
 -0.5461
  -0.455
  -0.378
 -0.3429
   -0.33
 -0.2727
 -0.2216
 -0.2189
 -0.2498
 -0.1924
 -0.1504
 -0.2367
 -0.1194
-0.007844
  0.1458
  0.2758
  0.3858
  0.3953
  0.4232
  0.5431
  0.6783
  0.7645
  0.7841
  0.8097
  0.8695
   1.017
   1.297
   1.359
    1.48
   1.601
   1.883
   2.122
   1.915
   2.052
   2.059
    2.06
   2.125
   2.096
   2.189
   2.137
   2.412
    2.14
   2.288
   2.594
   2.776
   2.972
   2.915
    2.78
   2.883
   3.107
   3.298
   3.262
   3.373
   3.484
   3.439
   3.412
    3.39
    3.39
   3.372
   3.438
   3.429
   3.429
   3.614
   3.671
   3.953
   3.805
   3.847
   3.928
   4.153
   4.263
   4.093
   3.958
   4.266
   4.382
   4.412
   4.339
   4.241
   4.065
   3.951
   4.091
   4.213
   4.314
     4.2
   4.158
   4.354
   4.366
   4.334
   4.284
   4.333
   4.394
   4.387
   4.397
   4.447
   4.354
   4.333
   4.152
   4.164
   4.351
   4.234
   4.315
   4.289
   4.142
    4.21
   4.228
   4.106
   3.854
   3.711
    3.52
   3.435
   3.274
    3.16
   3.226
   3.279
   3.198
    2.94
   2.971
   2.601
   2.515
   2.295
   2.138
   2.001
   1.905
   1.878
   1.948
   1.814
   1.679
   1.484
   1.354
   1.249
   1.162
  0.9773
  0.8723
  0.7587
  0.5509
  0.4654
  0.3602
   0.104
 0.05939
 0.03426
 -0.3475
 -0.5695
  -0.759
 -0.7438
  -0.695
 -0.8634
  -0.973
  -1.061
  -1.111
  -1.183
  -1.306
  -1.402
   -1.57
  -1.599
  -1.763
  -1.887
  -1.943
  -2.063
  -2.116
  -2.271
  -2.335
  -2.421
  -2.473
  -2.311
  -2.363
   -2.46
  -2.376
  -2.245
  -2.447
  -2.324
  -2.487
  -2.679
  -2.769
  -2.817
  -2.766
  -2.812
  -3.019
  -3.044
   -3.02
  -2.943
  -2.761
  -2.837
  -2.824
  -2.966
  -3.279
  -3.107
  -3.162
  -3.378
  -3.577
  -3.557
    -3.5
  -3.608
  -3.412
  -3.333
  -3.166
  -3.089
  -3.217
  -3.078
  -3.191
   -3.17
  -3.182
   -3.27
  -3.445
   -3.38
  -3.277
  -3.272
  -3.129
  -3.098
  -3.103
  -3.301
  -3.379
  -3.216
  -3.196
  -3.189
  -3.012
  -2.936
  -2.882
  -2.895
  -2.793
  -2.818
  -2.878
  -2.736
  -2.871
   -2.87
  -2.886
  -2.866
  -2.734
  -2.596
   -2.63
  -2.713
  -2.728
    -2.8
   -2.66
   -2.59
  -2.466
  -2.273
  -2.207
  -2.069
  -1.813
  -1.928
  -1.909
  -1.806
  -1.758
  -1.655
  -1.495
  -1.384
  -1.352
  -1.317
  -1.071
  -1.101
  -1.059
  -1.121
  -1.087
   -1.25
   -1.03
  -1.075
  -1.243
  -1.308
  -1.178
  -1.058
  -1.057
  -1.068
 -0.9812
  -1.215
  -1.126
  -1.169
  -1.313
  -1.169
  -1.318
  -1.454
   -1.14
   -1.06
 -0.8541
 -0.7559
 -0.5873
 -0.5862
 -0.3354
 -0.6039
 -0.5073
  -0.483
 -0.3468
 -0.1491
 -0.1076
  0.0995
-0.04933
  0.2877
  0.5474
  0.6382
   0.733
  0.6301
  0.5575
  0.6133
  0.6405
  0.8387
  0.6822
  0.8306
  0.8678
  0.9344
   1.075
  0.9951
  0.9975
   1.067
   1.087
   1.199
   1.064
   1.254
   1.089
   1.242
   1.233
   1.458
   1.421
   1.621
   1.764
   1.947
   1.986
   2.187
   2.252
   2.474
   2.492
     2.5
   2.435
    2.33
   2.484
   2.571
   2.712
   2.803
   2.874
   2.557
   2.404
   2.425
   2.268
   2.246
   2.237
   2.162
   1.983
   2.056
   2.156
    2.19
   2.046
   2.057
   2.112
     2.3
   2.352
   2.308
   2.349
   2.466
   2.549
   2.406
   2.463
   2.414
   2.392
   2.413
   2.297
   2.283
   2.254
    2.33
   2.402
   2.395
   2.317
   2.439
   2.384
   2.599
   2.407
   2.594
   2.889
   2.878
   2.811
   2.893
   2.941
   2.956
    2.63
   2.689
    2.67
   2.761
   2.529
   2.437
   2.419
   2.376
     2.5
   2.338
   2.335
   2.122
   2.223
   2.282
   2.453
   2.588
   2.684
     2.6
   2.618
   2.687
   2.701
   2.842
   2.979
   2.871
   2.872
   2.942
   2.878
   2.828
   2.719
     2.5
   2.461
   2.448
   2.396
   2.426
   2.478
   2.616
   2.387
   2.672
   2.786
   2.773
   2.715
   2.744
    2.54
   2.617
   2.605
   2.494
   2.422
   2.268
   2.188
   2.307
   2.271
   2.361
   2.453
   2.376
   2.194
   2.042
    2.07
   1.917
   1.855
   1.728
   1.595
   1.575
    1.58
   1.492
   1.614
   1.493
   1.614
   1.541
    1.41
   1.326
    1.36
   1.328
   1.345
   1.404
   1.441
   1.472
   1.578
   1.463
   1.449
   1.341
   1.229
   1.128
   1.033
  0.7085
  0.7018
  0.6316
  0.5956
  0.7735
  0.5682
  0.7352
   0.737
  0.5948
  0.5304
  0.4399
  0.3505
  0.1566
  0.2849
   0.106
  0.2457
  0.2134
   0.038
-0.07833
 -0.1875
  -0.307
 -0.3224
 -0.4085
 -0.5914
 -0.7024
 -0.7991
  -0.758
 -0.8683
 -0.9724
 -0.9413
  -1.058
 -0.9048
 -0.9607
  -1.071
  -1.121
  -1.309
  -1.465
  -1.658
  -1.559
  -1.462
  -1.517
  -1.572
  -1.723
  -1.759
  -1.805
  -1.804
  -1.653
   -1.69
  -1.493
  -1.401
  -1.594
  -1.378
  -1.382
  -1.371
  -1.426
  -1.544
  -1.574
  -1.674
  -1.575
  -1.551
  -1.519
  -1.531
   -1.28
   -1.11
  -1.108
 -0.8825
 -0.7162
 -0.4945
 -0.3191
 -0.1969
  -0.219
 -0.0285
 0.007863
  0.1302
  0.1488
  0.2578
 0.02357
 0.07154
-0.01584
-0.05491
-0.04231
 -0.1204
-0.01183
 -0.0777
  -0.208
  -0.149
 -0.2399
 -0.1943
 -0.1646
 0.005497
  0.2112
 0.08777
 0.02509
 0.05149
  0.0768
  0.1841
  0.5904
  0.3998
  0.5344
  0.4282
  0.4398
  0.6298
  0.5555
  0.4934
  0.5531
  0.3792
  0.2755
   0.374
  0.2294
  0.2863
  0.2545
 -0.1251
  -0.334
 -0.3037
 -0.3265
  -0.388
 -0.3616
 -0.3063
 -0.3982
 -0.5403
 -0.4544
 -0.2679
 -0.3472
 -0.2066
 -0.1725
 -0.2931
 -0.3639
  -0.224
-0.02888
  0.1155
   0.123
  0.1006
 0.07632
 0.05539
-0.02162
  0.2785
  0.2477
  0.2084
 0.01049
 0.07209
 -0.0708
-0.01648
  0.2974
  0.4115
   0.484
  0.6799
    1.06
   1.231
   1.371
   1.507
   1.578
   1.585
   1.813
   1.861
   2.026
   2.257
   2.288
   2.401
   2.456
   2.595
   2.651
   2.691
   2.669
   2.793
   3.002
    3.09
   2.962
   3.014
   3.095
   3.172
   3.239
   3.138
   3.228
   3.175
   3.326
   3.392
   3.466
   3.694
   3.645
     3.8
   3.805
   3.824
    3.75
   3.938
   3.888
   3.759
    3.82
   3.776
   3.786
   3.872
   3.951
   4.154
    4.03
   3.899
   4.007
   4.188
   4.397
   4.365
   4.457
   4.361
    4.47
   4.355
   4.293
   4.257
   4.122
   3.988
   3.975
   3.887
   3.713
    3.77
   3.769
   3.605
   3.639
   3.551
   3.607
   3.523
    3.72
   3.858
   3.789
   3.698
   3.781
   3.753
   3.745
   3.806
   3.935
   3.962
   3.927
   3.696
   3.702
   3.461
   3.314
   3.226
   3.245
   3.124
   3.018
   3.133
   3.042
   2.999
   3.017
   2.839
   2.828
   3.013
   3.165
    3.09
   3.059
   3.027
   3.167
   2.983
   3.014
   2.788
   2.586
   2.653
   2.584
   2.382
    2.47
   2.473
   2.414
   2.284
   2.177
   2.264
   2.356
   2.593
   2.763
   2.894
   2.917
   2.821
   2.866
   2.985
   2.981
   2.951
   2.832
   2.741
   2.809
   2.789
   2.649
   2.469
   2.339
   2.382
   2.376
   2.109
   2.271
    2.12
   2.057
   2.106
   1.962
   2.085
   2.043
   2.221
   2.088
   2.127
   2.085
   1.914
   1.943
   2.089
   2.007
   1.989
    1.97
   1.987
   2.038
   2.126
   2.395
   2.385
   2.327
   2.334
   2.361
   2.397
   2.274
   2.451
   2.459
   2.441
   2.295
   2.052
   2.175
   2.079
    2.07
   2.188
   2.154
   2.122
   1.967
   2.103
   2.052
   1.999
   1.893
   1.864
   2.069
   2.066
   2.225
   2.255
   2.247
   2.282
   2.207
   2.142
   2.296
   2.228
   2.003
   2.028
   2.035
    2.15
   2.137
   2.149
   2.121
   2.248
   2.186
   2.311
   2.339
   2.413
   2.335
   2.435
    2.39
    2.41
   2.428
   2.403
   2.391
   2.299
   2.194
   1.941
   1.883
   1.843
    1.62
   1.582
   1.515
   1.505
   1.641
   1.613
   1.643
   1.603
   1.513
   1.359
    1.41
   1.426
   1.294
   1.232
    1.28
   1.295
   1.329
   1.247
   1.287
   1.143
   1.155
    1.07
   1.015
   1.028
  0.9093
  0.9096
   0.972
  0.8841
  0.9973
   1.145
   1.167
   1.448
   1.333
   1.404
   1.384
    1.36
   1.434
   1.339
   1.464
   1.459
   1.515
   1.413
   1.372
   1.232
   1.186
   1.255
   1.286
   1.299
   1.339
   1.292
   1.281
   1.164
   1.092
  0.8397
  0.8063
  0.8051
  0.8773
  0.7214
  0.8912
  0.8721
  0.7627
  0.4971
  0.4474
   0.436
  0.3019
  0.4376
  0.3875
  0.3371
  0.4278
  0.6006
  0.6876
  0.6183
  0.4373
  0.3629
  0.3258
  0.2276
  0.3039
  0.3238
  0.2879
  0.2613
  0.3186
  0.2371
  0.2034
  0.1128
  0.1481
  0.1893
 0.06506
  0.1798
  0.2438
  0.4107
  0.4683
  0.5131
  0.4014
  0.5131
    0.46
  0.3763
  0.3783
  0.3876
  0.5897
  0.8253
   0.998
   1.297
   1.239
   1.288
   1.539
   1.711
   1.905
   1.904
   1.898
    1.98
   1.851
   1.882
   1.894
   2.019
   2.238
   2.381
   2.401
   2.663
   2.807
   2.842
   3.005
   3.014
   2.916
   3.021
   2.956
   3.125
    3.15
   3.124
   3.294
   3.256
    3.29
   3.206
   3.283
   3.486
   3.602
   3.458
   3.566
   3.447
   3.561
   3.815
   3.822
   3.755
   3.748
   3.692
   3.755
    3.89
   3.963
   4.076
   3.894
   3.973
   3.969
   3.917
   3.708
    3.61
   3.306
   3.302
   3.341
   3.316
   3.136
   3.126
   3.087
   3.029
   2.992
   2.977
    2.98
   2.978
    2.72
   2.737
   2.753
   2.972
   3.053
   2.922
   2.865
   2.983
   2.962
   2.969
   2.894
   3.008
   3.184
   2.963
   3.171
   3.234
   3.525
   3.536
   3.683
   3.921
   3.983
   4.007
   4.005
   4.133
    4.15
   4.101
   4.108
   4.079
   4.252
     4.4
   4.363
   4.494
   4.423
   4.391
   4.433
   4.642
   4.492
   4.501
   4.392
   4.204
   4.068
   3.811
    3.82
   3.796
   3.922
   3.886
   3.698
   3.713
   3.581
   3.526
   3.513
   3.688
   3.749
   3.664
   3.968
   3.813
   3.852
   3.896
   3.634
   3.563
   3.396
   3.543
   3.649
   3.529
   3.348
   3.305
   3.156
   3.153
   2.955
   2.896
   2.885
   2.721
   2.506
   2.392
   2.334
    2.27
   2.202
   2.058
   1.889
   1.893
   1.681
   1.586
   1.562
   1.492
   1.277
   1.126
   1.109
   1.112
   1.078
  0.9378
  0.7037
  0.6739
  0.6851
  0.4111
  0.3798
  0.2813
  0.1345
  0.0669
 -0.0137
  0.1217
 0.01013
 -0.0903
-0.08225
-0.09218
  0.1085
 0.04614
-0.09193
 -0.0432
-0.09418
 -0.1113
 -0.1595
 -0.2461
 -0.2959
  -0.584
 -0.4392
 -0.3669
 -0.3993
 -0.6984
 -0.8974
 -0.8904
  -1.077
 -0.9313
 -0.7939
 -0.8092
 -0.6813
 -0.8584
 -0.7661
 -0.9024
 -0.8915
  -1.046
  -1.076
  -1.023
  -1.057
  -1.106
 -0.9975
 -0.9412
 -0.9888
  -1.039
 -0.9833
   -1.11
  -1.159
  -1.151
  -1.119
  -1.186
  -1.121
  -1.197
  -1.259
  -1.125
  -1.293
  -1.245
  -1.189
 -0.9629
 -0.8602
 -0.8508
 -0.7641
 -0.6737
 -0.7768
 -0.8588
  -1.013
  -1.051
 -0.9839
  -1.017
 -0.8853
 -0.7277
 -0.6593
 -0.6918
 -0.6313
 -0.4113
 -0.4312
 -0.2359
 -0.1755
 -0.3305
 -0.1312
-0.05419
 0.05128
  0.1242
  0.2584
  0.2927
  0.2345
  0.2278
  0.4633
  0.2666
  0.3405
  0.3534
  0.2327
  0.2805
  0.3732
  0.5315
  0.7719
  0.8498
   0.973
   1.181
   1.032
   1.217
   1.193
    1.28
   1.282
   1.147
   1.081
   1.264
   1.361
   1.385
   1.478
   1.536
   1.602
   1.557
   1.692
   1.883
   1.862
   2.026
   1.958
    2.05
   2.233
   2.351
   2.317
   2.529
    2.65
   2.787
   2.991
    3.11
    3.17
    3.49
   3.397
   3.444
   3.511
   3.408
   3.489
   3.676
   3.759
    3.86
   3.893
   4.033
   3.992
   4.163
   4.118
   4.142
   4.431
    4.47
    4.64
   4.614
   4.759
   4.828
   4.928
   4.973
    4.92
   4.915
   4.874
   4.828
   4.757
   4.778
   4.863
   4.923
   5.013
   5.015
   4.901
   5.073
   4.794
   4.706
   4.658
   4.761
   4.683
   4.546
   4.696
   4.881
   4.793
   4.893
   4.823
   4.757
   4.856
   4.717
   4.767
   4.678
   4.439
    4.18
   4.165
   4.224
   4.085
   4.097
   4.156
   4.142
   3.905
   3.737
   3.751
   3.914
   4.026
   4.175
   4.127
    4.13
   4.026
   3.984
   4.133
   4.107
   4.127
    3.99
   3.846
    3.59
    3.46
   3.455
   3.469
   3.356
    3.33
   3.231
   3.218
   3.013
   2.949
   2.893
   2.829
   2.739
   2.565
   2.368
   2.285
   2.108
   2.024
   2.025
   2.118
   2.065
   1.762
   1.662
   1.667
   1.814
   1.823
   1.706
   1.478
   1.441
   1.501
   1.454
   1.362
   1.202
   1.108
   1.123
   1.127
   1.351
  0.9994
  0.9766
  0.7034
  0.5573
  0.4236
  0.5805
  0.4384
  0.3778
    0.38
  0.5157
  0.4288
  0.4718
   0.628
   0.655
   0.541
  0.5011
  0.3238
  0.3599
  0.4114
   0.404
  0.5604
  0.5849
  0.3831
   0.284
  0.2378
  0.2927
  0.4635
  0.5094
  0.3116
  0.2898
  0.3697
  0.4276
  0.3009
  0.3224
  0.3144
   0.496
  0.5154
  0.4906
  0.5844
  0.6756
  0.6116
  0.5788
  0.6623
  0.6326
  0.8833
   0.907
  0.7881
  0.8938
  0.8835
   1.003
  0.7947
  0.6542
  0.5919
  0.5458
  0.5229
   0.564
  0.5963
  0.5714
  0.7313
  0.7304
   0.897
  0.7434
    0.73
  0.8538
  0.7866
  0.9172
  0.5457
  0.4013
  0.4234
  0.5228
  0.6403
  0.7937
  0.8641
  0.8255
   1.204
   1.062
    1.06
   1.083
    1.05
   1.006
  0.9106
    1.05
    1.04
   1.354
   1.389
   1.509
   1.319
   1.301
   1.357
   1.234
   1.155
   0.948
  0.8477
  0.9107
  0.8362
  0.8898
  0.9558
  0.7727
  0.7831
  0.8973
   1.013
   1.005
   1.045
  0.8423
   0.844
  0.6886
  0.7113
  0.7491
  0.5725
  0.6879
  0.7141
  0.7398
  0.5286
   0.404
  0.2343
  0.2985
  0.4236
  0.5794
  0.4859
   0.384
  0.4509
  0.3567
  0.6054
  0.4085
  0.4141
  0.5628
  0.3782
  0.3219
   0.188
  0.2349
  0.1555
  0.1195
  0.1082
  0.1092
  0.1238
  0.1572
 0.09556
  0.2557
  0.2308
  0.3012
 0.02492
  0.1243
  0.1236
   0.154
  0.1471
  0.2004
 0.05749
 0.01237
 0.004463
-0.08246
 0.06758
-0.01678
  0.2422
  0.1676
  0.1452
  0.3102
  0.3612
  0.4553
  0.2727
  0.2576
  0.1699
  0.2821
  0.3978
  0.3009
  0.3322
  0.5301
  0.5502
  0.9158
    1.17
    1.11
   1.236
   1.282
   1.452
   1.454
   1.509
   1.362
   1.579
   1.365
   1.286
   1.434
   1.658
   1.648
   1.652
   1.596
   1.514
   1.401
   1.407
   1.247
   1.438
   1.282
   1.214
   1.196
   1.365
   1.406
    1.38
   1.449
   1.405
   1.612
   1.639
   1.913
    1.85
   1.825
   2.012
   2.004
   2.132
   2.066
   2.137
   2.331
   2.445
   2.622
   2.562
   2.623
   2.845
   2.809
   2.859
   3.049
   3.049
   2.969
   3.067
   3.008
   3.111
   3.029
   3.227
   3.371
   3.338
   3.327
   3.254
   3.368
   3.438
   3.408
   3.463
   3.521
   3.639
   3.739
   3.641
   3.555
   3.537
    3.75
    3.86
   3.969
   4.054
   4.043
   4.029
   3.939
   4.073
   3.841
   3.723
   3.767
   3.873
   3.841
   3.831
   3.521
   3.617
   3.538
   3.569
   3.614
   3.468
   3.448
   3.369
   3.257
    3.23
   3.282
   3.461
    3.33
   3.322
   3.346
   3.363
   3.523
   3.583
   3.682
   3.812
   3.883
   4.031
    3.94
    3.93
   3.785
   3.763
   3.741
   3.651
   3.532
   3.735
   4.035
    3.92
   3.744
   3.681
   3.444
   3.372
   3.363
    3.44
   3.621
   3.597
   3.513
    3.82
   3.753
   3.782
   3.909
   4.008
   3.874
    3.67
   3.659
   3.577
   3.491
   3.447
   3.501
   3.664
    3.55
    3.55
   3.737
   3.696
   3.614
   3.288
   3.422
    3.43
   3.293
   3.159
   3.195
   3.176
   3.196
   3.066
   2.999
   3.018
   3.174
   3.183
    3.25
   3.295
   3.306
   3.289
    3.27
   3.124
   3.308
   3.408
   3.464
     3.5
    3.45
   3.425
   3.516
   3.555
   3.456
   3.553
    3.54
   3.649
   3.556
   3.671
   3.662
   3.693
   3.769
   3.846
   3.853
   3.919
   3.902
   3.813
    3.79
   3.812
   3.671
   3.809
   3.741
   3.862
   3.902
   3.766
   3.526
   3.435
   3.484
   3.333
    3.11
   2.982
   2.851
   2.806
   2.729
   2.605
   2.573
   2.629
   2.366
   2.396
   2.364
   2.473
   2.496
   2.492
   2.561
   2.405
   2.341
   2.391
   2.257
   2.209
   2.143
   2.019
   1.757
   1.791
   1.742
    1.68
   1.711
   1.546
   1.545
   1.468
   1.226
   1.259
   1.209
   1.166
   1.162
   1.252
    1.27
   1.218
   1.222
   1.023
    1.13
   1.076
   1.142
   1.079
  0.9384
  0.6719
  0.7854
  0.8054
  0.6789
  0.7525
   0.609
  0.6735
  0.7816
  0.6665
  0.5749
  0.4608
  0.5337
  0.6159
   0.531
  0.5069
   0.601
  0.5359
  0.6884
  0.8641
  0.8926
  0.7702
  0.5937
  0.4963
  0.5533
  0.7425
  0.7835
  0.6567
  0.7748
  0.8943
   1.118
   1.032
   1.092
   1.028
   1.003
   1.191
   1.417
   1.243
   1.312
   1.032
  0.9486
  0.9046
  0.9393
  0.8213
  0.9186
   1.007
   1.036
   1.031
  0.9796
   1.032
  0.8404
  0.8681
  0.9133
   1.042
   1.122
  0.8355
  0.9107
  0.8015
  0.7322
  0.7218
  0.8443
  0.6995
  0.8017
  0.8247
   0.698
  0.8746
  0.9667
   1.065
   1.271
   1.217
   1.266
   1.325
   1.456
    1.63
   1.718
    1.81
   1.807
    1.89
   1.907
   1.803
   1.641
   1.468
   1.463
    1.63
   1.656
   1.628
   1.525
    1.44
   1.467
   1.228
    1.26
   1.283
   1.326
   1.447
   1.166
   1.052
   1.161
   1.116
   1.272
   1.201
   1.229
   1.252
    1.43
   1.342
   1.415
   1.398
   1.435
   1.555
   1.669
   1.643
   1.545
   1.617
   1.673
   1.584
     1.7
   1.701
   1.666
   1.479
   1.249
   1.327
   1.421
    1.58
   1.844
   1.792
   1.635
   1.643
   1.849
    1.82
   1.891
   1.987
   1.933
   2.052
   2.147
   2.247
   2.345
    2.64
   2.436
    2.57
    2.57
   2.696
   2.742
   2.833
   2.742
   2.849
   2.965
    3.02
   3.111
   3.061
   3.256
   3.255
   3.399
   3.477
   3.462
   3.509
   3.615
   3.662
   3.639
   3.866
   4.047
   3.799
   3.854
   3.886
   3.785
   3.879
   3.868
   3.929
   3.927
    3.94
   3.991
   4.149
   4.153
   4.332
   4.349
   4.394
   4.561
   4.642
    4.71
   4.807
    4.98
   5.116
   5.352
   5.373
   5.384
   5.404
   5.545
   5.571
    5.56
   5.695
   5.822
   5.735
   5.715
   5.668
   5.689
   5.492
   5.501
   5.527
   5.696
   5.627
   5.772
   5.906
   5.908
   6.011
   5.913
   6.056
   6.219
   6.275
   6.209
   6.137
   6.199
   6.024
   5.899
   6.046
   6.147
   6.026
   5.998
   5.967
   5.966
   5.853
   5.775
   5.618
   5.733
   5.777
   5.512
   5.553
   5.568
   5.684
   5.778
   5.812
   5.814
   5.581
    5.51
   5.389
   5.396
   5.393
   5.327
   5.186
   5.186
   5.177
   5.133
   5.152
    5.17
   5.123
   5.106
   5.165
   5.117
   4.936
   4.577
   4.418
   4.227
   3.925
   3.824
   3.772
   3.586
   3.381
    3.39
    3.33
   3.207
   3.107
   3.025
    3.04
   3.095
   3.023
   2.884
   2.816
   2.606
   2.593
   2.489
   2.322
   2.353
   2.278
   2.135
   2.118
   2.224
   2.154
   2.196
   1.986
   2.024
   1.982
   1.914
   1.843
   1.519
   1.494
   1.381
   1.099
  0.8318
  0.7289
   0.751
  0.5234
   0.607
  0.5613
  0.5004
  0.6518
  0.5452
   0.499
  0.3288
   0.258
  0.1265
 0.06338
-0.02456
  0.1391
  0.0967
 0.07491
 -0.1556
 -0.1972
 -0.2188
 -0.4287
 -0.5393
 -0.3755
  -0.383
 -0.3277
 -0.3967
 -0.2353
 -0.2356
 -0.1789
  -0.262
 -0.2956
 -0.3141
 -0.4551
 -0.4254
 -0.4286
 -0.6474
 -0.7514
 -0.7602
 -0.7222
 -0.8486
 -0.9005
 -0.8284
 -0.8085
   -1.01
 -0.9957
 -0.9416
  -1.074
  -1.045
  -1.171
  -1.031
  -1.283
  -1.373
  -1.303
  -1.612
  -1.491
  -1.435
  -1.699
  -1.712
  -1.783
  -1.936
  -1.612
  -1.474
  -1.456
  -1.412
  -1.281
  -1.388
  -1.294
  -1.377
    -1.5
  -1.662
  -1.748
  -1.733
   -1.81
  -1.624
  -1.666
  -1.421
  -1.434
  -1.319
  -1.274
   -1.32
  -1.373
   -1.17
   -1.22
  -1.217
  -1.235
  -1.175
  -1.168
   -1.17
  -1.174
  -1.124
  -1.033
  -1.004
  -1.007
  -1.065
 -0.9632
 -0.8869
 -0.6618
 -0.6916
 -0.6909
 -0.7689
  -0.772
 -0.6894
 -0.6259
 -0.6663
 -0.7982
 -0.8585
 -0.7185
 -0.6263
 -0.4916
 -0.5137
 -0.4923
 -0.3672
 -0.5853
 -0.6479
 -0.7118
   -0.53
 -0.4142
 -0.3154
 -0.1965
 -0.5349
 -0.5984
  -0.516
 -0.3039
 -0.4573
 -0.3956
 -0.2356
 -0.1173
 -0.2296
 -0.4454
 -0.4862
 -0.3554
  -0.221
    -0.3
-0.07971
-0.01367
 0.02332
-0.01859
-0.008585
-0.05967
  0.0581
  0.1652
-0.04031
 0.05042
-0.05987
  0.2101
  0.1749
  0.3252
  0.3993
  0.5115
  0.3529
  0.5498
  0.9069
  0.8835
  0.7319
  0.6415
  0.7035
  0.8554
    1.09
    0.96
   1.267
   1.412
   1.614
   1.532
    1.56
   1.779
   2.033
    2.25
   2.371
   2.744
   3.028
    3.22
   3.447
   3.353
   3.247
   3.275
   3.346
   3.448
   3.614
   3.826
   3.718
   3.878
   4.007
   4.017
   4.203
   4.268
   4.148
   4.103
   4.112
   3.921
   3.944
   3.907
   3.875
   3.765
    3.71
   3.836
   4.025
   4.037
   4.068
   4.179
   4.175
   4.248
   4.225
   4.112
   4.227
   4.235
   4.311
   4.235
   4.206
   4.165
   4.062
   4.077
    4.13
   4.002
   4.044
   3.978
   3.907
   3.988
   4.075
   3.933
   4.043
   4.122
   4.027
   3.953
   4.095
   4.223
   4.455
   4.432
    4.37
   4.316
   4.359
   4.274
   4.443
   4.465
   4.344
   4.344
   4.382
    4.39
   4.291
    4.33
   4.096
     4.1
   4.178
   4.405
   4.409
   4.283
   4.299
   4.237
   4.263
   4.002
   3.917
   4.032
   3.973
   4.062
   3.969
   4.032
   3.795
   3.576
   3.548
   3.534
   3.422
   3.402
   3.317
   3.195
   3.128
   3.021
   3.042
   2.864
   2.729
   2.714
   2.597
    2.73
   2.772
   2.646
   2.691
    2.39
   2.396
   2.203
   2.077
   2.153
   1.956
   1.732
   1.738
   1.925
   1.664
   1.519
   1.749
   1.763
   1.832
   1.761
   1.582
   1.494
   1.436
   1.163
  0.9921
   0.832
  0.6546
   0.623
  0.4891
  0.5584
   0.472
  0.3621
  0.2873
    0.25
  0.2856
  0.5151
  0.5814
  0.6032
  0.3288
  0.3222
   0.309
  0.4074
  0.5499
  0.5137
  0.4765
  0.6289
  0.5992
  0.5881
  0.7535
  0.6027
   0.603
  0.7322
   0.758
  0.8254
  0.9066
   1.045
  0.9132
  0.9521
   1.165
   1.322
   1.426
   1.406
   1.525
   1.436
   1.359
   1.518
   1.485
   1.625
   1.597
   1.691
   1.508
   1.486
   1.541
   1.487
   1.473
    1.45
    1.46
   1.626
   1.709
    1.76
   1.892
   1.985
   1.872
   1.895
   2.118
   2.259
   2.374
   2.341
   2.515
   2.352
   2.657
   2.785
   2.913
   3.046
   3.046
   3.043
   3.067
   3.195
   3.072
   3.137
   3.087
   2.975
   3.126
   3.223
   3.142
   3.009
   2.898
   3.295
   3.354
   3.295
   3.328
   3.417
   3.593
   3.497
   3.463
   3.321
   3.285
   3.472
   3.564
   3.428
   3.363
   3.092
   3.037
   2.898
   2.638
   2.551
   2.661
   2.731
   2.753
   2.747
   2.741
   2.546
   2.517
   2.371
   2.237
   2.295
   1.995
   1.846
   1.709
   1.638
   1.532
   1.619
   1.421
   1.264
   1.275
   1.202
   1.278
   1.316
   1.262
   1.308
    1.23
    1.26
   1.402
   1.336
   1.226
   1.306
   1.558
   1.585
   1.725
   1.912
   2.068
    2.11
   2.253
   2.006
   2.147
   2.283
   2.339
   2.518
   2.496
   2.478
   2.448
   2.424
   2.613
   2.471
   2.368
   2.567
   2.568
   2.697
   2.728
   2.826
    2.96
   2.853
   3.074
   2.901
   3.023
   3.005
    3.04
    2.88
   2.924
    2.86
   2.663
   2.595
   2.673
   2.719
   2.726
   2.795
   2.736
   2.649
   2.381
   2.339
   2.383
   2.199
   1.988
   2.054
   1.809
   1.727
    1.82
   2.044
   2.083
   2.127
   2.033
   2.113
   2.032
   1.946
   1.968
   1.725
   1.704
   1.695
   1.737
   1.476
   1.172
    1.01
  0.9214
  0.6245
   0.802
  0.8467
  0.4634
  0.5493
  0.5946
  0.5593
  0.4166
  0.4737
  0.4528
  0.2494
  0.2553
  0.1071
  0.3418
  0.3176
  0.4173
  0.1747
-0.05644
-0.05605
 0.09328
-0.01005
 0.04809
 0.02423
 0.01529
-0.01923
-0.03595
   0.164
  0.4621
   0.353
  0.2359
  0.3397
  0.2996
  0.4053
  0.2234
  0.4435
  0.4241
  0.4612
  0.5873
  0.6593
  0.6108
  0.5655
  0.6988
  0.6648
   1.009
    1.23
   1.348
   1.377
   1.391
   1.437
   1.383
   1.614
   1.767
   1.777
   1.825
   1.957
   2.001
   2.142
   2.451
   2.414
   2.435
   2.658
   2.897
    2.77
   3.047
   2.929
   2.878
    2.93
   2.843
   2.787
   2.501
   2.569
   2.628
   2.642
   2.697
   2.727
    2.89
   3.012
    3.07
    2.97
   3.025
   3.188
   3.163
   3.148
   3.148
   3.275
   3.246
   3.256
   3.333
   3.397
   3.293
   3.242
    3.07
   2.983
   2.993
   2.815
   2.805
   2.612
   2.436
   2.331
   2.341
   2.264
   2.353
   2.333
   2.221
   2.134
   2.081
     2.3
    2.29
   2.366
   2.148
   2.123
   2.296
   2.127
   2.256
   2.209
   2.066
   2.013
   1.962
   1.965
   1.776
   1.864
    1.94
   2.171
    2.32
   2.182
   2.256
   2.321
   2.355
   2.272
    2.29
   2.431
   2.216
   2.201
   2.287
   2.547
   2.525
   2.562
    2.79
   2.731
   2.831
   2.535
   2.527
   2.294
   2.409
   2.327
   2.401
   2.399
   2.399
   2.494
   2.566
   2.647
   2.862
    2.78
   2.896
   2.939
   2.914
   2.807
   2.783
   2.935
   3.075
   2.955
   2.871
   3.056
   2.918
   2.829
   2.831
   2.862
   2.786
   2.972
   2.895
   3.022
   2.975
   2.988
   2.901
   2.915
   2.824
   2.969
   2.955
   3.052
   3.117
   3.285
   3.425
   3.322
   3.406
   3.382
   3.256
   3.057
   3.166
   3.301
   3.146
   2.961
   2.843
   2.968
   2.921
   2.951
   2.869
   2.781
   2.813
   3.008
   3.107
   3.007
   3.025
   2.963
   2.819
   2.783
   2.735
   2.795
   2.674
   2.925
   2.984
   2.662
   2.674
   2.644
   2.805
   2.687
   2.604
   2.639
   2.794
   2.918
   2.713
    2.71
   2.657
   2.582
   2.551
   2.124
   2.167
   2.065
   1.997
   1.561
   1.612
   1.597
   1.548
   1.667
   1.497
    1.39
   1.434
   1.343
    1.35
   1.366
   1.277
   1.188
   1.305
   1.358
   1.422
   1.309
   1.222
  0.9704
  0.9398
   1.217
   1.274
   1.327
    1.57
   1.443
    1.41
    1.58
   1.472
   1.388
    1.33
   1.187
   1.169
  0.9911
  0.9308
  0.8529
   1.053
  0.8792
   0.734
  0.8723
  0.7476
  0.6882
  0.7568
  0.7803
  0.7118
  0.7075
  0.8309
  0.9859
  0.8762
   0.724
  0.7432
   0.686
  0.6318
  0.4849
  0.5363
  0.3879
  0.3842
  0.3939
  0.3808
  0.4404
  0.5366
  0.7203
  0.6218
  0.6899
  0.7025
  0.8075
  0.9633
  0.7118
  0.5877
  0.6934
  0.6609
  0.7116
  0.7685
  0.9082
   1.051
    1.03
   1.005
   1.038
   1.191
    1.09
    1.24
   1.121
   1.174
   1.263
   1.452
   1.256
   1.171
   1.052
  0.9617
  0.8837
  0.7783
  0.6842
  0.5834
  0.4193
    0.51
  0.5335
  0.4852
  0.2698
   0.177
  0.1115
 0.01804
 0.06606
-0.002343
  0.1386
  0.1408
 0.01188
 0.05835
  0.1472
 0.07478
 0.01999
-0.08501
 -0.2039
 -0.3918
 -0.4456
 -0.6928
 -0.5846
 -0.6778
 -0.6969
   -0.66
 -0.4619
 -0.3209
 -0.4895
 -0.4329
 -0.1967
 -0.3647
 -0.3398
 -0.2326
 0.01156
 0.05064
   0.202
  0.3132
  0.5416
  0.7389
  0.5857
  0.4712
  0.5565
  0.2245
  0.2877
  0.1753
  0.2371
  0.4429
  0.5997
  0.6269
  0.7097
  0.7996
  0.8506
   0.968
  0.9514
   1.039
   1.143
   1.064
   1.101
    1.28
   1.287
    1.42
   1.514
   1.674
   1.725
   1.815
    1.89
   1.853
   1.985
   2.035
   2.132
   2.184
   2.479
   2.586
   2.712
   2.818
   2.824
   2.832
   2.861
   2.632
   2.663
   2.893
   3.099
   3.276
   3.329
   3.344
    3.36
   3.441
   3.728
   3.611
   3.655
   3.685
   3.878
   3.999
   4.012
   3.947
   4.157
   4.395
    4.39
   4.502
   4.541
   4.537
   4.775
   4.733
   4.591
   4.633
   4.704
    4.58
   4.623
    4.64
   4.614
   4.611
   4.542
   4.539
   4.735
   4.705
   4.704
   4.705
   4.844
   5.005
   5.027
   5.163
   5.198
   5.132
   5.134
   5.059
   4.911
   5.058
   5.073
   5.126
   5.387
   5.429
   5.445
   5.453
   5.685
   5.778
   5.748
    5.65
   5.502
    5.81
   5.649
   5.703
   5.712
   5.665
   5.693
   5.589
   5.588
   5.612
   5.656
   5.545
   5.264
   5.302
   5.367
   5.376
   5.541
   5.537
   5.536
   5.632
   5.714
   5.744
   5.559
   5.497
   5.503
   5.408
   5.247
   5.219
   5.206
   4.994
   4.769
   4.818
   4.659
   4.694
   4.764
   4.774
   4.563
   4.549
   4.435
   4.458
   4.345
   4.387
   4.563
   4.516
   4.722
   4.734
   4.987
   5.091
   5.085
   5.108
   4.964
   4.865
    4.86
   4.882
   4.649
   4.473
   4.372
   4.353
   4.193
   4.063
   3.953
   3.768
   3.625
   3.362
   3.277
   3.103
   3.186
   3.059
   3.032
   3.105
   3.051
   3.004
   3.183
   3.189
   3.181
   3.242
   3.303
    3.36
   3.358
   3.437
   3.307
     3.4
   3.368
   3.257
   3.216
   3.224
   3.001
   2.882
   2.887
   2.649
   2.494
   2.372
   2.591
   2.581
   2.663
   2.606
     2.7
   2.742
   2.612
   2.567
   2.645
   2.721
   2.615
   2.593
   2.597
   2.442
   2.227
   2.289
   2.506
   2.563
   2.582
   2.301
   2.146
   2.291
   2.369
   2.142
   2.189
   2.233
   2.174
   2.018
   2.243
   2.149
   2.192
   2.175
   2.249
   2.142
   2.159
   2.155
   2.113
   2.154
   2.081
   2.135
   2.174
   1.984
   1.753
   1.698
    1.63
   1.697
   1.665
   1.501
   1.587
    1.58
   1.421
   1.448
   1.563
   1.702
   1.779
   1.793
   1.617
   1.572
   1.536
   1.404
   1.128
   1.308
   1.436
    1.57
   1.686
   1.668
   1.898
   1.843
    1.77
    1.93
   2.017
   2.036
    2.07
   1.986
   1.919
   2.151
   2.119
   2.207
   2.159
   2.037
   2.056
   1.956
   1.959
   1.829
   1.835
   1.805
   1.765
   1.776
   1.818
   1.828
   1.749
   1.573
   1.477
   1.596
   1.618
   1.596
   1.546
   1.461
   1.215
   1.265
   1.341
   1.275
   1.398
   1.449
   1.639
   1.597
   1.351
   1.314
   1.228
   1.336
   1.318
   1.416
    1.54
   1.436
   1.398
   1.564
   1.604
   1.723
   1.741
   1.698
    1.63
   1.461
   1.669
   1.611
    1.57
   1.474
   1.299
   1.283
   1.406
   1.491
   1.269
   1.145
   1.471
   1.445
   1.415
   1.485
   1.548
   1.628
   1.579
   1.708
   1.623
   1.592
   1.588
   1.591
   1.644
   1.578
   1.692
   1.855
   1.877
   1.762
   1.826
    1.83
   1.773
   1.594
   1.295
   1.329
   1.215
    1.06
  0.8811
   1.018
  0.9796
  0.8802
  0.8842
  0.7535
  0.7403
  0.8441
  0.8437
  0.9297
  0.7496
  0.6827
  0.6565
  0.4471
  0.4441
  0.4357
   0.423
  0.3104
  0.1742
 0.01251
 -0.1351
 -0.1589
-0.03813
-0.07764
 0.03381
 0.002539
-0.05602
 0.02819
 0.09167
  0.2745
  0.2649
  0.2568
  0.2524
  0.2845
  0.1164
 0.07975
-0.03815
 -0.3044
 -0.2097
 -0.3748
 -0.5058
 -0.3687
 -0.2938
 -0.3843
 -0.3443
 -0.4406
 -0.4228
 -0.5363
 -0.7158
 -0.7906
 -0.6728
 -0.7547
  -1.023
  -1.024
  -1.029
  -1.151
   -1.06
  -1.048
 -0.9546
   -1.06
 -0.8845
 -0.8112
 -0.7974
  -1.009
 -0.8865
  -1.006
 -0.8331
 -0.7738
 -0.6897
  -0.733
 -0.7488
 -0.9509
  -1.218
  -1.284
  -1.451
  -1.572
  -1.659
    -1.5
  -1.465
  -1.392
  -1.308
  -1.342
  -1.324
  -1.494
  -1.563
  -1.721
  -1.635
  -1.587
  -1.588
  -1.443
   -1.41
   -1.38
  -1.214
  -1.123
  -1.105
  -1.027
  -1.029
  -1.019
  -1.144
  -1.042
  -1.065
  -1.121
 -0.9736
 -0.7548
 -0.7157
  -0.977
   -1.12
  -1.154
  -1.122
  -1.247
  -1.464
  -1.658
  -1.634
  -1.492
  -1.662
  -1.742
  -1.803
  -1.968
  -1.971
  -1.961
  -2.058
  -2.128
  -1.946
  -1.901
      -2
  -1.909
  -1.939
  -1.894
  -1.904
  -1.926
  -1.998
  -2.222
  -2.247
  -2.379
   -2.32
  -2.342
  -2.133
  -1.881
  -1.841
  -1.692
  -1.577
  -1.242
  -1.078
  -1.013
  -1.085
  -1.021
  -1.128
  -1.092
  -1.067
  -1.036
 -0.9218
 -0.6682
 -0.7444
 -0.8842
 -0.7696
 -0.7859
 -0.6563
 -0.6551
 -0.6928
 -0.7381
 -0.7487
 -0.5898
 -0.6816
 -0.8818
 -0.8845
 -0.5938
 -0.6083
 -0.5928
 -0.4249
 -0.2727
 -0.2776
 -0.3221
-0.07807
 -0.2976
 -0.1638
-0.07081
-0.02825
-0.009037
 0.05398
 0.08359
  0.1809
  0.1883
  0.2411
  0.4348
  0.6668
  0.9173
   1.292
   1.131
    1.36
   1.533
   1.882
   1.837
   1.969
   2.152
   2.148
   2.268
   2.182
   2.244
   2.313
   2.355
   2.369
   2.355
   2.403
   2.266
   2.404
   2.351
    2.33
   2.527
   2.626
   2.627
   2.622
   2.796
   2.965
   3.042
   3.078
   3.114
   3.215
   3.384
   3.279
   3.224
   3.379
   3.494
   3.348
   3.581
    3.56
   3.424
   3.398
   3.524
   3.537
   3.642
   3.771
   3.767
   3.675
   3.627
   3.784
   3.929
   3.997
   4.081
   4.333
    4.19
   4.108
    4.18
   4.402
   4.355
   4.365
   4.351
   4.537
   4.374
   4.464
   4.411
   4.455
   4.646
    4.63
   4.839
   4.539
   4.597
    4.55
   4.583
   4.322
   4.516
    4.26
   4.227
   4.109
   4.119
    4.18
   4.127
   3.921
   3.859
   3.817
   3.833
   3.628
   3.382
   3.085
   3.179
   3.072
   3.096
   3.049
   3.019
   2.957
   2.959
   2.907
   2.754
    2.83
   2.593
   2.566
   2.627
   2.536
   2.619
   2.629
   2.595
   2.526
     2.3
   2.222
   2.145
   1.997
   1.833
   1.983
   1.743
   1.666
   1.586
   1.685
   1.659
   1.523
   1.573
    1.35
   1.236
   1.132
  0.9401
   1.119
   1.152
   1.029
  0.8384
  0.5448
  0.5012
  0.5091
  0.4294
   0.321
   0.151
  0.2377
 0.03477
  0.1217
   0.245
  0.2623
  0.3311
  0.4201
  0.4035
   0.537
  0.5855
   0.613
  0.6232
  0.5181
  0.5211
  0.7295
   0.992
  0.9792
  0.9947
   1.076
   1.131
    1.09
  0.8975
  0.8112
  0.8889
   0.812
  0.8235
  0.9045
  0.8228
  0.8923
  0.9752
   1.032
   1.123
   1.039
   0.969
   1.088
   0.968
  0.8676
  0.8394
  0.8603
  0.9134
  0.9974
  0.8603
  0.8783
  0.8453
  0.7989
   0.803
  0.8504
  0.9051
  0.9914
   0.835
   1.014
   1.157
   1.199
   1.152
  0.9746
  0.9552
  0.9194
   1.004
   1.028
  0.9688
  0.8373
   0.891
  0.8561
  0.9116
  0.9777
  0.8875
  0.8843
  0.7838
  0.8267
  0.7525
    0.76
  0.7656
  0.7911
    1.03
   1.125
   1.123
   1.058
  0.9941
   1.081
   1.042
   1.007
    1.06
   1.011
  0.8341
  0.8636
  0.6741
  0.7522
  0.8537
  0.8058
   1.027
    1.16
   1.272
   1.562
   1.383
   1.597
   1.466
   1.235
   1.273
   1.229
   1.067
    1.12
   1.268
   1.374
   1.345
   1.461
   1.554
   1.443
   1.595
   1.773
   1.867
   1.754
   2.024
   2.178
   2.245
   2.342
   2.295
   2.392
   2.559
   2.769
   2.853
   2.922
   2.806
   2.901
   2.962
   2.989
   3.035
   3.203
   3.179
   3.158
   3.186
   3.109
   3.267
   3.311
   3.272
   3.203
   3.078
   3.159
   3.117
   3.189
   3.221
    3.08
   3.219
   3.122
   3.031
   3.167
    3.35
   3.649
   3.271
   3.363
   3.382
   3.165
   3.207
   3.071
   3.053
   3.111
   3.083
   3.034
   2.827
   2.673
   2.765
   2.724
   2.593
   2.448
   2.468
   2.437
   2.401
   2.342
   2.342
   2.386
   2.353
   2.347
   2.334
   2.042
    2.11
   1.907
   1.928
   1.915
   1.633
   1.494
    1.36
   1.461
   1.459
   1.599
   1.578
   1.508
   1.256
   1.265
   1.255
   1.199
   1.151
   1.282
    1.38
   1.379
    1.21
   1.067
  0.9947
  0.9891
  0.9594
  0.9313
  0.9482
  0.5777
  0.4144
  0.2526
   0.119
  0.0317
-0.05215
 -0.1237
 -0.3497
 -0.4923
 -0.5697
 -0.5832
 -0.6312
 -0.6442
 -0.7209
  -0.893
   -1.29
  -1.333
  -1.165
  -1.073
  -1.163
  -1.173
   -1.42
  -1.313
  -1.176
  -1.204
  -1.246
   -1.17
   -1.12
  -1.232
  -1.071
  -1.292
  -1.384
  -1.492
  -1.571
  -1.595
  -1.659
  -1.659
  -1.601
  -1.827
  -1.798
  -1.824
  -1.858
  -1.849
  -1.962
  -2.048
  -1.973
  -1.859
  -1.843
      -2
  -1.942
  -1.865
  -1.892
  -2.217
  -2.284
  -2.235
  -2.315
  -2.209
  -2.216
  -2.265
  -2.281
  -2.347
  -2.319
  -2.122
   -2.15
  -2.127
  -2.124
  -2.234
  -2.479
  -2.396
  -2.426
  -2.549
  -2.586
  -2.604
  -2.715
  -2.696
  -2.861
  -2.711
  -2.725
   -2.72
  -2.742
  -2.803
  -3.007
  -3.029
  -3.056
  -2.857
  -2.683
  -2.531
  -2.548
  -2.546
   -2.47
  -2.265
  -2.119
  -1.996
  -1.872
  -1.909
  -1.911
  -1.811
  -1.684
  -1.732
  -1.712
  -1.799
  -1.602
   -1.64
  -1.615
  -1.586
  -1.633
  -1.639
  -1.571
  -1.488
  -1.443
  -1.585
  -1.475
  -1.274
  -1.388
  -1.277
  -1.192
  -1.094
 -0.8574
 -0.8343
 -0.6975
 -0.7343
  -0.479
 -0.2145
 -0.1838
  0.0619
 0.05985
  0.2041
  0.2308
  0.4086
  0.5586
  0.6325
  0.7335
  0.7435
   0.553
  0.4905
  0.4263
  0.4482
  0.5882
  0.8146
  0.9661
   1.024
   1.088
   1.249
   1.367
   1.314
   1.317
    1.39
   1.396
     1.5
   1.452
   1.444
   1.503
   1.484
   1.317
   1.541
   1.698
   1.868
   1.997
   2.158
   2.231
   2.131
   2.211
   2.309
   2.247
   2.265
   2.309
   2.503
   2.316
   2.299
    2.24
   2.214
   2.282
    2.27
   2.275
   2.488
   2.532
   2.616
   2.575
   2.726
   2.915
   2.926
   2.772
   2.919
   2.946
   3.191
   3.449
   3.353
   3.411
   3.431
   3.521
   3.738
   3.882
   4.039
   4.044
   4.069
    4.06
   3.993
   4.016
   4.117
   4.178
   4.225
   4.358
   4.261
   4.232
   4.259
   4.013
   3.902
   3.957
   4.191
    4.28
   4.455
   4.421
   4.544
   4.642
   4.671
    4.72
   4.769
   4.559
   4.432
   4.599
   4.483
   4.349
    4.25
    4.35
   4.299
   4.366
    4.18
   4.149
   4.058
   3.994
   4.079
   4.061
   4.215
   4.137
    4.24
   4.354
   4.362
   4.376
    4.29
   4.357
   4.316
   4.161
   4.238
   4.205
   4.254
   4.184
   4.203
   4.287
   4.387
   4.299
   4.513
   4.573
   4.601
   4.858
   4.895
     4.6
   4.471
   4.387
    4.44
   4.314
   4.264
   4.317
   4.372
   4.316
   4.349
   4.311
   4.254
   4.188
   4.158
   4.024
    4.03
   3.956
   3.809
   3.692
   3.716
   3.532
   3.448
   3.629
    3.58
   3.455
   3.508
   3.309
   3.054
   3.274
   3.117
   3.094
   2.943
   2.803
   2.596
   2.522
   2.494
   2.479
   2.413
   2.345
   2.392
   2.435
   2.189
   2.174
   2.107
   2.151
   2.287
    2.32
   2.475
   2.465
    2.43
   2.483
   2.673
   2.664
   2.741
   2.616
   2.497
   2.489
   2.479
   2.422
   2.595
   2.527
   2.321
   2.135
   2.287
    2.34
   2.252
   2.183
   1.988
   2.025
     1.9
   1.787
   1.776
   1.729
   1.559
   1.464
   1.279
    1.04
   1.071
   1.019
   1.027
  0.8277
  0.8919
   1.014
   0.965
  0.7803
  0.6427
  0.5882
  0.5112
  0.3518
  0.2736
  0.4772
  0.4096
  0.5022
  0.3961
  0.3286
  0.4561
  0.2226
  0.2473
  0.1031
  0.1491
  0.1089
   0.326
  0.2447
  0.1303
  0.1486
-0.05945
  0.1895
  0.1822
  0.1692
  0.1638
 0.04064
 -0.1789
  -0.289
 -0.3771
 -0.3487
 -0.4419
 -0.3895
 -0.4179
 -0.5198
 -0.4644
 -0.5231
 -0.6639
 -0.6017
  -0.616
  -0.623
  -0.557
 -0.6473
 -0.6195
 -0.6307
 -0.7387
 -0.8847
  -1.018
  -1.003
  -1.115
  -1.104
  -1.151
  -1.126
  -1.205
   -1.34
  -1.271
  -1.304
  -1.258
  -1.162
  -1.393
    -1.3
  -1.282
  -1.529
  -1.499
  -1.415
  -1.436
  -1.361
   -1.29
   -1.15
  -1.051
 -0.9811
 -0.9772
 -0.9863
  -1.052
 -0.9897
 -0.8485
 -0.6827
 -0.5098
 -0.2724
 -0.4003
 -0.2469
  -0.148
 -0.2105
 -0.1143
-0.03356
 -0.2156
 -0.1845
-0.05996
 0.01418
  0.2465
  0.4243
  0.5934
   0.618
  0.7152
  0.8717
   1.189
   1.386
   1.537
   1.538
   1.434
   1.613
   1.614
   1.438
    1.41
   1.284
   1.217
   1.237
   1.592
   1.682
   1.766
   1.709
   1.969
    2.05
   2.015
   2.209
   2.233
   2.099
   2.084
   1.968
   1.875
   1.903
    1.92
   1.855
   1.909
   1.916
   1.995
   1.946
   1.899
   2.117
   1.942
   1.804
   1.829
    1.88
   1.834
   1.978
   2.001
   2.067
   2.329
    2.52
   2.606
   2.573
   2.648
   2.721
   2.653
   2.872
   2.946
   2.856
   2.901
   3.216
    3.21
   3.308
   3.352
    3.41
   3.493
   3.508
    3.19
   3.218
   3.203
   3.309
   3.388
   3.477
   3.553
   3.453
    3.18
   3.227
   3.264
   3.462
   3.452
    3.38
   3.369
    3.32
   3.372
   3.051
   3.272
   3.484
   3.444
   3.679
   3.684
   3.689
   3.522
   3.759
   3.901
   3.921
   4.027
   3.901
   3.833
    3.87
   4.071
   3.978
   3.843
    3.74
   3.724
   3.468
   3.395
   3.288
   3.441
   3.273
   3.466
   3.526
   3.356
    3.34
    3.21
   3.171
   2.979
   2.907
   2.784
   2.795
   2.402
   2.375
   2.212
   2.283
   2.072
   2.167
   2.155
   1.949
   1.873
   1.762
   1.826
   1.746
   1.666
   1.644
   1.709
   1.597
   1.596
   1.633
   1.603
   1.573
   1.495
    1.54
   1.527
   1.469
   1.517
   1.453
   1.384
   1.501
   1.516
   1.484
   1.334
    1.47
    1.24
   1.229
    1.31
   1.504
    1.72
   1.641
   1.681
   1.526
   1.578
   1.712
    1.78
   2.058
   2.158
   1.939
   1.842
   1.627
    1.72
   1.564
   1.644
   1.546
   1.454
   1.849
   1.765
   1.944
   2.057
   2.017
   1.979
   2.189
     2.2
   2.101
   2.114
   2.136
   2.155
   2.238
    2.26
   2.445
   2.432
   2.606
   2.749
   2.825
   3.025
   2.957
   3.077
   3.084
   3.088
   3.121
   3.121
   3.229
   3.395
   3.505
   3.608
   3.646
   3.775
   3.922
   4.006
   3.962
   3.991
   4.025
    3.97
    4.03
   4.016
   3.981
   3.961
   3.807
   4.002
   3.939
   3.971
   4.012
   3.976
   3.676
   3.769
   3.844
   3.849
   3.833
   3.751
   3.845
   3.803
   3.852
   3.791
   3.423
   3.336
    3.14
   3.324
   3.405
   3.346
   3.136
   3.073
   3.028
   2.828
   2.655
   2.612
    2.61
    2.58
   2.477
   2.503
   2.498
   2.443
   2.414
   2.358
    2.28
   2.125
   2.026
   1.886
   1.831
    1.76
    1.77
   1.806
   1.927
    1.91
       2
   1.971
   1.869
   1.832
   2.014
   2.009
   2.002
   1.948
   1.806
   1.888
   1.798
   1.718
   1.749
   1.802
   1.954
   1.895
   1.668
   1.835
   1.901
    1.82
   1.967
   2.112
   2.192
   2.322
   2.118
   2.096
   2.018
    1.97
   1.929
   1.757
   1.709
   1.725
   2.041
   2.284
   2.281
   2.344
   2.482
    2.63
    2.82
   3.026
   3.076
   2.892
    2.77
   2.793
   2.677
   2.847
   2.803
   2.836
    2.82
   2.537
   2.515
   2.508
    2.39
   2.561
    2.79
   2.632
   2.679
   2.735
   2.668
   2.575
   2.581
   2.488
    2.42
   2.313
    2.17
   2.121
   1.958
   2.057
    2.17
   2.213
   1.988
   2.072
   1.974
   1.941
   1.993
   1.842
   1.657
   1.758
   1.793
   1.826
   1.734
   1.537
   1.746
    1.63
   1.527
    1.67
   1.621
   1.788
   1.584
   1.454
   1.329
    1.05
   1.073
  0.9873
   1.019
   1.081
  0.9831
  0.9431
   0.927
   0.554
  0.5809
   0.457
  0.3021
   0.222
 0.09121
   0.129
  0.2352
 0.08612
  0.1787
 0.08417
 0.05181
  -0.206
 -0.2663
 -0.3632
 -0.3774
 -0.4211
 -0.2204
 -0.1921
 -0.1865
 0.004447
 0.04976
-0.001748
 -0.1539
 -0.0344
  0.1314
-0.02346
 -0.1068
 0.04103
  -0.148
 -0.2349
   -0.37
 -0.4963
 -0.5077
 -0.3892
 -0.2376
 -0.3184
 -0.3256
 -0.3339
  -0.407
 -0.5921
 -0.6232
 -0.5959
 -0.6648
 -0.6708
 -0.5914
 -0.5238
 -0.5125
 -0.5216
 -0.5256
 -0.5483
  -0.339
 -0.2235
 -0.4513
 -0.3016
  -0.337
 -0.3413
 -0.3746
  -0.455
 -0.3988
 -0.4561
 -0.3932
 -0.4588
 -0.4035
 -0.3424
 -0.2847
 -0.2204
 -0.1051
  0.1655
  0.2401
  0.2749
  0.2812
  0.3745
  0.3429
  0.5871
    0.62
  0.6711
  0.7559
  0.6305
  0.7726
  0.8822
  0.6647
  0.5554
  0.5575
  0.6286
  0.6535
  0.7128
  0.6601
  0.7192
  0.9883
   1.304
   1.424
   1.403
   1.425
   1.438
   1.218
    1.26
   1.353
   1.158
   1.182
   1.203
   1.263
   1.168
   1.098
   1.109
   1.085
  0.9779
   1.064
   1.262
   1.265
   1.395
   1.725
   1.809
   1.846
   1.789
   1.761
   1.555
   1.574
   1.599
   1.725
    1.56
   1.643
   1.667
   1.634
   1.733
   1.824
   1.839
   1.924
   1.817
    2.06
   2.293
   2.359
   2.474
   2.401
   2.512
   2.744
   2.786
   2.968
   3.156
   3.147
   3.152
   3.555
   3.562
   3.694
   3.809
   3.976
   3.974
   4.124
   4.196
   4.196
   4.137
   4.109
   4.255
   4.546
   4.706
   4.695
   4.766
   4.744
   4.963
   4.923
   4.839
   4.961
    5.17
   5.071
   5.058
   5.204
   5.374
   5.344
    5.59
   5.471
   5.437
   5.514
   5.647
   5.695
   5.765
   5.831
   5.816
   5.738
   5.599
   5.363
   5.209
   5.155
   5.156
   5.129
   5.082
   4.879
   4.689
   4.904
   4.817
   4.793
   4.692
   4.799
   4.841
   4.692
   4.723
   4.742
     4.7
   4.754
    4.75
   4.714
   4.704
   4.508
   4.491
   4.425
   4.454
   4.347
   4.307
   4.318
   4.399
   4.377
   4.217
   4.314
   4.527
   4.535
   4.462
    4.31
    4.27
   4.138
    3.89
   3.777
   3.841
   3.645
    3.66
   3.424
   3.278
   3.099
   3.029
   2.859
   2.767
   2.565
    2.38
   2.023
   1.912
    1.77
   1.691
   1.537
   1.517
   1.326
   1.073
   1.082
  0.8609
  0.7608
  0.7152
  0.5726
  0.5409
  0.4527
  0.3898
  0.3708
  0.3114
  0.2327
 0.02617
  0.1114
 -0.1732
 -0.4026
 -0.6221
 -0.8059
  -1.012
  -1.223
  -1.477
   -1.47
  -1.595
  -1.547
  -1.653
  -1.729
  -1.867
  -1.982
  -1.851
  -1.863
  -2.064
  -2.393
  -2.566
  -2.586
  -2.699
  -2.722
   -2.92
  -2.811
  -3.211
  -3.147
  -3.476
  -3.556
  -3.524
  -3.458
   -3.63
  -3.706
  -3.756
  -3.904
  -4.031
  -4.025
  -4.085
  -3.939
  -4.028
   -4.05
  -3.988
  -3.861
   -4.04
  -4.118
  -4.231
  -3.982
  -3.844
  -3.904
  -3.977
  -3.829
  -3.635
  -3.503
  -3.343
  -3.288
  -3.305
  -3.096
  -3.314
  -3.136
  -2.918
  -2.889
  -2.504
  -2.407
  -2.277
  -2.103
  -2.046
  -1.934
  -2.088
  -2.202
  -2.214
  -1.997
  -1.973
  -1.917
  -1.931
  -1.862
  -1.665
  -1.544
  -1.466
  -1.398
  -1.238
 -0.9717
 -0.8982
 -0.8349
 -0.6762
 -0.4542
 -0.3843
 -0.3291
 -0.1524
-0.02539
-0.05736
-0.07229
-0.01089
 -0.1294
  0.1088
  0.1666
  0.2519
  0.3974
   0.472
   0.825
  0.9332
   1.167
   1.465
   1.593
    1.71
   1.708
   1.794
   1.808
   2.025
   2.075
   2.265
   2.272
   2.489
    2.48
   2.799
   2.826
   3.177
     3.1
   3.178
   3.324
   3.423
   3.579
   3.592
   3.675
   3.856
   4.027
   4.188
   4.346
    4.62
   4.743
   4.939
   4.898
   4.949
   5.033
   5.018
   5.189
   5.402
   5.455
   5.725
   5.891
   5.903
   6.033
   6.043
   6.114
    6.21
   6.413
   6.438
    6.65
   6.605
   6.596
   6.718
   6.701
   6.891
   7.043
   7.306
   7.236
   7.318
   7.281
   7.049
   7.064
    7.19
   7.254
   7.353
   7.483
   7.333
   7.396
   7.507
   7.558
   7.468
   7.558
   7.567
   7.479
   7.538
   7.488
   7.449
    7.41
   7.361
   7.362
   7.392
   7.456
   7.458
   7.206
   7.239
   7.302
   7.257
   7.108
   7.172
   7.159
   7.239
   7.393
   7.385
   7.591
    7.62
   7.541
    7.47
   7.541
   7.282
   7.334
   7.444
   7.337
   7.341
   7.323
   7.149
   7.199
   7.047
   7.019
   7.039
   6.911
   6.777
   6.911
   6.743
   6.696
   6.715
   6.743
   6.767
   6.873
   6.967
   6.876
   7.083
   7.004
   6.937
   6.852
   6.757
   6.789
   6.721
   6.732
   6.629
   6.378
    6.05
   5.749
   5.758
   5.648
    5.94
    5.91
   5.889
   5.695
   5.533
    5.31
   5.139
   4.996
   4.932
   4.715
   4.525
   4.502
   4.282
   4.004
   3.909
   3.811
   3.698
   3.372
   3.249
   3.052
   2.944
   2.745
   2.409
   2.309
    2.55
   2.446
   2.266
   2.137
   2.003
    1.59
   1.412
   1.441
   1.275
   1.311
   1.286
   1.218
    1.04
    1.01
   1.005
  0.9119
  0.4853
  0.5651
  0.3357
  0.3273
 0.03454
 0.03316
 -0.0266
-0.07827
 -0.2089
 -0.3733
 -0.5935
 -0.6837
 -0.8681
 -0.9813
  -1.065
  -1.206
  -1.275
  -1.139
  -1.203
  -1.375
  -1.337
  -1.364
  -1.508
  -1.594
  -1.472
  -1.546
  -1.632
  -1.563
  -1.735
  -1.714
  -1.722
  -1.784
  -1.816
   -1.77
  -1.603
  -1.629
  -1.591
  -1.645
  -1.588
  -1.604
  -1.624
  -1.581
  -1.647
  -1.796
  -1.979
  -1.996
  -2.053
  -1.897
  -2.077
  -1.969
  -1.985
  -1.862
  -2.136
  -2.366
  -2.245
  -2.194
  -2.268
   -2.29
  -2.186
  -2.317
   -2.22
  -2.106
  -2.116
  -2.177
  -2.205
  -2.061
  -1.889
  -1.943
  -1.899
  -1.934
  -2.134
  -2.122
  -2.125
  -2.072
  -1.851
    -1.8
  -1.811
  -1.864
  -1.717
   -1.89
   -1.67
  -1.811
  -1.643
  -1.728
  -1.856
  -1.916
  -1.795
  -1.579
  -1.405
  -1.432
  -1.555
  -1.651
   -1.67
  -1.481
  -1.395
   -1.35
  -1.319
  -1.373
  -1.175
  -1.023
 -0.8279
 -0.8116
 -0.7805
 -0.5019
 -0.3643
 -0.3075
 -0.3746
 -0.3306
 -0.2221
 -0.2891
 -0.2653
 -0.3473
 -0.5231
 -0.5852
  -0.531
 -0.4421
 -0.4167
 -0.3708
 -0.5021
 -0.5291
 -0.6273
 -0.6121
 -0.7504
 -0.5174
 -0.7501
 -0.8103
  -0.784
 -0.6624
 -0.6805
   -0.64
 -0.4802
 -0.5189
  -0.339
  -0.231
 -0.3932
  -0.243
 -0.2082
-0.08884
 0.03811
 0.003204
  0.1136
  -0.118
-0.02807
  0.1179
  0.1525
  0.1387
 0.07757
   0.425
  0.5161
  0.6206
   0.631
  0.4255
  0.4213
  0.5114
  0.7297
  0.9892
   1.115
   1.272
   1.331
   1.515
   1.562
   1.783
   1.941
   2.051
   2.321
   2.213
   2.182
   2.273
     2.4
   2.489
   2.577
   2.625
   2.888
    2.89
   2.873
   2.897
   2.977
   2.978
   3.209
   3.272
   3.157
   3.335
   3.476
   3.553
    3.54
   3.741
   3.726
   3.648
   3.541
   3.565
   3.577
   3.597
   3.937
   4.031
   3.996
    4.06
   4.057
   4.155
   4.239
   4.175
   4.428
   4.627
   4.764
    4.75
   4.663
   4.707
   4.659
   4.633
   4.743
   4.986
   5.014
    5.13
    5.24
   5.463
   5.565
   5.656
   5.656
   5.658
   5.646
   5.565
   5.638
   5.666
   5.738
   5.694
    5.66
   5.574
   5.461
   5.392
    5.33
   5.248
   5.381
   5.662
    5.43
   5.427
   5.305
   5.263
   5.311
   5.507
   5.499
   5.714
   5.725
   5.859
   5.997
   5.924
   5.819
   5.921
    5.97
     5.9
   5.693
   5.759
   5.909
   5.938
   5.895
   5.746
   5.719
   5.546
   5.644
    5.46
   5.413
   5.319
   5.232
   5.068
   5.057
   4.733
   4.618
   4.505
   4.444
   4.466
    4.31
    4.05
   4.122
   3.934
   3.874
   3.852
    3.58
   3.242
   3.153
   3.138
   3.115
   2.951
   2.806
   2.658
   2.649
   2.498
   2.407
   2.363
   2.244
   2.196
    2.09
   1.881
   1.763
   1.577
   1.481
   1.362
   1.072
   1.075
  0.9624
    0.83
   0.664
  0.7596
  0.5856
  0.7926
  0.5298
  0.4074
  0.1204
 0.07003
-0.09201
 -0.1489
 -0.3861
 -0.5469
 -0.6531
 -0.8086
  -1.012
  -1.097
  -1.126
  -1.119
  -1.258
   -1.51
  -1.532
  -1.596
  -1.595
  -1.807
  -1.893
  -1.963
  -2.004
  -1.946
  -1.774
  -2.015
  -2.021
  -2.081
  -2.337
  -2.423
  -2.582
  -2.695
  -2.568
  -2.653
  -2.691
  -2.875
   -2.74
  -2.647
  -2.757
  -2.429
  -2.611
  -2.646
    -2.7
   -2.75
  -2.726
  -2.703
  -2.882
  -2.789
  -2.678
  -2.688
  -2.837
  -2.717
  -2.736
  -2.772
  -2.655
  -2.626
  -2.495
  -2.625
  -2.527
  -2.433
  -2.414
  -2.226
   -2.25
  -2.125
  -2.154
  -2.203
  -2.126
  -2.154
  -2.261
  -2.115
  -1.825
  -1.692
  -1.651
  -1.694
  -1.792
  -1.722
   -1.57
   -1.51
  -1.488
  -1.535
  -1.545
   -1.48
  -1.343
  -1.288
  -1.157
  -1.063
 -0.9713
  -1.078
  -1.197
 -0.9761
  -1.061
  -1.048
 -0.9058
 -0.6457
 -0.5618
 -0.5042
 -0.3333
 -0.3654
 -0.2199
 -0.1573
 0.03314
-0.05142
  0.1042
   0.275
  0.4684
  0.6611
  0.6265
  0.7782
  0.8069
  0.7751
  0.6214
   0.626
  0.6327
  0.5903
  0.6102
  0.6172
  0.5894
  0.7876
  0.8939
       1
   1.006
   1.085
   1.214
   1.237
    1.43
   1.484
   1.622
   1.827
   2.003
   1.934
   1.932
    2.19
   2.217
   2.211
   2.387
   2.526
    2.72
   2.828
   2.967
   2.941
   2.904
   3.077
   3.167
   3.185
   3.497
   3.554
   3.561
   3.737
   3.841
   3.896
   3.812
   3.828
   3.871
   4.115
   4.287
   4.359
   4.332
   4.284
   4.344
   4.359
   4.527
   4.621
   4.726
   4.853
   5.166
   5.185
   5.457
   5.514
   5.678
   5.816
   5.869
   5.799
   5.752
   5.917
   5.965
    5.93
   6.054
   5.976
   5.962
    5.94
   5.813
   5.879
   6.029
   6.055
   5.886
   6.037
   5.955
   6.111
    6.16
   5.995
   6.167
   6.149
   6.064
   6.255
   6.411
   6.455
   6.672
   6.687
   6.664
   6.598
   6.455
   6.405
   6.382
   6.317
   6.253
   6.123
   6.215
   6.244
   6.191
   6.285
   6.159
   6.012
   6.028
    6.08
   5.961
   5.903
   5.882
   6.082
   6.108
   5.993
   5.929
   5.804
   5.747
   5.784
   5.768
   5.731
   5.749
   5.693
   5.552
   5.322
   5.217
   5.163
       5
    4.79
   4.744
   4.823
    4.68
   4.622
     4.6
    4.47
   4.413
   4.407
   4.094
   4.169
   4.228
   4.017
   4.045
   3.911
   3.886
    3.78
   3.526
   3.422
   3.184
    3.08
   3.075
    3.02
   2.979
   3.061
   2.913
   2.707
   2.731
   2.579
   2.588
   2.542
   2.654
   2.619
   2.525
   2.604
    2.49
   2.336
   2.281
   2.183
   2.088
   1.974
   1.879
   1.486
   1.209
   1.187
   1.053
   1.054
   1.044
  0.9971
   1.181
       1
  0.9706
   0.957
  0.8354
  0.8455
   0.662
  0.6889
  0.6662
  0.8584
  0.7505
  0.5707
  0.5881
   0.584
  0.5711
  0.4436
  0.2561
  0.3183
  0.3909
  0.2113
  0.2957
  0.1786
  0.1666
  0.2749
  0.3923
  0.2193
 0.09954
  0.1247
  0.1652
   0.312
-0.04805
 -0.1953
 -0.2789
 -0.4516
 -0.4538
 -0.4239
 -0.5235
 -0.6193
 -0.7544
 -0.8183
 -0.9184
 -0.9172
  -0.995
 -0.9224
 -0.9651
 -0.8445
 -0.9886
 -0.9082
 -0.7929
 -0.8745
 -0.9211
 -0.8005
   -0.86
 -0.8272
 -0.6183
 -0.6414
 -0.6567
 -0.4751
 -0.5396
 -0.5513
 -0.6658
 -0.7281
  -0.754
 -0.7514
 -0.7218
 -0.5064
 -0.5293
 -0.6305
 -0.7214
 -0.6458
 -0.5673
 -0.5847
 -0.5378
 -0.6013
 -0.6312
  -0.342
 -0.3244
  -0.409
 -0.3642
 -0.2962
 -0.5328
 -0.4131
 -0.4719
 -0.5039
 -0.6683
 -0.5836
 -0.6307
 -0.7106
 -0.6714
 -0.4493
 -0.1831
 0.04237
-0.02499
-0.04864
 0.01204
 0.02081
  0.1293
  0.3008
  0.3934
  0.3602
  0.4216
  0.4873
  0.4819
  0.6234
  0.5994
   0.686
  0.7753
  0.8802
  0.9827
   1.133
   1.151
   1.302
   1.516
   1.408
   1.376
   1.399
   1.389
   1.297
   1.329
   1.375
   1.359
   1.487
   1.458
   1.413
   1.449
   1.348
    1.39
   1.411
   1.205
   1.357
   1.325
   1.553
   1.495
   1.402
   1.481
   1.595
   1.902
   1.896
   1.592
   1.385
    1.36
   1.366
    1.56
   1.783
    1.68
   1.579
   1.387
   1.468
   1.694
   1.694
   1.717
   1.872
    1.96
   2.324
   2.158
   2.095
   2.007
   1.956
   2.044
   2.059
   2.181
   2.268
    2.04
   2.208
   2.207
   1.977
   2.081
   2.079
   2.198
     2.4
   2.686
   2.596
   2.719
   2.806
   2.969
   3.075
   3.149
    3.15
   3.106
   2.934
   2.898
   2.725
   2.664
   2.827
   2.716
    2.68
   2.905
   2.916
   2.794
   2.664
   2.721
   2.826
   2.778
   2.913
    2.94
   3.213
   3.357
   3.376
   3.425
    3.51
   3.552
   3.572
   3.591
   3.635
   3.581
   3.435
   3.262
   3.318
   3.309
   3.343
   3.229
   3.244
   3.135
    3.26
   3.314
   3.448
   3.531
   3.447
   3.379
   3.218
   3.072
   2.916
   3.061
   3.015
   2.838
   3.104
   3.013
   3.203
   3.196
   3.232
   3.391
   3.535
   3.695
   3.794
   3.924
   4.058
   4.179
   4.086
   4.321
   4.281
   4.099
   4.094
   4.171
   4.266
   4.236
   4.382
   4.506
    4.61
   4.753
   4.833
   4.655
   4.811
   4.848
   4.713
    4.53
   4.486
   4.304
   4.223
   4.258
   4.352
   4.432
   4.479
   4.196
   4.257
   4.277
   4.188
    4.15
   4.121
   4.091
   4.215
   4.219
   4.076
    4.01
   4.189
   4.201
    4.09
    4.27
   4.271
   4.313
   4.322
   4.206
   4.028
   3.961
   3.803
   3.703
   3.543
   3.737
   3.685
   3.646
   3.725
   3.819
    3.56
   3.465
    3.32
   3.344
   3.094
   2.845
   2.712
   2.543
   2.507
   2.373
   2.241
   2.119
   2.125
   1.963
   1.787
   1.639
   1.605
   1.365
   1.075
  0.8803
  0.8503
  0.6265
   0.593
  0.6544
  0.5736
  0.3522
   0.282
  0.2584
  0.2101
  0.1726
 0.03293
-0.04687
-0.05937
 -0.4335
 -0.4571
 -0.4828
 -0.6717
 -0.7394
 -0.8792
 -0.9381
 -0.9174
 -0.9416
  -1.046
   -1.03
 -0.9888
 -0.9998
  -1.009
  -1.268
  -1.477
  -1.487
  -1.625
  -1.655
  -1.668
  -1.708
  -1.624
  -1.527
  -1.409
  -1.411
  -1.476
  -1.537
  -1.561
  -1.495
  -1.674
  -1.941
  -2.023
  -1.923
  -1.984
  -2.116
  -2.187
  -2.132
  -2.229
  -2.318
  -2.359
  -2.374
  -2.321
  -2.254
  -2.362
  -2.368
  -2.572
  -2.296
  -2.414
  -2.479
   -2.45
    -2.4
  -2.389
  -2.417
  -2.332
   -2.27
  -2.308
  -2.387
  -2.435
   -2.34
  -2.367
  -2.402
  -2.175
  -2.195
  -2.058
  -2.139
  -2.167
  -2.409
  -2.647
  -2.798
  -2.766
  -2.758
  -2.616
  -2.689
  -2.607
  -2.593
  -2.491
  -2.276
  -2.241
  -2.385
  -2.282
   -2.21
  -2.341
  -2.428
  -2.579
  -2.479
  -2.614
  -2.654
  -2.601
  -2.522
  -2.577
  -2.613
  -2.584
  -2.772
  -2.758
  -2.912
  -2.953
  -3.178
  -3.144
  -3.214
  -3.337
  -3.436
  -3.347
  -3.455
  -3.641
  -3.756
  -3.633
  -3.662
  -3.719
  -3.763
  -3.768
  -3.888
  -3.791
   -3.82
  -3.876
  -3.728
  -3.705
  -3.527
  -3.613
  -3.584
  -3.458
  -3.246
  -3.257
  -3.347
  -3.421
  -3.388
  -3.326
  -3.127
  -3.032
  -2.943
  -2.655
  -2.725
  -2.551
  -2.344
  -2.342
   -2.09
  -2.094
  -1.752
  -1.734
   -1.54
  -1.504
  -1.217
  -1.083
  -1.001
  -0.882
 -0.8098
 -0.6154
 -0.3747
 -0.2489
 0.09043
  0.3062
  0.2199
  0.3083
  0.4063
  0.5302
  0.6038
  0.6084
  0.5018
  0.6644
  0.8461
  0.7398
  0.5419
  0.6873
  0.9177
  0.9859
  0.8347
   1.093
  0.9503
  0.7876
  0.8492
  0.7303
  0.9972
    1.17
   1.313
   1.251
   1.567
   1.549
   1.655
   1.851
   1.992
   1.979
   1.834
   1.923
   2.098
   2.131
     2.1
    2.12
   2.148
   2.227
   2.439
   2.368
   2.315
   2.358
   2.295
   2.254
   2.158
    2.25
   2.206
   2.148
   2.216
   2.275
   2.194
   2.247
   2.213
   2.244
   2.349
    2.25
   2.327
   2.365
   2.305
   2.277
   2.428
   2.265
   2.155
   2.246
   2.457
   2.533
   2.666
   2.764
   2.826
   2.763
   2.901
    3.04
   3.311
   3.351
   3.291
   3.254
    3.43
   3.382
   3.245
   3.099
   3.268
   3.266
   3.411
   3.219
   3.128
    3.11
   2.888
   2.913
   2.775
   2.708
   2.618
   2.493
   2.461
   2.315
   2.359
   2.546
   2.306
   2.069
   2.009
   2.035
    1.89
   2.018
    2.04
   1.964
   1.979
   1.734
    1.76
   1.976
   2.047
   2.129
   2.224
   2.234
   2.233
   2.263
   2.068
   2.045
   2.082
   2.107
   2.062
   2.165
   2.039
   1.937
   1.618
   1.552
   1.508
   1.503
   1.593
   1.526
   1.358
   1.403
    1.27
   1.236
   1.084
  0.9864
    1.15
   1.178
   1.113
   1.098
  0.9006
  0.8863
  0.9209
   1.072
   1.135
   1.265
   1.109
   1.222
   1.232
   1.163
    1.21
   1.225
   1.245
   1.422
    1.62
   1.693
   1.672
   1.751
   1.869
   1.822
   1.865
   1.976
   1.953
   1.849
   1.762
   1.799
    1.55
    1.69
   1.593
   1.618
   1.516
   1.538
   1.335
   1.365
   1.445
    1.42
   1.414
   1.367
   1.301
   1.274
   1.207
    1.17
   1.256
  0.9945
   1.127
   1.119
  0.9863
  0.9387
  0.8383
  0.7098
  0.7808
  0.7998
  0.8097
  0.7846
  0.8621
  0.9825
  0.8581
   1.015
   1.077
  0.9574
    0.87
  0.8537
  0.8664
  0.9163
  0.9387
   1.171
   1.374
   1.289
   1.425
   1.416
   1.348
   1.414
   1.297
   1.333
   1.574
   1.783
   1.931
   1.835
   1.739
   1.926
    1.94
   2.036
   2.058
   1.983
   1.816
   1.662
   1.648
   1.918
   1.963
   1.931
   1.961
   1.942
   1.706
   1.871
    1.79
   1.637
   1.498
   1.625
   1.712
    1.85
   1.931
   1.861
   2.045
   2.121
   1.947
   1.797
    1.68
   1.724
   1.624
    1.63
   1.727
   1.846
   1.688
   1.707
   1.597
   1.519
   1.679
   1.855
   2.007
    1.99
   1.912
   2.186
   2.168
   2.134
   2.136
   2.272
   2.361
   2.468
   2.321
   2.186
     2.3
    2.37
   2.544
   2.596
   2.594
   2.482
    2.52
   2.555
   2.527
   2.431
   2.477
   2.349
   2.401
    2.75
    2.95
   2.916
   2.799
   2.819
    2.48
   2.649
   2.582
   2.527
   2.436
   2.675
   2.616
   2.712
   2.907
   2.846
   2.906
   2.747
   2.539
   2.788
   2.927
   3.158
   3.122
   3.247
   3.434
   3.294
    3.31
   3.123
   3.069
   3.257
   3.494
   3.309
    3.32
   3.319
   3.433
   3.378
   3.607
   3.543
    3.73
    3.61
   3.606
   3.558
   3.681
   3.706
   3.751
   3.729
   3.787
   3.853
   3.625
   3.861
   3.921
   3.988
   4.045
   3.904
   3.875
   3.883
   3.795
   3.776
   3.793
   3.664
   3.554
   3.578
   3.604
   3.626
   3.447
   3.484
   3.534
   3.565
   3.733
   3.763
   3.861
   4.068
   4.014
    3.97
   3.719
   3.854
   3.966
   3.969
   3.944
   4.037
   4.098
   3.908
   3.865
   3.851
   4.129
   4.216
   4.222
   4.124
   4.151
   4.091
   4.159
   4.043
   3.784
   3.876
   3.918
   3.856
   3.876
   3.736
   3.801
    3.72
    3.62
   3.429
   3.338
   3.314
   3.255
   3.042
   2.822
   2.812
    2.63
   2.637
   2.432
   2.113
   1.985
   1.859
   1.524
   1.279
   1.168
   1.229
   1.059
   1.034
  0.9823
  0.9532
    1.02
  0.8993
  0.9725
  0.8774
  0.7109
  0.6156
  0.5116
  0.3999
  0.2628
  0.2488
  0.2451
 0.005197
 -0.2442
 -0.3536
  -0.427
 -0.5772
 -0.6236
 -0.7273
  -0.847
 -0.8769
 -0.9889
 -0.8848
  -1.002
  -1.087
  -1.002
  -1.063
 -0.9287
 -0.9578
  -1.168
  -1.213
  -1.223
  -1.497
  -1.677
   -1.88
  -2.026
  -1.959
  -2.191
  -2.404
  -2.621
  -2.576
  -2.611
  -2.754
  -2.844
  -3.067
  -3.159
  -3.139
  -2.992
  -3.032
  -3.151
  -3.274
  -3.229
  -3.331
  -3.384
  -3.619
  -3.431
  -3.454
  -3.387
  -3.486
  -3.461
  -3.376
  -3.442
   -3.34
  -3.325
  -3.321
  -3.461
  -3.431
   -3.66
  -3.512
  -3.237
  -3.055
  -2.844
  -2.934
  -2.907
  -2.929
  -2.903
  -2.843
  -2.648
  -2.607
  -2.405
  -2.246
  -2.305
  -2.103
  -1.994
  -2.025
  -1.888
  -1.769
   -1.36
  -1.536
  -1.518
   -1.33
  -1.195
 -0.9086
 -0.9078
 -0.8105
 -0.8639
 -0.7466
 -0.6102
 -0.7989
 -0.8732
 -0.8257
 -0.7878
 -0.7487
 -0.7335
 -0.6906
 -0.5192
 -0.4384
 -0.4476
  -0.488
 -0.4517
 -0.2096
 -0.1456
 -0.0878
-0.06128
 0.07904
  0.1508
  0.2634
  0.2326
  0.2263
  0.2626
  0.5985
  0.7064
   0.967
    1.06
   1.256
   1.227
   1.363
   1.533
   1.659
   1.722
   1.713
   1.576
   1.541
   1.566
   1.793
   1.968
   2.139
   2.269
   2.345
   2.485
   2.399
   2.408
   2.422
   2.604
   2.691
   2.787
   2.731
   2.797
   2.854
   2.942
   2.881
   2.929
   3.072
   3.264
   3.403
    3.58
   3.494
   3.588
    3.73
    3.81
   3.804
   3.816
   4.062
   4.088
    4.09
   4.067
   4.316
   4.416
   4.451
   4.596
   4.598
   4.871
   4.877
   4.973
   5.041
   5.103
   5.058
   5.103
    5.31
   5.222
   5.248
   5.232
   5.428
   5.417
   5.546
   5.536
   5.807
   5.751
   5.625
   5.803
   5.888
   5.687
    5.77
   5.655
   5.731
   5.751
   5.753
   5.858
   5.774
   5.734
   5.907
   6.073
   6.213
   6.327
   6.171
   6.146
   6.054
   6.046
   5.864
   5.742
   5.751
   5.635
   5.626
   5.605
   5.538
   5.585
   5.349
    5.54
   5.347
   5.269
   5.222
    5.21
   5.122
    4.86
   5.014
    4.87
    4.94
   4.811
   4.753
   4.725
   4.429
   4.354
   4.346
   4.239
   4.263
   4.031
   3.927
   3.812
    3.38
   3.555
   3.635
   3.584
   3.463
   3.316
   3.305
    3.35
   3.234
   3.143
    3.18
   2.903
   2.575
   2.333
   2.142
   2.142
   1.911
   1.805
   1.759
   1.551
   1.346
    1.19
    1.06
   1.205
   1.135
   1.026
    0.98
   0.701
  0.5423
  0.3708
  0.1663
  0.1747
-0.04164
  -0.246
  -0.455
  -0.526
 -0.6356
 -0.8194
 -0.8405
 -0.9402
  -1.034
  -1.176
  -1.232
  -1.326
  -1.378
  -1.226
  -1.405
  -1.449
  -1.495
  -1.669
  -1.701
   -1.72
   -1.68
  -1.892
   -2.09
  -2.146
  -2.055
  -2.133
  -2.168
  -2.225
  -2.221
  -2.306
  -2.498
  -2.526
  -2.391
  -2.532
  -2.661
  -2.667
  -2.887
    -3.1
  -3.191
  -3.141
  -3.018
  -2.834
   -2.86
  -2.913
  -2.777
  -2.761
  -2.644
  -2.531
  -2.644
  -2.583
  -2.662
  -2.694
  -2.592
  -2.457
  -2.364
  -2.278
  -2.219
  -2.077
  -2.089
  -2.114
  -2.214
  -2.143
  -2.042
  -2.058
   -2.16
  -2.038
  -2.081
  -2.142
  -2.148
  -2.147
  -2.198
   -2.44
  -2.342
  -2.207
  -2.212
  -2.245
  -2.299
  -2.311
  -2.445
  -2.371
   -2.34
  -2.359
  -2.341
  -2.217
  -2.182
   -2.07
  -2.109
  -2.029
  -2.003
  -1.927
  -1.871
   -1.65
  -1.619
  -1.679
  -1.619
  -1.584
  -1.588
  -1.543
   -1.51
  -1.353
  -1.082
  -1.063
 -0.9845
 -0.9816
 -0.9253
 -0.8583
 -0.8605
  -0.754
 -0.6641
 -0.6008
 -0.2529
 -0.1138
 0.06188
 0.05355
 0.05548
-0.00786
-0.07141
 0.03793
  0.2264
  0.3414
  0.3994
  0.7042
  0.6924
  0.7668
  0.6226
  0.8818
  0.9534
   1.076
   1.185
   1.143
   1.192
   1.102
   1.092
   1.264
   1.261
    1.42
   1.421
   1.543
   1.474
   1.757
   1.749
   1.923
   2.082
   2.074
   2.211
   2.448
   2.636
    2.71
   2.636
   2.803
   2.601
    2.49
   2.618
    2.84
   2.932
   3.253
   3.315
   3.472
   3.451
   3.429
   3.449
    3.52
   3.417
    3.53
   3.528
   3.614
   3.568
   3.532
   3.559
   3.734
    3.83
   3.719
    3.88
   3.828
   3.811
   3.686
   3.693
   3.769
    3.84
   3.773
   3.814
    3.51
    3.59
   3.627
   3.565
   3.606
   3.587
   3.452
   3.536
   3.834
   4.019
   4.159
   4.136
   4.265
   4.269
   4.359
   4.297
   4.258
   4.299
   4.209
   4.159
   4.241
   4.197
   4.091
   3.834
   3.756
   3.552
   3.504
   3.656
   3.736
   3.605
   3.465
   3.516
   3.384
   3.256
    3.04
   3.005
   2.911
   2.864
   3.071
   2.926
   2.858
   2.817
   2.725
   2.843
   2.832
   2.792
   2.803
    2.67
   2.835
   2.726
   2.984
   2.961
   2.931
   2.995
   2.897
   3.085
   3.221
   3.256
   3.024
   2.998
    2.95
   2.841
   2.912
   3.033
   3.019
   2.892
   2.877
   3.111
   3.023
   2.905
   2.883
   2.937
   2.889
   2.829
   2.819
     2.7
   2.763
   2.612
    2.47
   2.275
   2.186
    1.96
   1.934
    1.81
       2
   1.784
   1.823
   1.808
   1.809
   1.992
   1.894
   1.819
   1.696
    1.72
   1.753
   1.711
    1.44
   1.438
   1.286
   1.392
   1.219
   1.147
  0.9107
  0.8639
  0.8316
  0.8498
  0.8094
  0.7735
  0.9956
   1.161
   1.177
   1.294
   1.298
   1.271
   1.354
   1.438
   1.523
   1.337
   1.316
   1.334
   1.277
   1.105
   1.047
   1.068
   1.038
  0.9878
  0.9023
  0.8752
  0.9388
  0.7472
  0.7934
  0.9882
  0.7733
  0.9013
   1.039
   1.002
   1.042
  0.8596
  0.8999
   1.075
   1.173
  0.9321
   1.023
  0.9697
  0.9557
   1.053
   0.838
  0.8175
  0.5826
  0.3929
   0.369
  0.3114
  0.3274
   0.109
  0.1414
 0.008338
 -0.1266
 -0.1126
 -0.0637
-0.03218
 -0.1098
 -0.1268
 0.003541
 0.07514
 0.04075
  0.1213
   0.184
  0.2569
  0.3766
  0.1655
 0.01878
 0.05827
-0.09722
 -0.1495
-0.02071
 0.04656
 0.09388
 -0.1256
 -0.3022
  -0.367
 -0.4354
 -0.2725
 -0.3779
  -0.277
 -0.2426
 -0.3352
 -0.2207
 -0.3896
 -0.4534
 -0.3768
 -0.4388
 -0.7533
 -0.8726
 -0.9396
 -0.8333
 -0.6958
 -0.7593
 -0.7596
  -1.032
  -1.203
  -1.348
  -1.178
   -1.08
  -1.083
  -1.203
  -1.299
  -1.422
  -1.374
   -1.49
  -1.423
  -1.194
  -1.026
   -1.13
  -1.313
  -1.437
  -1.514
  -1.685
  -1.372
   -1.27
  -1.305
  -1.344
  -1.446
  -1.395
  -1.495
  -1.523
  -1.543
  -1.525
  -1.518
  -1.417
  -1.483
  -1.471
  -1.266
  -1.419
  -1.378
   -1.08
  -1.021
 -0.8227
 -0.8149
 -0.6956
 -0.8355
 -0.6532
 -0.5326
 -0.6459
 -0.6556
 -0.6394
 -0.4868
 -0.6889
 -0.6986
 -0.6348
  -1.057
 -0.9281
 -0.8227
 -0.6362
 -0.5741
 -0.4552
 -0.6754
 -0.5778
   -0.57
 -0.6381
 -0.5611
 -0.5056
 -0.3598
  -0.259
-0.01006
 0.05331
  0.3163
  0.6624
   0.678
  0.5839
  0.6564
  0.7985
   1.016
   1.108
   1.269
   1.368
   1.399
   1.233
   1.288
   1.466
   1.472
   1.355
   1.634
   1.521
   1.608
    1.58
   1.638
   1.612
   1.625
    1.64
   1.719
   1.876
   1.825
   2.068
   2.258
   2.217
   2.447
   2.607
   2.601
   2.652
   3.055
   3.154
   3.206
   3.366
   3.357
    3.31
    3.26
   3.397
   3.552
   3.324
   3.197
   3.368
   3.624
   3.693
   3.896
    3.78
    3.86
   3.697
   3.799
   3.918
   3.917
   3.921
   4.138
   4.096
   4.321
   4.341
   4.457
   4.575
   4.503
   4.444
   4.418
   4.445
   4.398
   4.423
   4.442
   4.372
   4.491
   4.431
   4.256
    4.17
   3.981
   3.901
   3.977
   4.073
   4.083
   4.053
   3.937
   3.837
   3.866
   3.822
   3.909
   4.149
    4.36
    4.48
   4.331
   4.265
   4.126
   4.006
   4.086
   4.132
   4.055
   3.965
   3.788
   3.691
   3.523
   3.508
   3.429
    3.45
   3.328
   3.318
   3.433
   3.446
   3.403
   3.393
   3.294
   3.234
    3.09
    3.25
   3.553
   3.707
   3.687
   3.702
   3.571
   3.619
   3.582
   3.645
   3.639
   3.597
   3.407
   3.341
   3.231
   3.225
   3.254
   3.127
   3.168
   3.104
   3.033
   2.883
   2.877
   2.852
     2.7
   2.687
   2.823
   2.791
   2.952
   2.996
   2.741
   2.377
    2.36
   2.384
   2.283
     2.3
   2.279
    2.24
   2.218
   2.137
   2.113
   2.086
    2.14
   2.126
   2.151
   2.081
   2.008
    2.17
   2.115
   1.745
   1.797
   1.718
   1.826
   2.002
   2.197
   2.302
   2.095
   1.982
   1.816
    1.88
   1.871
   1.968
   1.868
   1.827
   1.981
   1.866
   1.865
   1.953
   1.863
   1.831
   1.996
    1.85
   1.816
   1.762
   1.795
   1.664
   1.482
   1.479
   1.547
   1.611
   1.712
   1.742
   1.584
    1.65
    1.58
   1.555
   1.526
   1.371
   1.398
   1.318
   1.143
   1.259
   1.161
   1.289
   1.238
   1.299
    1.33
   1.443
   1.228
   1.123
   1.077
  0.9489
  0.9537
  0.8538
  0.9723
   0.821
  0.8001
  0.8091
  0.8364
  0.7048
   0.592
  0.5816
    0.73
  0.6266
  0.7591
  0.7031
  0.6235
  0.5894
  0.2586
  0.5196
  0.4483
  0.3593
  0.3379
  0.6406
  0.7784
   0.614
  0.5403
  0.3148
  0.4131
  0.3992
  0.3969
  0.5114
  0.3522
  0.1781
 0.01042
-0.03966
 0.03653
 0.08397
  0.1271
    0.14
  0.1545
  0.1575
 0.03193
 0.006564
-0.003641
-0.00436
    0.17
  0.2664
  0.4528
  0.2952
  0.5275
    0.42
  0.4812
  0.3656
  0.1167
 0.04338
 0.02428
    0.09
-0.01503
-0.06892
-0.05726
-0.03582
-0.009432
-0.04468
 -0.3075
 -0.3172
 -0.1372
 -0.2978
 -0.3425
 -0.2252
 -0.2644
 -0.1923
 -0.2532
 -0.1445
 0.05794
-0.09597
 0.04823
  0.2738
 0.09148
  0.2133
  0.1911
  0.1866
  0.1109
 0.03653
 0.09943
 0.08291
   0.117
 0.01691
  0.1178
  0.1021
 0.09002
  0.1113
  0.3028
  0.4036
  0.3514
  0.2383
  0.3217
  0.2921
    0.34
  0.2995
  0.2758
  0.4614
  0.5981
  0.6126
  0.6579
   0.625
   0.673
  0.7925
  0.9889
   1.009
   1.023
   1.077
   1.055
  0.9213
  0.9074
  0.7879
  0.7214
  0.8046
  0.7481
  0.7539
  0.7596
  0.6146
  0.3767
  0.2233
  0.2294
  0.1832
   0.118
 0.02921
 0.05195
-0.09416
  0.0698
 0.07577
  0.2241
   0.351
  0.3622
  0.2355
  0.1285
  0.2241
  0.1258
  0.1324
  0.2928
  0.2258
  0.1933
  0.2823
  0.1031
-0.0008162
 0.08335
  0.1463
  0.2218
   0.413
   0.437
  0.3273
  0.4506
  0.5909
  0.6709
  0.7524
  0.6305
   0.699
  0.9295
  0.8001
  0.9006
   1.144
  0.9895
   1.074
   1.178
   1.266
   1.338
   1.459
   1.522
   1.524
    1.48
   1.525
    1.36
   1.412
   1.236
   1.077
   1.327
   1.355
    1.45
   1.488
   1.332
   1.329
   1.301
   1.213
    1.46
   1.533
   1.374
    1.42
   1.471
   1.239
   1.338
   1.262
   1.104
  0.9885
   1.007
   1.096
    1.14
   0.954
  0.9722
  0.8308
  0.9408
  0.9615
   0.904
   1.052
    1.12
   1.065
  0.9531
  0.9327
  0.9211
   1.067
   1.404
   1.689
   1.767
   1.694
   1.833
   1.853
   1.897
   1.978
   1.982
   2.064
   2.183
    2.23
   2.168
   2.029
   2.126
   2.158
   2.244
   2.152
   2.149
   2.153
   1.997
   1.941
   2.211
   2.161
   2.174
   2.086
   2.057
   2.184
   2.425
    2.54
   2.674
    2.57
    2.65
    2.68
    2.58
   2.663
   2.515
   2.568
   2.596
   2.751
   2.885
   2.862
    3.01
   3.191
   3.478
   3.739
   3.917
    3.93
   3.863
   3.954
   3.767
   3.775
   3.643
   3.914
   4.104
   4.196
   4.029
   4.007
   3.982
   4.067
   4.009
   3.973
   4.023
   4.091
   4.178
   4.326
   4.349
    4.36
     4.5
   4.438
   4.441
   4.393
    4.24
   4.378
   4.507
   4.359
   4.388
    4.53
   4.408
   4.416
   4.363
   4.359
   4.419
   4.485
   4.372
   4.325
   4.181
   4.016
   4.008
   4.039
   4.193
   4.116
   4.025
   3.875
   3.701
   3.555
   3.284
   3.079
   2.735
   2.685
   2.589
   2.432
   2.534
   2.559
   2.583
   2.517
    2.26
   2.406
   2.314
   2.327
   2.188
   2.218
   2.185
   2.176
   2.096
   2.022
   2.105
    2.02
   1.879
   1.864
   1.811
   1.791
   1.902
   1.768
   1.914
   1.946
   1.902
   1.811
   1.919
   1.864
    1.83
   1.802
   1.822
   1.917
   1.692
   1.826
   1.838
   1.776
   1.757
   1.689
   1.793
   1.882
   1.773
   1.758
   1.564
   1.672
   1.835
   1.892
   1.743
   1.701
   1.752
   1.688
   1.711
    1.59
   1.592
   1.589
   1.671
   1.703
   1.719
   1.679
   1.781
   1.884
   1.731
   1.595
   1.683
   1.647
   1.684
    1.72
   1.753
   1.815
   1.818
   1.775
   1.823
   1.951
   1.964
   2.052
   1.908
   1.811
   1.861
   1.845
    1.79
    1.71
   1.947
   1.805
    1.75
   1.755
   1.468
   1.517
    1.53
   1.331
   1.463
   1.339
   1.413
   1.448
   1.487
    1.45
   1.191
   1.166
   1.042
  0.8491
   1.048
  0.8633
  0.9121
  0.7644
  0.5953
   0.571
  0.4779
  0.4361
   0.113
  0.1909
  0.1994
  0.2182
  0.2499
  0.1271
  0.2871
   0.224
  0.1869
  0.2494
  0.2386
  0.1341
  0.3359
   0.436
  0.3513
  0.3782
  0.3555
   0.329
  0.2851
  0.1285
  0.2137
   0.317
  0.2746
  0.2323
  0.1949
  0.2478
  0.2269
  0.1935
  0.4671
  0.4709
  0.4238
  0.4824
  0.3362
 0.07253
-0.02777
 0.08426
  0.0622
  0.2058
 0.08096
  0.2698
  0.1629
  0.1501
   0.288
  0.2347
  0.2301
  0.2744
  0.4811
  0.4323
  0.2574
  0.3402
  0.4324
  0.3254
  0.4197
  0.2936
  0.3285
  0.2838
  0.3061
 -0.0317
 -0.1494
 -0.2769
 -0.2406
 -0.2574
 -0.2618
  0.0271
 0.06021
 0.08306
-0.05384
 0.01234
 -0.3156
  -0.299
 -0.3782
 -0.2738
  -0.292
 -0.4243
 -0.4607
 -0.3134
 -0.2989
 -0.3813
 -0.2914
 -0.2368
 0.00538
-0.05581
 -0.1173
 -0.2015
-0.06904
 -0.1023
  -0.028
  0.1978
  0.2557
  0.3806
  0.3805
  0.3577
  0.3278
  0.3279
  0.3054
  0.5123
  0.4822
  0.6844
  0.7414
  0.7726
  0.6928
  0.9439
   1.141
   1.046
   1.027
   1.106
   1.155
    1.09
   1.014
   1.089
   1.013
   1.299
   1.211
   1.281
   1.304
   1.437
   1.435
    1.55
   1.406
   1.379
   1.416
   1.566
   1.354
    1.41
   1.578
   1.724
   1.772
   1.772
   1.534
   1.533
   1.774
    1.83
    1.97
   1.925
   2.023
    2.15
   2.174
   2.271
   2.413
   2.347
   2.393
   2.428
   2.639
   2.551
   2.816
   2.846
   2.882
   3.019
   2.973
   3.027
   3.228
   3.371
   3.225
   3.223
   3.372
    3.41
   3.344
   3.217
   2.864
   2.826
   2.745
    2.75
    2.75
   2.785
   2.983
    2.84
   2.952
   3.078
   3.067
   3.219
   3.152
   3.079
   3.159
   3.249
   3.117
   3.247
   3.268
   3.111
     3.1
   3.114
   3.269
   3.315
   3.107
   3.054
     2.9
   2.993
   3.046
   2.945
   2.797
   2.661
   2.605
   2.604
   2.589
   2.625
   2.487
   2.363
   2.366
   2.252
   2.439
   2.463
   2.321
   2.313
    2.22
   2.067
   2.057
   2.064
   2.017
   2.037
   1.889
   2.142
   2.098
   1.937
   2.094
   2.005
   1.862
   1.794
   1.652
   1.659
   1.512
   1.339
   1.239
   1.264
   1.219
   1.123
   1.091
   1.076
  0.9461
  0.9643
   1.067
   1.058
   1.013
   0.906
  0.8831
  0.8862
  0.8962
  0.9888
    0.87
  0.8782
  0.9584
    0.77
  0.9572
  0.8579
  0.9406
   1.017
   1.099
   1.104
   1.286
   1.413
   1.554
   1.447
   1.263
   1.163
   1.199
   1.318
   1.356
   1.387
   1.298
   1.439
   1.443
   1.572
   1.492
   1.559
   1.691
   1.572
   1.563
   1.629
   1.583
   1.708
   1.801
   1.723
   1.606
   1.577
   1.628
   1.728
   1.719
   1.611
   1.541
   1.627
   1.821
   1.914
   1.966
   2.068
   2.079
   2.157
   2.117
   2.043
   2.001
   2.035
   2.115
   2.199
   2.411
   2.472
    2.43
   2.583
   2.675
    2.91
   2.887
   2.893
   2.911
   2.877
   2.727
   2.745
   2.745
   2.776
   2.759
   2.855
   2.851
   2.961
    3.14
   3.444
   3.357
   3.321
   3.264
   3.109
    3.12
   3.089
   2.971
   2.891
   2.941
    3.04
   2.805
    2.72
   2.717
   2.825
   2.929
   2.907
   3.011
   3.092
    2.85
   2.779
   2.969
   2.998
   3.148
   3.336
   3.275
   3.442
   3.206
   3.321
   3.442
   3.444
   3.523
   3.598
   3.469
   3.567
   3.605
   3.704
   3.766
   4.133
   4.147
   4.187
   4.206
   4.246
   4.418
   4.465
   4.461
   4.438
   4.361
   4.325
   4.211
   4.093
   4.038
   4.068
   3.997
   3.854
   3.942
   3.691
   3.559
   3.366
   3.518
   3.423
   3.244
   3.304
   3.037
   3.083
   2.778
   2.514
   2.739
    2.76
    2.89
   2.886
    2.81
   2.815
   2.602
   2.646
   2.747
   2.665
   2.788
   2.752
    2.81
   2.729
   2.711
   2.746
   2.833
    2.97
   3.019
   2.867
   2.731
   2.592
   2.303
    2.22
    2.32
   2.285
   2.214
   2.385
   2.297
   2.104
   2.154
   2.158
   1.998
   2.217
   2.179
   1.987
   1.983
   2.252
   2.336
   2.297
   2.229
   2.107
    2.32
   2.414
   2.264
   2.029
   1.986
   2.058
   1.934
   1.678
   1.466
   1.471
   1.384
   1.314
   1.496
   1.601
   1.554
   1.692
   1.587
   1.661
     1.5
   1.574
   1.405
   1.524
   1.421
   1.497
   1.655
   1.422
   1.234
   1.178
   1.039
  0.9626
  0.7565
  0.6818
  0.4495
  0.3835
   0.427
   0.492
  0.5368
  0.4613
  0.5247
  0.5321
  0.3576
  0.3095
  0.3076
  0.3239
  0.4465
  0.4324
  0.4949
  0.5859
  0.5737
  0.6944
  0.5265
  0.7151
  0.8092
  0.7444
  0.6893
  0.8096
  0.9117
  0.9671
   1.024
   1.031
   1.151
  0.9308
  0.9043
  0.8138
  0.6554
  0.7156
  0.8555
  0.6344
  0.7727
   0.717
  0.6155
  0.5204
  0.4194
  0.3997
   0.322
  0.4189
  0.5823
  0.6593
  0.8493
  0.7292
  0.7799
  0.4403
  0.7946
    0.75
  0.7638
  0.7453
  0.6512
   0.696
  0.7192
   0.965
    1.02
   1.091
  0.9436
  0.8199
  0.7838
  0.8123
  0.6885
  0.8911
  0.7784
  0.8409
  0.8229
  0.5058
   0.244
  0.4518
  0.2138
   0.147
 0.05115
-0.02253
  -0.195
 -0.3453
 -0.4547
 -0.5851
 -0.7518
 -0.9862
 -0.9924
  -1.156
  -1.281
  -1.154
   -1.29
  -1.306
  -1.128
  -1.213
   -1.06
  -1.058
 -0.8631
 -0.9233
 -0.9225
  -1.184
  -1.426
  -1.488
  -1.471
  -1.702
  -1.643
   -1.75
  -1.854
  -1.747
  -1.917
  -1.991
   -2.13
  -1.938
  -1.723
  -1.762
   -1.66
  -1.686
  -1.513
  -1.482
  -1.339
  -1.122
  -1.282
  -1.206
  -1.217
  -1.295
   -1.28
  -1.244
  -1.205
 -0.9906
 -0.9854
 -0.8102
  -0.873
 -0.6709
 -0.5085
 -0.3841
  -0.256
-0.06452
 -0.2308
 -0.3002
-0.09321
-0.04214
 -0.2056
-0.07643
 0.009271
  0.2853
  0.3574
  0.5147
  0.7868
  0.7834
  0.8665
   0.939
   1.137
    1.21
   1.342
   1.333
   1.548
   1.481
   1.314
   1.512
   1.383
   1.424
   1.397
   1.456
   1.559
     1.5
   1.536
   1.719
   1.563
   1.783
   1.855
   1.935
   1.995
   1.828
   1.872
   2.064
   2.096
   2.028
   1.953
   2.036
    1.95
   1.924
   1.907
   1.979
   2.041
    2.29
   2.643
    2.73
   2.799
   2.888
   3.109
   3.218
   3.225
   3.217
   3.282
   3.339
   3.213
   3.161
    2.99
   2.962
   3.086
   3.326
   3.244
    3.39
   3.362
   3.511
   3.599
    3.67
   3.849
   4.016
   4.023
   4.038
   3.941
    4.01
   4.303
   4.293
   4.378
   4.495
   4.511
   4.496
   4.508
   4.666
   4.789
   4.752
    4.77
   4.693
   4.605
   4.389
   4.335
   4.381
   4.174
   4.302
   4.076
   3.998
    3.97
   4.051
   4.063
   4.166
   4.276
   4.079
    3.88
   3.616
   3.484
   3.451
   3.408
    3.29
   3.223
    3.21
   3.388
   3.421
   3.365
   3.359
   3.316
   3.186
   3.148
   3.108
    2.97
       3
   3.099
   3.174
   3.116
   3.194
   3.245
   3.175
    2.95
   2.888
   3.052
   3.052
    2.92
   2.837
   2.913
   2.693
   2.595
     2.7
    2.58
   2.484
   2.427
   2.401
   2.411
   2.461
     2.3
   2.307
   2.324
   2.202
   1.816
    1.75
   1.699
   1.574
   1.653
   1.762
   1.824
   1.561
   1.619
   1.805
    1.79
   1.437
   1.546
   1.691
     1.7
   1.759
    1.66
   2.015
   1.881
   1.693
   1.722
   1.651
   1.459
   1.556
   1.751
   1.902
   1.882
   1.817
   1.826
   1.871
   1.831
   1.685
   1.682
   1.629
   1.706
   1.615
   1.612
   1.741
   1.841
   1.841
   1.835
       2
   2.046
   2.254
   2.023
   1.957
   1.973
   1.881
   1.831
   1.803
   1.768
   1.976
   1.879
   1.901
   1.826
   1.864
   1.861
   1.754
   1.634
   1.626
   1.807
   1.817
   1.726
   1.925
   1.897
   1.964
   1.989
    2.14
   2.069
   2.077
   2.029
   2.146
   2.233
   2.118
    2.06
   2.287
   2.385
   2.361
   2.463
   2.418
   2.455
   2.504
   2.557
   2.681
   2.341
   2.061
   2.032
   1.992
   2.047
   1.938
   2.006
   2.055
   2.241
   2.203
   2.119
    1.97
   2.175
    2.21
   1.968
   2.144
   2.206
   2.192
   1.973
   2.199
   2.163
   2.124
   2.021
   2.221
   2.118
   2.399
   2.494
   2.263
   2.331
   2.421
     2.5
   2.592
   2.555
   2.349
   2.371
   2.204
   2.091
   1.988
   1.941
   1.947
   1.757
   1.766
   1.871
   1.939
   1.918
    1.91
   1.969
   2.097
   1.989
   1.929
   1.957
       2
    1.94
   1.928
   1.806
   1.804
   1.712
   1.667
   1.529
   1.475
   1.542
   1.581
    1.48
   1.503
   1.685
   1.504
   1.599
   1.439
   1.572
   1.531
   1.563
   1.494
   1.268
   1.247
   1.115
   1.082
  0.7727
  0.7241
  0.7554
  0.6894
  0.8422
  0.7448
  0.6984
  0.9623
   1.151
  0.9092
  0.9148
  0.8023
  0.8827
  0.7927
  0.8001
  0.6463
  0.5922
  0.4357
  0.4085
  0.6057
  0.4991
  0.2897
  0.2125
  0.1856
  0.1951
  0.2397
   0.397
  0.4192
  0.2685
   0.374
  0.4747
  0.5672
  0.5582
  0.5887
  0.5505
   0.204
  0.3409
  0.3895
  0.3842
  0.2781
  0.2465
  0.2179
 0.06649
 0.05545
-0.01517
   0.178
  0.2566
  0.3444
  0.3843
   0.472
  0.3995
    0.33
  0.2045
  0.3306
  0.3717
   0.238
   0.187
  0.6143
   0.706
  0.4685
  0.5554
  0.6935
  0.8786
  0.9326
  0.9142
   1.033
   1.262
   1.199
   1.255
   1.529
    1.54
   1.463
   1.475
   1.468
   1.637
   1.639
   1.756
   1.799
   1.827
   1.936
   1.794
   2.113
   1.988
   1.993
   1.882
   1.883
   1.823
   1.488
   1.491
   1.518
    1.46
   1.507
   1.564
   1.697
   1.449
   1.467
   1.656
   1.691
   1.517
   1.588
   1.566
   1.598
   1.444
   1.616
   1.691
   1.774
   1.871
    2.22
   2.238
   2.493
   2.396
   2.411
   2.446
   2.335
   2.312
   2.521
   2.416
   2.344
   2.505
   2.513
   2.481
    2.37
   2.492
   2.476
   2.694
   2.507
   2.471
   2.552
   2.415
   2.326
   2.364
   2.375
   2.469
   2.449
   2.451
   2.295
   2.199
    2.04
    2.25
   2.374
   2.285
   2.146
   2.283
   2.202
   1.853
   1.893
   1.772
   1.736
   1.515
   1.449
   1.584
   1.516
    1.62
   1.534
   1.617
   1.454
   1.339
   1.391
   1.307
   1.469
   1.629
   1.512
   1.438
   1.372
   1.402
   1.366
   1.563
   1.306
   1.259
   1.079
   1.207
   1.194
  0.8767
  0.6827
  0.7434
  0.6358
  0.7355
  0.7118
  0.8522
  0.7957
  0.9498
    1.14
   1.111
   1.126
   1.158
    1.14
   1.211
   1.323
   1.418
   1.443
   1.271
   1.536
   1.563
   1.552
   1.496
   1.614
   1.603
   1.607
   1.615
   1.567
   1.435
   1.541
   1.398
   1.318
   1.402
   1.478
   1.408
   1.284
   1.374
   1.198
   0.962
    0.92
  0.9555
  0.7325
  0.6362
  0.5469
  0.6676
  0.5122
  0.5636
   0.492
  0.6673
  0.6528
  0.6606
  0.5432
  0.4105
  0.4969
  0.4702
  0.5115
  0.4418
  0.3511
  0.3572
  0.4444
  0.1335
    0.18
 -0.1224
 -0.2327
  -0.404
  -0.312
  -0.374
 -0.2505
 -0.4622
 -0.5555
 -0.5538
 -0.6528
 -0.6294
 -0.6832
 -0.7684
 -0.9513
 -0.9686
 -0.9184
 -0.7141
 -0.7639
 -0.8376
 -0.8169
 -0.8547
 -0.9214
 -0.8782
 -0.8296
   -0.88
 -0.9457
 -0.8941
  -1.024
  -1.016
 -0.8129
 -0.6308
 -0.5599
 -0.5257
 -0.4606
 -0.3178
 -0.2174
-0.08231
 0.06077
 0.07552
 0.03054
 0.07042
  0.1352
  0.2554
  0.4253
  0.4076
  0.2451
  0.4637
  0.3378
  0.1308
-0.008012
 -0.0283
  0.1348
 0.06029
  0.1344
   0.284
  0.2753
  0.2362
  0.2394
  0.4322
  0.4722
  0.3116
  0.2945
  0.4247
  0.5457
  0.5785
   0.623
  0.7671
  0.8051
  0.7912
   1.029
  0.8798
  0.8303
  0.9559
   1.171
   1.469
   1.289
   1.534
   1.698
   1.654
   1.631
   1.459
   1.534
    1.64
   1.886
   1.971
   1.858
   1.764
   1.989
   1.967
   2.003
   2.031
   2.044
     2.4
   2.385
   2.432
   2.433
     2.6
   2.595
   2.778
   2.897
   3.065
   3.273
   3.411
   3.332
   3.386
   3.567
   3.501
   3.447
   3.499
   3.602
   3.658
   3.573
   3.702
   3.394
   3.513
   3.886
       4
   3.868
   4.117
   4.233
   4.221
   4.096
   4.258
   4.235
    4.29
   4.225
   4.163
   4.189
   4.272
   4.224
   4.187
   3.855
   3.958
   3.858
   3.858
   3.494
   3.438
    3.59
   3.645
   3.542
    3.59
   3.453
    3.41
   3.379
   3.308
   3.423
   3.424
   3.428
   3.545
   3.611
   3.593
   3.624
   3.588
   3.515
   3.606
   3.474
   3.495
   3.295
   3.374
   3.455
   3.408
   3.466
   3.497
   3.267
   3.334
   3.277
   3.244
   3.305
   3.145
    3.06
    3.01
   2.975
   2.946
   3.186
   3.106
   3.224
   3.149
   3.184
    3.08
   3.158
   3.218
   3.297
   3.273
   2.991
   2.847
   2.931
   3.241
   3.166
   3.218
   3.216
   3.061
   2.988
   3.025
   3.087
   3.125
   2.906
   2.918
   2.926
   3.028
   2.962
   2.988
    2.72
   2.741
   2.405
   2.525
   2.494
   2.485
    2.41
   2.243
   2.251
   2.306
   2.222
   2.068
   1.906
   2.005
   2.107
   1.922
   1.778
    1.79
   1.674
   1.664
    1.71
     1.7
   1.724
   1.699
   1.792
   1.683
   1.498
   1.621
   1.571
   1.451
   1.456
   1.365
   1.496
   1.437
   1.331
   1.098
   1.004
   1.289
   1.411
   1.628
   1.519
   1.459
   1.431
   1.593
   1.447
   1.417
   1.296
   1.249
   1.286
   1.435
   1.417
   1.691
   1.767
   1.789
   1.704
   1.709
   1.683
    1.78
   1.712
   1.712
   1.547
   1.533
    1.39
   1.533
   1.677
   1.748
   1.716
   1.822
   1.927
   1.978
    2.12
    2.16
   2.185
   1.993
   2.005
   2.085
   2.259
   2.419
   2.393
    2.26
   2.335
   2.599
   2.502
   2.436
    2.59
   2.711
   2.509
   2.577
   2.724
    2.66
   2.567
   2.568
   2.643
   2.594
   2.701
   2.682
   2.773
   2.677
   2.793
   2.899
   2.928
   3.146
   3.067
   3.112
   3.093
   2.966
   2.927
   2.877
   2.867
   2.946
   2.772
   2.821
   2.952
   3.299
   3.422
   3.558
   3.706
     3.8
   3.968
   3.998
   4.028
    4.01
   4.206
   3.984
   4.238
    4.15
   4.263
   4.344
   4.475
   4.399
   4.267
   4.137
   3.879
   3.872
   4.048
     4.2
   4.155
   4.289
   4.384
   4.297
   4.369
   4.402
   4.449
   4.577
   4.638
   4.667
   4.718
   4.621
   4.392
    4.46
   4.463
   4.519
   4.492
   4.478
   4.298
   4.369
   4.514
    4.62
   4.682
   4.724
   4.697
    4.69
   4.302
   4.349
   4.436
   4.606
   4.452
   4.504
   4.487
   4.417
   4.386
   4.302
   4.426
   4.607
   4.723
   4.728
   4.654
   4.719
   4.637
    4.58
   4.647
   4.435
   4.432
   4.368
   4.239
   4.227
   4.138
   4.089
   4.157
   4.229
    4.29
   4.265
   4.262
   4.327
   4.231
   4.325
   4.542
   4.658
   4.693
   4.415
   4.338
   4.135
   3.975
   3.871
    3.91
   3.806
   3.673
   3.685
   3.341
   3.383
   3.307
   3.207
   3.285
   3.213
   2.955
   2.897
   2.716
   2.463
   2.365
   2.363
   2.142
   2.266
   2.278
   2.321
    2.34
   2.217
   2.211
   2.263
   2.362
   2.296
   2.399
   2.234
   2.042
   2.047
   2.009
   1.888
   1.876
   2.006
   1.868
   1.833
   1.725
    1.53
    1.39
    1.25
   1.135
   1.029
   1.118
   1.269
  0.9728
  0.7933
  0.6717
  0.5416
  0.6056
  0.3559
  0.2625
  0.3178
  0.4247
  0.3438
  0.1768
 0.07171
-0.06816
  0.1058
  0.1819
 -0.1493
 -0.1483
-0.06401
 -0.2573
 -0.2182
 -0.2797
 -0.2668
 -0.1977
 -0.2785
 -0.2078
 -0.1947
 0.06004
  0.1284
-0.06798
 -0.2014
  -0.243
 -0.2769
 -0.3492
 -0.4089
 -0.4262
 -0.3842
 -0.3428
 -0.2693
 -0.2053
 -0.3783
 -0.2876
 -0.1589
 -0.2034
 -0.1897
 -0.1752
 -0.3179
 -0.3023
 -0.4102
  -0.151
-0.02896
  0.1666
 0.02126
 -0.0303
 0.09505
-0.001221
 0.07216
  0.2002
   0.326
   0.272
  0.3529
  0.6238
  0.6928
   0.833
   0.863
  0.8105
  0.7179
  0.7968
  0.8424
  0.8681
  0.7213
  0.6836
  0.5562
  0.5729
  0.5127
  0.6565
  0.6588
  0.6223
  0.7176
  0.7715
  0.7546
  0.8446
  0.7564
  0.7943
  0.8597
  0.8676
  0.8544
  0.7553
  0.9572
   1.208
   1.225
   1.132
   1.146
  0.9655
   1.248
   1.378
   1.367
   1.422
   1.522
   1.498
   1.512
   1.751
   2.006
   2.089
    2.31
   2.385
    2.24
   2.417
   2.477
   2.275
    2.25
   2.176
   1.998
   1.916
   1.953
   2.068
   2.282
   2.466
   2.522
   2.506
   2.605
   2.727
   2.876
   2.859
   2.708
   2.738
       3
   3.243
   3.261
   3.342
   3.304
   3.344
   3.418
   3.382
   3.448
   3.329
   3.761
   3.505
   3.569
   3.862
   4.242
   4.334
   4.359
   4.222
   4.344
   4.212
   4.283
   4.287
   4.356
   4.273
   4.211
   4.174
   4.379
    4.41
   4.386
   4.629
   4.536
   4.605
   4.704
   4.797
   4.645
   4.671
   4.461
   4.463
   4.616
     4.7
   4.662
   4.801
   4.809
   4.715
   4.675
   4.695
   4.748
   4.684
   4.776
   4.766
   4.538
   4.636
   4.577
   4.654
   4.709
   4.716
   4.584
   4.399
   4.363
     4.3
   4.339
   4.027
   3.975
   3.833
   3.973
   4.015
    3.93
   3.885
   4.011
   3.864
   3.858
   3.974
   3.879
   3.869
   3.905
   3.856
   4.088
   3.946
    4.07
   3.897
   3.862
   3.823
   3.848
   3.896
   3.846
   3.864
   3.728
   3.824
   3.679
   3.785
   3.966
    4.05
   3.912
   3.681
   3.577
   3.752
   3.674
   3.502
   3.508
   3.415
    3.36
   3.218
   3.185
   3.036
   3.181
   3.144
   3.192
   3.154
   3.214
   3.094
   3.199
   3.044
   2.928
   2.844
   2.891
   2.864
    2.91
   2.592
   2.574
   2.409
   2.486
   2.241
   2.149
   2.079
   2.027
   1.936
   1.933
    1.97
    1.85
   1.969
   1.827
   1.501
     1.5
   1.652
   1.722
   1.523
   1.622
   1.646
   1.645
   1.585
   1.567
   1.702
   1.714
   1.752
   1.811
   1.833
    1.91
   1.947
   2.074
   2.035
   1.853
   1.716
   1.749
   1.884
   1.964
   1.967
   1.895
    1.89
   1.755
   1.606
   1.603
    1.53
   1.324
   1.372
   1.305
    1.42
   1.488
   1.348
   1.119
   1.164
   1.163
    1.37
   1.376
   1.517
   1.387
   1.245
  0.9856
  0.8196
  0.9163
  0.8722
  0.7695
  0.9007
   1.283
   1.317
   1.163
   1.117
   1.054
   1.193
   1.114
   1.032
     1.1
   1.023
  0.9102
  0.9942
  0.9765
   1.308
   1.475
   1.544
   1.665
   1.455
   1.281
    1.05
   1.213
   1.241
   1.413
   1.529
   1.417
   1.486
   1.697
   1.637
   1.755
    1.86
   1.796
   1.572
   1.603
   1.627
   1.692
   1.834
   1.814
   1.558
   1.729
   1.484
   1.493
   1.333
   1.424
   1.582
   1.372
   1.333
   1.222
   1.226
   1.198
   1.001
   1.096
  0.9221
   1.031
  0.9017
   0.919
   0.795
  0.8126
  0.4961
  0.1622
  0.2576
  0.4321
  0.3272
  0.6054
  0.4396
  0.3387
  0.2255
  0.1386
  0.1227
  0.1647
  0.3456
  0.2756
  0.2804
  0.2304
  0.2935
  0.2443
  0.2877
  0.3284
  0.2437
  0.3508
  0.3253
  0.4121
  0.6088
  0.6602
  0.6163
  0.5582
    0.56
   0.633
  0.7551
  0.7025
  0.5494
   0.455
  0.4623
  0.4723
  0.3513
  0.6133
  0.8625
   1.034
   1.158
   1.155
   1.055
   1.071
   1.098
     1.2
   1.371
   1.181
   1.174
   1.016
  0.9345
  0.9501
  0.9815
   1.106
   1.125
   1.141
   1.374
   1.525
   1.709
   1.601
   1.682
    1.46
   1.373
   1.338
   1.467
   1.402
   1.381
   1.377
   1.224
   1.281
   1.292
    1.15
   1.256
   1.343
   1.122
   1.163
   1.057
   1.211
   1.232
   1.217
   1.134
    1.26
   1.324
   1.198
   1.079
   1.138
  0.9326
  0.8099
  0.8062
  0.8007
  0.9788
   1.114
     1.2
  0.9667
   1.085
   1.293
   1.226
   1.134
   1.147
    1.23
   1.048
  0.9657
  0.6731
  0.7759
  0.8191
  0.6587
  0.5886
  0.6894
  0.6377
  0.6315
  0.4195
  0.4673
  0.4955
  0.5235
  0.6518
  0.6979
  0.7014
  0.8149
  0.7575
   0.812
  0.7378
  0.7227
  0.8186
  0.8038
  0.9506
   1.028
   1.288
   1.423
   1.529
   1.267
   1.165
   1.211
    1.18
   1.151
   1.273
   1.161
   1.177
   1.235
   1.044
  0.9922
  0.6874
  0.8073
  0.9058
   1.196
   1.021
   1.006
   1.023
   1.227
   1.195
   1.129
   1.187
   1.074
    1.07
   1.253
   1.357
   1.353
   1.317
   1.447
    1.46
   1.489
    1.52
