1.6329172910161
1.63677314907068
1.61537108533553
1.61174727849834
1.6338893356535
1.64362476097105
1.65099561517579
1.6482930419057
1.64043436237755
1.65604166857518
1.66532266308833
1.64183756979278
1.65464064874716
1.64810337850284
1.64740582977509
1.66186410344932
1.6636840444644
1.67740524080048
1.6896431937805
1.69782908153679
1.71714054186909
1.71831999014271
1.71851077108532
1.72850302017524
1.76267032366465
1.7665026270216
1.76854676437363
1.78479058754586
1.78028482523671
1.76154230191383
1.76405970521527
1.75006624372998
1.73680926768338
1.74114026934705
1.73682843164937
1.72737784850286
1.72576409500341
1.70956909773707
1.7110281714826
1.70513372471077
1.71075677810996
1.70262105282493
1.69606037764128
1.6970370535821
1.69236598747933
1.69310845057787
1.68401722985794
1.67410564875414
1.68677324734319
1.70647091581216
1.71056917160141
1.69728530202123
1.71049626874542
1.71275391640674
1.72314364847727
1.73138643766578
1.72991511787302
1.75714356924424
1.76852607314039
1.78709901284567
1.78468479880726
1.81444187156737
1.82935498613965
1.83347277568888
1.83033355238689
1.81697242934502
1.83600384993078
1.87038489759936
1.8789564373453
1.89539094759404
1.90500862534638
1.91255732531545
1.91413160848443
1.93150934358204
1.94016516503996
1.94381011891639
1.95960042540967
1.96336397489674
1.97590405881117
1.97142345529678
1.96177865494393
1.97949904340611
1.98998583630901
2.01045498494708
2.01999516089663
2.02748711491493
2.0478236911564
2.05071309267803
2.03651991484936
2.04637056157577
2.04055074113989
2.04489243317975
2.07270657343866
2.09220877779345
2.0997574583132
2.10291340440783
2.11032277900619
2.12791035496372
2.11358692488024
2.10410138302778
2.11924422554982
2.14786873519221
2.13929812302309
2.15376115386326
2.16254787303401
2.14499661327134
2.13546733069732
2.13626799067587
2.10421296465989
2.08824099484099
2.08766390803008
2.06680764249447
2.06512323242656
2.0694998331708
2.05996173581093
2.0516803180865
2.05897295219472
2.06639854558308
2.06795418508321
2.06029510541542
2.05934683720306
2.05368728465565
2.05610869216104
2.05748985512895
2.04637146994675
2.07060962303239
2.08664978259677
2.06557983070255
2.06033223679944
2.07014062270281
2.06006847214256
2.06405153556505
2.06102096029859
2.05895389926839
2.04349694525764
2.02738947451962
2.02824601299973
2.00715456390968
2.01722113733701
2.02068650185197
2.01341496487204
2.00769575462963
1.98893013462898
1.98056328105354
1.9886923032565
1.97344432628405
1.97284677024626
1.97116834882036
1.95859018279468
1.96164602677589
1.96427751051831
1.97268100949836
1.97012925970455
1.98074196207324
1.96540910254083
1.96971107571162
1.9507382973439
1.94001814286152
1.94547758189572
1.94971467242169
1.97011779525587
1.9831475721333
1.98502770672189
1.99375352971119
1.98296639477541
1.98225909235276
1.98907256632602
1.97471081432515
1.97596365575023
1.97348526438017
1.98404122967758
1.96857440618422
1.97106994640074
1.96376694917278
1.95557966407375
1.95376217557382
1.95804622153218
1.96215121999127
1.97370917606048
1.96345573318511
1.97394649735447
1.93921000932961
1.93428170107208
1.93111665176577
1.91816026353355
1.89628314031002
1.89229087217016
1.87349045393621
1.87051330622537
1.85223939517696
1.84266917484111
1.83463766845196
1.8183441349044
1.80761730635497
1.80287367641244
1.79848293930062
1.79535126573791
1.78473992202105
1.77212398357619
1.74324549084749
1.73284471746235
1.7271070267558
1.72537324393795
1.72656349621325
1.70070720081148
1.71190602202414
1.70168980604544
1.69953903220054
1.69331939799843
1.70117373106899
1.67996457691343
1.64061890310908
1.60672988827501
1.59365421971164
1.57434117600794
1.55811546559652
1.55921059992548
1.52796253879508
1.53628183374132
1.5311999535056
1.50898896408334
1.50619320967907
1.48330174478594
1.48461506447014
1.48318046048087
1.46664072300302
1.47672474683359
1.49346757723895
1.47994782212778
1.46601631496353
1.46583965069673
1.45234978085976
1.45143019758609
1.436851430015
1.43272565719209
1.44536488052236
1.45644296315845
1.48109301351508
1.4961638126276
1.49433961330937
1.49456957165524
1.50892112087493
1.51108202315732
1.52847930920743
1.51658076589637
1.51592133855507
1.52013954263663
1.52812232328976
1.5118614219191
1.51093173496878
1.51034371486086
1.49584494319239
1.52145679448086
1.54565148991561
1.53763560221169
1.54592646209403
1.56121099956772
1.57054018297328
1.55335354877196
1.55110583608743
1.56709216266113
1.5482682625467
1.56273664277077
1.57575021828078
1.57208640385414
1.57900288960212
1.558098504696
1.55559905128302
1.54646363540713
1.5296909936198
1.51149894439154
1.50730546503843
1.51981532808111
1.53319912225788
1.53542090723561
1.52137458893028
1.49795386342277
1.48884846924392
1.49127572332862
1.47814284698328
1.47423855702668
1.47928189990804
1.49259883988093
1.49884892168777
1.51609708878628
1.51629350258375
1.5319346568615
1.53799654316047
1.52048424937207
1.51152529146188
1.50471859671258
1.49181586225974
1.47465568971504
1.47782339762861
1.46246644901357
1.46686002974363
1.47017891587789
1.48756550805164
1.50595933204958
1.51277010049533
1.52083307319362
1.51890477599994
1.52380927327164
1.52535784865747
1.54924733601908
1.52592673683326
1.53060456797783
1.53656504784543
1.54313496598002
1.53140051749776
1.53342668473786
1.54763341836863
1.56930115760187
1.5817798717731
1.60040498364508
1.61339795212515
1.61260354716047
1.60807171568402
1.62504153953754
1.64513999056277
1.65121703360343
1.64961618016169
1.65216552495012
1.67076490942172
1.67911895043887
1.6721694904815
1.6909083346852
1.69721425345656
1.6965335975143
1.7395946159012
1.74701565282244
1.73608240997636
1.72708407156165
1.74109930356435
1.74503915225022
1.75257693650683
1.76709862925961
1.8021169546978
1.79265780485567
1.82024767055508
1.82718976507594
1.83895199148013
1.84047000922535
1.82024458075267
1.82082063460381
1.82994749230814
1.82835625204395
1.81030564147812
1.82234653122609
1.83317874563021
1.85129569495868
1.87208519406068
1.85828192570668
1.85154747604636
1.84119675522908
1.85853796384127
1.85652625835389
1.84749191565445
1.86098478437291
1.85519697053369
1.86746778093979
1.86957132348446
1.86128683651632
1.85778209760812
1.86845947761041
1.86468843212591
1.86950202724031
1.87348315512382
1.86317584152714
1.85607778470335
1.84778651928039
1.84021269370853
1.83384728705021
1.83114180983933
1.82673670226317
1.84449329857003
1.87363971393676
1.88118283202045
1.88484122217245
1.89415800793433
1.87438576215484
1.88742283573082
1.88241690301968
1.88783213773723
1.88410126884101
1.88585199563841
1.86533269371692
1.87099286951534
1.86196011735922
1.85848591755188
1.86954727218412
1.86372112393005
1.86196431224662
1.85290577578162
1.84735476206602
1.83972457985446
1.84976176589603
1.84720069410679
1.84872040604201
1.84940003969234
1.86014725371666
1.86193751703641
1.86535941061075
1.87319173826326
1.87139702608311
1.87794665494576
1.90215594699571
1.89621069743338
1.87836341053243
1.86735947370063
1.85312063688957
1.85664435948415
1.86516454230178
1.86464855225471
1.87074984851584
1.86037767213294
1.8594316037464
1.85542726433323
1.86458000186974
1.86947599156184
1.84967684015196
1.84893400142087
1.86743250505234
1.88295708484453
1.86413690224106
1.86637270518808
1.87655977053894
1.87686170621363
1.88725433744541
1.88642749919989
1.88511051567295
1.86575653726335
1.87696912182529
1.8770722379516
1.86298621966871
1.85925536592481
1.84748223922911
1.84530217111055
1.83863636200163
1.81928546703772
1.81970961845854
1.80454587960085
1.79885230779169
1.79966090889095
1.79761431600696
1.80302255250649
1.81565860006156
1.81172453132903
1.79884275479041
1.80074084176884
1.79997062229933
1.78612693335646
1.78650931795189
1.80075759169501
1.80020825446644
1.80786493188651
1.79864395324814
1.79565654063121
1.79805096850334
1.80538924275974
1.80721512221535
1.79454229941867
1.80569073985059
1.80475930768838
1.79901632020681
1.77578188603476
1.76380580590428
1.76513300608924
1.76239192999925
1.76234213759289
1.7445884963664
1.7364430290773
1.72588436448296
1.72403457596779
1.71596667354622
1.7184579044288
1.70941233030689
1.70654397954818
1.71732901865781
1.69586369296011
1.6888683060443
1.68646345567292
1.70769602927863
1.70917117818905
1.71506934993502
1.70697432139787
1.71424087648641
1.7023294209956
1.71498544856106
1.70962869389633
1.68364042521724
1.68222089936483
1.68776480302457
1.67404230372925
1.66432851450898
1.68127483043978
1.68286232726345
1.68272918565734
1.68583340731235
1.68847655489474
1.69900005445848
1.70187997504838
1.69959551871827
1.71089515618214
1.72932305523881
1.73211619676588
1.74864024882848
1.74616180934391
1.74422723677778
1.73642606320999
1.74806324308299
1.75442887781604
1.75478318426204
1.75060328281454
1.71904109888779
1.70695004570895
1.67752160134474
1.67652670930912
1.66281899116287
1.65819723301004
1.65832518788307
1.64393687604728
1.63657434397677
1.64676115805983
1.66351634983205
1.65369140819359
1.6426896218633
1.65134972864113
1.65195553110111
1.640640647851
1.63021988494957
1.63086009327215
1.62728880153178
1.62346600341228
1.63454054822839
1.62711965457178
1.62383347114121
1.6354402583319
1.63141431459039
1.63160703774978
1.64697945845586
1.63774353348951
1.63378116724199
1.64054466425348
1.63860006957763
1.64518721519961
1.62907941189896
1.59974532573441
1.60076621156318
1.59768156745774
1.60666197440658
1.596481937489
1.59474807220898
1.59865245927201
1.59770675298185
1.60828146443851
1.58560970424908
1.58559490473892
1.58867394473097
1.58326202147001
1.60061822897429
1.60250444091885
1.60467816385652
1.60114406095088
1.58315764332576
1.57706473409786
1.56845220239508
1.55526708845852
1.55670224289325
1.57801162976396
1.57289601352879
1.55079166744345
1.54940370397106
1.55335527386299
1.54839961396877
1.54437006254717
1.53449552105
1.52818148069964
1.5284210111621
1.55029822409867
1.55021464351245
1.56786639043899
1.5730527862659
1.59095524205732
1.57861826565679
1.58334600682302
1.57426641681301
1.58512665918717
1.59892119258283
1.59952621586134
1.57771858238101
1.54623871312629
1.52888207591122
1.50136577713325
1.5139138767909
1.51852523644145
1.50912055202313
1.50266495144993
1.50479347773923
1.48497439772296
1.47229753231719
1.4763119165159
1.48681543935793
1.46771054119572
1.47956687415198
1.46725748422077
1.45303987304421
1.45751125752845
1.46924682442792
1.47998507822532
1.48796221592066
1.48411741146096
1.48372631579769
1.47759460261457
1.47507140161207
1.47298725169821
1.46683831968727
1.48194206121354
1.47673207021892
1.48494152026617
1.50382767121941
1.50980341820635
1.51097824418422
1.50589334829877
1.48624217456158
1.49436167710493
1.50928702833245
1.52476663400558
1.53957682512205
1.5340821094599
1.55074736522185
1.56643212559246
1.56208548417475
1.55939669665669
1.56054953109882
1.56670243657481
1.56034913078213
1.57872908175285
1.57508779260657
1.55604889381354
1.53378774904257
1.52998165417173
1.50895693773503
1.52068129129671
1.50496415413799
1.51276850437368
1.54438553068785
1.54819433432366
1.53949017178238
1.53667658126779
1.54672347697263
1.55857454570687
1.5605806972015
1.5646346067226
1.56355089582359
1.55570209396918
1.58272857185232
1.57899734143903
1.56569344155465
1.57739620145349
1.5942985864978
1.59153979501489
1.61189706020587
1.61164831150366
1.61491810109818
1.63191524129579
1.63383620921844
1.62907213483752
1.62215514552341
1.61153532897985
1.60045911560193
1.61013618017739
1.62878522458426
1.63445880324614
1.63429709176621
1.64747814874601
1.64209216881727
1.63520661360097
1.63092427393544
1.65372756045728
1.65340315482973
1.66556848051983
1.65288275035708
1.63302338508798
1.65427509731913
1.65202390979622
1.67186506800589
1.68083272665067
1.68763783437638
1.70632969875742
1.70451991710114
1.70182608547865
1.70983787932082
1.73258264052558
1.73912931247956
1.73928886629637
1.74706529498369
1.74319970510629
1.75781347054878
1.75765449149542
1.78043742835168
1.77975822099801
1.78957113164742
1.80555213136555
1.81228859767749
1.82894306263919
1.82711865217401
1.81878245899049
1.82245029305328
1.82469473358228
1.83467903955585
1.83901562279103
1.84754678201672
1.85034722652346
1.86189723457511
1.85279273467753
1.83457164309713
1.81253910578516
1.81556804934727
1.79293524236305
1.78854829623161
1.78375286608436
1.79401069418546
1.8288141084186
1.83138802997731
1.83291845197025
1.8502073082054
1.84016891261703
1.85460236253582
1.84645393685311
1.85284842321277
1.86579361456327
1.86100643748576
1.86643902953405
1.865770053059
1.84465976169498
1.86335677900867
1.87088845124135
1.8578715161727
1.879482552753
1.87497814115376
1.86897571681656
1.8751172121121
1.86863596625428
1.87489541723292
1.86224231409296
1.84859116972682
1.83863717911224
1.82566858508223
1.84032831210133
1.8402530680407
1.834443440718
1.83371502373187
1.81788155257324
1.81328343586663
1.81644490007408
1.824232696235
1.82834354172808
1.82253234757252
1.81461116620446
1.78380686993468
1.77910299927398
1.7759022328726
1.7942869710288
1.80499888643802
1.81363234783205
1.81857165009447
1.81289693931526
1.82310482864527
1.82616768999659
1.83644690459754
1.82472629573744
1.82078112797635
1.82467434004806
1.80491198734396
1.80937044864046
1.80330495139134
1.80525175390036
1.81667882101111
1.81812612319219
1.80800903971098
1.80589358819236
1.8095485675566
1.78478721993079
1.77184670662849
1.77764116071685
1.77467299306187
1.77440698509681
1.77930718342898
1.76682375123453
1.77486595260992
1.76333726684511
1.76273867807778
1.75913597891881
1.74487555503965
1.73885595230703
1.7310147853134
1.7142522188712
1.72968752211632
1.75467044876372
1.7778326089387
1.7689774603169
1.760440030898
1.75652202126868
1.72569537235228
1.70103443422709
1.69806740222945
1.70168267280508
1.72224922966055
1.72340588542198
1.72704132041568
1.74292278726902
1.73552928790463
1.74349700843855
1.74694640567307
1.72231878681978
1.74130761128629
1.7334672381213
1.73215226017755
1.7354706844477
1.72433050893996
1.72264793857002
1.71425689427311
1.71279365238662
1.70605710880586
1.68807195141145
1.68757879942561
1.67153042437876
1.65735629332962
1.6538744761705
1.64444957817223
1.63879280920202
1.62825687302922
1.63464888533376
1.62110785260421
1.60132342269099
1.58947224840336
1.58792167799405
1.57169532297636
1.5788651525495
1.58867946195932
1.58439684877239
1.58202155662786
1.57503320022533
1.58283829325429
1.59077311007761
1.58779952492518
1.57898456939643
1.56224996617361
1.55144561449222
1.55015565319065
1.55798194370083
1.54747712687636
1.55551017426286
1.54962348578194
1.55611682556677
1.54298599865654
1.53968486263425
1.54546787517481
1.55883054593746
1.53443575247206
1.54147118063404
1.55034934657111
1.54873047892987
1.55534149814572
1.56740098563648
1.55884335050721
1.56457656914199
1.55085774678758
1.57825374525027
1.58349408731198
1.58579371030735
1.58822734792739
1.60507573846715
1.6144399705857
1.62536510898768
1.65232192696525
1.66811396766547
1.67690032513162
1.67225923557645
1.65940381432074
1.64301462549561
1.63093682568531
1.63594260083954
1.64228189844348
1.66761300528438
1.66547811701694
1.66930235695913
1.67301853217325
1.68082548762563
1.69473284970071
1.68916153155386
1.67861624152629
1.69837693506881
1.69232234324402
1.71175298761695
1.71159824612478
1.72237081326562
1.72382263512042
1.72686998203826
1.73408214714951
1.73319535473428
1.73068027346624
1.72625177682206
1.72427909548642
1.72199859048904
1.72221161303804
1.72579466964905
1.71250839603656
1.70888482534856
1.71830088979504
1.70388397111938
1.68559329879306
1.68463868509595
1.70138709318548
1.68667279000799
1.701301422272
1.69934753770178
1.67835095205356
1.68505809394702
1.69197915581749
1.69104878786672
1.6945259914337
1.69108108242159
1.68889250153256
1.6780293910021
1.67073797230611
1.66439826668371
1.68905003146237
1.69155126459911
1.69422211551033
1.7011359823515
1.70015714230618
1.69140696753041
1.69002214606112
1.71019005048199
1.73017529767655
1.71896756814295
1.72542066957477
1.73211968818279
1.73970248190975
1.75655154360612
1.7582283220791
1.75857452795203
1.75379657107493
1.76835413534949
1.79840555155913
1.79899605186714
1.81566350042499
1.82596222772267
1.83508020238061
1.84924587947379
1.85197137081622
1.8706436951617
1.86612323747795
1.87088220792777
1.85962167431239
1.86100370657946
1.85162040293162
1.84870325125111
1.83593524562985
1.84541094829052
1.85165910297672
1.84891333681168
1.84807986588468
1.83781097968275
1.84811090560254
1.85092518013933
1.83349556227969
1.81277476358212
1.81814343142814
1.81982726069995
1.83432445693674
1.82779845758176
1.81998198539459
1.80796866794936
1.81394257515382
1.81779071228097
1.81736389599939
1.80243515299771
1.79160230355277
1.78130076199029
1.78526630298486
1.76744914594898
1.76964875846475
1.75433883706502
1.76884976378467
1.78380191519871
1.78632384435674
1.76838859843725
1.77451999217552
1.77213025005547
1.7718285147666
1.77841319106243
1.76771176309487
1.7664064450967
1.76145009655764
1.7658488599908
1.74694335050254
1.73362646942824
1.71921364475844
1.72487510234759
1.7195534122727
1.71244754959386
1.71051649036729
1.71897694808339
1.72132266676027
1.71093865277976
1.70768579290583
1.72399945186563
1.73390068761149
1.73742320653063
1.75601929012053
1.76803292217654
1.7569725268025
1.7585430657117
1.75785792229048
1.74935796845134
1.74683680880735
1.73167904335673
1.73029715876809
1.74017223569141
1.74436796434534
1.76106027198454
1.76286263742765
1.77033125755015
1.76953740637674
1.75544116760435
1.75116352526012
1.73665255562409
1.73086184621731
1.71557875151612
1.70798475869234
1.6900317158123
1.68706141384459
1.67778590753971
1.65687239186303
1.65045167637646
1.65445960237394
1.64552605544987
1.6510772981167
1.67821131251425
1.67590911957542
1.67955537769277
1.67295665536194
1.6645086449374
1.62541594950192
1.64219316717792
1.63316410474016
1.64450860808145
1.63224722175777
1.62758266457012
1.6217266179065
1.62291158908661
1.62467867895141
1.62160841460735
1.60995158600025
1.59793908106851
1.59278518226337
1.59632732297563
1.58922076713696
1.59524577503539
1.57933468556476
1.599693389312
1.60573538991805
1.62855805592982
1.62517690755767
1.62909209607651
1.62693343326519
1.62859594871379
1.63985716109314
1.62854565281618
1.62950601805443
1.61841758684715
1.61143932682918
1.59903179647737
1.59402180866764
1.58977452577386
1.60329284813365
1.60728642658789
1.59960831000577
1.60004458780291
1.60226540914548
1.60595414832892
1.6161201019889
1.61240984035302
1.62018257822639
1.64122713665782
1.64797168034265
1.65489084071928
1.66554682001769
1.65131876276626
1.65126119328317
1.64968953859653
1.62865745371402
1.62307782485106
1.61708426724795
1.61528494954547
1.64028940713984
1.64119495280253
1.62937398355421
1.64502448807349
1.6454698727757
1.64163046040141
1.63820007189686
1.62823298972411
1.61072565739042
1.580938021671
1.58956600285062
1.60829059146369
1.60300408182605
1.60029398988443
1.59093964797522
1.56140609873889
1.56655816660801
1.56325271841873
1.57331868506888
1.57479831729168
1.58877178950926
1.59708085834809
1.59079035032778
1.60248516247087
1.59869191759322
1.59695708637185
1.60596749061068
1.59322707325591
1.61000652710554
1.60975547686852
1.62516018065905
1.63222250046027
1.62735029863103
1.63447928775021
1.63421570310521
1.64781242638618
1.64553065334728
1.65977839195162
1.6607293431071
1.66505617442415
1.66554849491996
1.64764046006342
1.65054746167171
1.64127341589831
1.6535256574112
1.64874204953102
1.66590441597307
1.67234488911317
1.66948558269994
1.67867551785258
1.6801229849995
1.67523185897885
1.67939094301822
1.67176394629939
1.65650653005479
1.66051789095391
1.6679960522875
1.67704588062276
1.67307159881473
1.663883140374
1.6711268840989
1.67294206521616
1.68567872169368
1.67982370197422
1.66781793919695
1.66605993837936
1.6751305978123
1.68407176279667
1.66925364077634
1.67538393807422
1.65363757211129
1.64317320379622
1.63966399029476
1.62231341032057
1.62494019834284
1.62911934995233
1.61408423970534
1.61138394494486
1.60809476157225
1.60693742707009
1.60088397403363
1.59999473627235
1.60516082647717
1.61605199932592
1.61069995551029
1.61637126840961
1.61076625311614
1.61907644924699
1.62652505509494
1.62102076128675
1.61675373788354
1.61096011326592
1.58568144043378
1.58914443635522
1.59323913873993
1.59766255217208
1.59563792454013
1.59096795493925
1.59962544891077
1.60492447933462
1.61064538813235
1.61024622064759
1.62619138359489
1.60724031949406
1.61295934487498
1.61528883509415
1.61483209216162
1.61537327688711
1.61006061349037
1.60215183834859
1.61062300716933
1.60635598649779
1.60199958504103
1.59766894090624
1.61127136597313
1.60655480861781
1.59263388004324
1.58948559580521
1.57820736464936
1.58720155016242
1.57497879472338
1.58931025650901
1.591812829008
1.59264297791667
1.60141636794531
1.60663965216097
1.61377091990472
1.6374037048766
1.65232596732487
1.65333979762437
1.65571019655999
1.649438240517
1.6448731689738
1.67111115856773
1.68124604193597
1.68644622240452
1.67770237076219
1.69263675432107
1.68707678882591
1.7102721563246
1.69718288328524
1.67979061189658
1.68779141735151
1.69595847854833
1.69909503038226
1.68659958421263
1.71120112900685
1.70640427266838
1.70547185899359
1.69741575448111
1.72086750500847
1.73907560313744
1.77130574956151
1.77597037521677
1.75399828886327
1.77265798826938
1.79035997192359
1.79424440694949
1.79673011764016
1.79922708275798
1.80981749160799
1.81329006853818
1.82542455547035
1.8316702700955
1.82137222796832
1.8081065409585
1.80439452205182
1.79985246496527
1.79541395977423
1.78937739940553
1.77401119081205
1.77224351170661
1.75531450739122
1.76531979592225
1.77687270618605
1.77993472131932
1.78142228288223
1.78625909447197
1.80241291152625
1.80890512557978
1.79859831224602
1.81003345583104
1.80702232956144
1.80566062324825
1.79274305679522
1.77293454975522
1.78313087921091
1.77889226326842
1.7769484735915
1.76749218516764
1.75707290722448
1.77031166018645
1.77356339745269
1.74538254971649
1.74342911163439
1.7573690682879
1.7758349548529
1.77827258919717
1.77941601508281
1.78850819318165
1.78347521825305
1.78442440882727
1.79678483028879
1.79755937122851
1.82621579107461
1.84971559892397
1.85892942551428
1.8769575653714
1.87816568197106
1.87176760489742
1.88436081001469
1.89137772894686
1.90998911819579
1.90685596778079
1.90974334015622
1.89613787186483
1.91521813760705
1.93624610527671
1.91982789430406
1.93031840936453
1.94595382360764
1.93616544572623
1.93828249098001
1.95351538541828
1.96778513378887
1.97836011488472
1.96975752027155
1.99747185260358
2.01610371891004
2.03977448435687
2.04548598622523
2.03526132920101
2.05657055293539
2.0559109975007
2.07505649202245
2.07006804030708
2.07106407696821
2.07698650040237
2.07272700463614
2.07063441500049
2.06675934038023
2.06083059571794
2.05461456230823
2.04392380668708
2.04946207901296
2.04293140339524
2.02531945838218
2.00782279481673
1.99990422638567
1.98192813136139
1.98793828845702
1.9885680290198
1.98969298073723
1.9802335892225
1.9979267486138
2.00176100573907
2.00347393856885
1.99595764534433
1.98810438589161
1.99543490648743
2.00104604014674
1.99684491838493
1.97011723168167
1.99927154772367
1.99890265170486
1.98939176722479
1.99040678214188
1.9822079589631
1.99107732230368
1.99728095811636
1.98172892250805
1.97940310031119
1.99145542801452
1.99329848835013
1.9984730086326
1.9760272128776
1.96752165813192
1.97040055764691
1.96023350800986
1.97474037696769
1.96985699000611
1.99258947252094
2.00645317686789
2.00554489346205
2.01248056029957
2.01210911310906
2.00937016555616
1.98422156582397
1.97368599918051
1.97384625088524
1.98241400539219
1.95223922117792
1.92837384790118
1.92501539609205
1.94285730992345
1.93032393362651
1.91593381165716
1.91045381204137
1.8985309848033
1.90389969975116
1.9047767755386
1.89911007553793
1.8974119299562
1.87504743989786
1.88735050600921
1.88578075147591
1.87494560591843
1.85980290050458
1.83904077801557
1.82827720943795
1.81686299394583
1.81806356143027
1.80384641552825
1.79027505164089
1.78192849113801
1.76989239101961
1.76386468206816
1.7669371988921
1.77096904248545
1.76679480335822
1.74985276509844
1.74731425322356
1.74425079598943
1.72443309756111
1.73076487674153
1.72933028031863
1.72456367380747
1.70477410614763
1.70111563652009
1.71196933552318
1.71157306331558
1.71695522205997
1.70924885255952
1.71490059249113
1.69467999557177
1.68863517933287
1.70594000778333
1.68697984351714
1.68313474788771
1.67529857863738
1.6785571784761
1.67959945342949
1.66242448689566
1.66894601959908
1.6876592364607
1.69647884636896
1.70968135136133
1.71282585209887
1.72102017332723
1.72890201629705
1.73006618473671
1.74089826687735
1.73912390034771
1.73301700433069
1.75121024372488
1.76576623499532
1.78165389051887
1.79060378954948
1.82417841420904
1.82595727629924
1.81695542812533
1.82037483335532
1.8202684228995
1.80523558967661
1.79260177701984
1.79884108879954
1.78626871670186
1.81799478170046
1.81591112827811
1.80888226769807
1.81713824266738
1.82592012706889
1.82957797499149
1.80474350702444
1.80718386068169
1.79396784327909
1.79854568855087
1.80972225954231
1.79578625022156
1.81005415884155
1.78167487118973
1.8016468601938
1.79447756006568
1.78222038388882
1.77442347118365
1.77244138463653
1.7831398773243
1.77948601207313
1.78489124806315
1.78155832748626
1.76941883787635
1.77272344768451
1.77681974014669
1.78545988054251
1.79766717209811
1.80669115195263
1.80462392766086
1.80723982540789
1.80470954138294
1.80788848330898
1.80391721492729
1.82321715810258
1.83760391410055
1.84892572731215
1.83337349677167
1.84153869274282
1.85239171580588
1.85062236384196
1.83866390844466
1.84337364715066
1.8666099986333
1.84577961861454
1.85553962387813
1.86176093532786
1.84692484959864
1.85010676574386
1.84463509560387
1.83300872247213
1.82672612249982
1.81357317134363
1.82192283512074
1.83884720247296
1.84635195239972
1.84001763398926
1.84183399614879
1.85804853611256
1.86950111072998
1.88481007020288
1.90777227788973
1.92446776610625
1.92660715923311
1.94514259302706
1.96261118485185
1.98480154528801
1.98446909255842
2.00217326263127
2.0004269881871
2.00161428827992
2.02687678651241
2.02339143236175
2.00120366865967
2.00444402555871
2.02522975791242
2.03248366861706
2.03570643667402
2.0577749604846
2.05502855410632
2.06720335864333
2.07028014915562
2.07062520718707
2.06810514077068
2.08287152261282
2.06486189170025
2.05717200894409
2.05590562568855
2.05792835003548
2.08424720830327
2.06427913595732
2.06960971655825
2.06084766598001
2.0710093843428
2.06256700787209
2.08042989536698
2.09980104700163
2.09763935805555
2.07868534598295
2.07172451957667
2.06687276745112
2.07280764724607
2.07781628813933
2.08425461636477
2.09848858682631
2.0998571166229
2.1032468825535
2.11232864965418
2.12176787398461
2.12000462106407
2.11447971231001
2.11427340945981
2.10680074059713
2.0849652659204
2.08782141136863
2.08781882540085
2.08317544621443
2.06218813521651
2.05275841384622
2.05736565914039
2.05059397486806
2.03769399007667
2.02656146865576
2.02830292625055
2.02025707320539
2.01693792038736
2.00080276672516
2.00088302706891
2.00509332479693
1.99879140126462
1.99192587802947
1.9900515833323
1.97706686369448
1.95756416843679
1.96032766871397
1.97194798325541
1.96035276019
1.96630864669108
1.96280298804933
1.96547460290026
1.95974082359787
1.97006205001183
1.96057855706804
1.95343608395439
1.94243046246029
1.92515975150342
1.92322070380037
1.90958533008211
1.91526671191783
1.92118756961751
1.9062602985451
1.89427840852249
1.90761659479995
1.92474581610885
1.91200739560179
1.90771125835908
1.90447274723837
1.90568957681146
1.88129780039126
1.87812145426294
1.85867886891358
1.85903565669589
1.84530657621243
1.82445956106696
1.82692457688037
1.81265035008648
1.80659704849294
1.80141873968927
1.79469265164306
1.79521861055045
1.81541737847723
1.80318238639019
1.82207560216795
1.82359128550672
1.82750187556457
1.81582641150016
1.82464893383968
1.82703517419605
1.83933892055826
1.81755161129019
1.80705956991254
1.79808180255362
1.80479340555372
1.79355839368749
1.7835223835816
1.78390573602071
1.77828282801208
1.76310753372274
1.74211844479905
1.71833693574797
1.68251659630066
1.67485327749021
1.68625794444402
1.68998286171735
1.67775653629681
1.66735879721689
1.66722398330615
1.64110122866918
1.62840578646467
1.59414633621739
1.59729583622049
1.59318472446873
1.58621575740308
1.57764186384129
1.57436220250649
1.56857018214745
1.56862776004786
1.54887406167248
1.55160121310172
1.53059312871165
1.52776027111547
1.52387164611817
1.5485849840276
1.55219098384526
1.53326862098237
1.52284648112183
1.52194806395348
1.51371993501853
1.51108798484875
1.49734227730453
1.48818952889958
1.48833562990981
1.48102121348552
1.47651218082049
1.46403586418869
1.45882303412278
1.46500308150613
1.45652534720283
1.4473836692483
1.46741493649668
1.45287450733127
1.4515482924951
1.43842446016442
1.44442795672882
1.46019591303064
1.44477456151929
1.45810960892029
1.42857414881814
1.43667755931073
1.44483133168139
1.4354191981248
1.44285241014422
1.42016388590228
1.39938527351045
1.39556932813952
1.39413923968616
1.42240195198591
1.42421649328676
1.43247855028803
1.45191949888241
1.45851977502435
1.4725877706287
1.49149280662767
1.51607869226788
1.52445680788282
1.55150474992584
1.55230958954707
1.54720319740972
1.53598869358929
1.5451455005863
1.53689262507982
1.53546694560885
1.54092381394228
1.55082312659393
1.54096565742788
1.54900263113092
1.53879152748901
1.53187483781498
1.52398520414141
1.53581622926717
1.54827317719692
1.5521653143344
1.54292898957621
1.53046043060562
1.52032919936475
1.52738456230122
1.51244264470584
1.51132690700025
1.51128909332228
1.51603979623171
1.51711492578229
1.53129025608096
1.50693846361531
1.51172734107574
1.49751081362325
1.49987860042326
1.47618356016954
1.48219608676632
1.48636564946964
1.49390664110019
1.52490722921135
1.5167974946145
1.52625221547748
1.53217620794843
1.53034505821321
1.52662887671372
1.51979631062454
1.53248348602032
1.54590875635723
1.54538282206709
1.55421749364891
1.56121089284768
1.58014838588607
1.57949052441636
1.57680690188998
1.59416384624716
1.60397705259882
1.59562688018944
1.6085849437175
1.59798782448334
1.60296108068331
1.62498520025894
1.62083188777585
1.64769525246679
1.64926730735009
1.64888306622494
1.68259106289627
1.67946836167021
1.6904937206743
1.68394558071292
1.68624671046015
1.70159569038489
1.73420593263451
1.76508743053101
1.77571895910957
1.78928409403744
1.82301477586988
1.83437722064323
1.84400814280501
1.86925631041242
1.89171221304941
1.90031483278051
1.91304225514296
1.92202275614573
1.93903558233859
1.94933338857256
1.96406401871329
1.98087540273403
1.98320429767463
1.99729279923165
2.02312005625877
2.03150867698204
2.04038919471391
2.047606721155
2.05488533801164
2.05465548304629
2.06481342886655
2.07520439874185
2.07052989343868
2.06116832416834
2.04941420272105
2.04711798104744
2.06364439968869
2.07314083100919
2.06279046445616
2.06472489160512
2.06940549189983
2.0562261579841
2.07618648481982
2.07411767489016
2.07844538768464
2.06242818198435
2.07117505828329
2.04773436601614
2.05092366344995
2.05771806892681
2.04692250032304
2.06062715343034
2.05917182196758
2.0650727858673
2.06594537680713
2.08566487067156
2.097600682092
2.09315639641381
2.09666041959318
2.09865301970393
2.09758983509819
2.1158931476652
2.1138565410287
2.12840757247498
2.12434885813726
2.09567567937058
2.10387524038803
2.09436405273276
2.08229409962892
2.1021108704792
2.09025122351926
2.08092836331548
2.08034909486627
2.0609631207971
2.08484614296261
2.08851610861426
2.07137779651258
2.08757757404772
2.0738837532699
2.08025657116172
2.06839172548416
2.08169595872137
2.10021719533903
2.12590324967017
2.13655643206826
2.1381280226895
2.13353120287581
2.14394641128902
2.1539651902428
2.14923923974328
2.1513777168136
2.15907986655466
2.15989955364599
2.1537143660617
2.14830717759235
2.13955995439905
2.1347617218396
2.1537861063074
2.14715145026567
2.1320657437445
2.12849146929601
2.12272809502218
2.12487858532409
2.10724576704077
2.1055506361026
2.10210480222985
2.07950854628576
2.07787046019254
2.08078029622785
2.0617219501846
2.03804091843774
2.03341751351073
2.00261749724572
2.00817789730359
1.99811813295841
1.98516802910457
1.9599557236932
1.94283962964085
1.91879788356486
1.91617683487848
1.91894889030969
1.90246479307924
1.87224395343353
1.85367217273669
1.82573280645778
1.81493285786596
1.80727550109055
1.79857935634175
1.79253987542215
1.77340994788368
1.76461381230316
1.74975442043713
1.76154774070548
1.76280446138565
1.7365012761042
1.72062649926319
1.70080956996751
1.70619694722454
1.71649332294292
1.68659257668671
1.68144581612767
1.67366761280648
1.64160740798393
1.63437414048887
1.61645456563018
1.59704596199318
1.59490364789544
1.58596762810162
1.56530186544828
1.5586423089009
1.55420384470678
1.58111883393693
1.55720002083353
1.5223247953934
1.51061773163886
1.49802404839598
1.49336575887449
1.4654278358643
1.45954153117221
1.46186043854469
1.45855493209551
1.46110259755528
1.44665690155913
1.42484370798212
1.41636012718919
1.41578575093106
1.40563290284365
1.40014044319522
1.39429256505247
1.3978311997154
1.39431350074327
1.39522019542059
1.36993799647284
1.36912871591955
1.37406896289247
1.36204312608586
1.37122948352769
1.36052483538271
1.3424333860408
1.33971521864297
1.33640801852437
1.32757717871694
1.33703699699549
1.32377003089574
1.30877364671856
1.32418590261201
1.30985602564157
1.29133292456006
1.27553043882986
1.25831738343374
1.26376986627935
1.23677144590992
1.23631501569262
1.22041840659894
1.19362286912254
1.19841609978406
1.2140153969322
1.21429777581767
1.21039775226772
1.20398676288461
1.17258473165542
1.16219452386397
1.1431807652425
1.14039895929035
1.14232115478239
1.14177155935992
1.14434121804408
1.14022210320248
1.13632134748684
1.13023293647897
1.13272593888419
1.13185738091565
1.13417633241427
1.12576617371105
1.13403285440444
1.13637151798316
1.13579573625422
1.14896893752345
1.13939370709994
1.14138028035077
1.15191012273328
1.14671951030931
1.15346975594353
1.15828993814589
1.14622997938026
1.13816833574398
1.13770972078472
1.16884961364055
1.1951671421525
1.19011647374687
1.16731813884232
1.16208182288213
1.16156208350892
1.15655271516837
1.1517013018441
1.14638838571146
1.16730957986807
1.17297896274507
1.18226175581712
1.1773034686248
1.16401917660909
1.17737362237779
1.18615935325492
1.20249490992349
1.2074805022752
1.20517669977127
1.23984476291834
1.25102346228914
1.26032892335563
1.25986637069083
1.25842326684392
1.25538138097978
1.26839915928545
1.28081585861969
1.27629386921994
1.28002273466735
1.27226282472675
1.28100643416564
1.27621682124468
1.29595640033298
1.31434898415474
1.32561007496092
1.36629999997959
1.37326533947745
1.38465519799036
1.38333013413403
1.39285173741023
1.41832506393737
1.40702234681135
1.39939803819221
1.41657116196271
1.40751367216249
1.4309702404875
1.45020021410445
1.45119209936132
1.46645431573037
1.47276215306698
1.4791578348482
1.48973326222411
1.4883574044586
1.48210059467308
1.49139405762863
1.49553728192976
1.52156237702972
1.5208596058862
1.52079767464069
1.50819332655338
1.51589910178186
1.54294530502715
1.56126892401951
1.57022091249401
1.58708094485832
1.57609429167523
1.6021388790383
1.60370433809612
1.60878233842296
1.61587121188424
1.6248339067686
1.63169550161547
1.63246470880125
1.66414848866539
1.65502257837577
1.66544515101613
1.65146883987452
1.68703479259497
1.68655123378041
1.70259565578416
1.69664749772612
1.68663139923009
1.71601183378576
1.72406588131375
1.74266356368073
1.74529552902364
1.76369565814524
1.77369182250252
1.77358051991863
1.78048126391117
1.7759430136825
1.78923718264902
1.79601550191352
1.80487439029692
1.79110332969984
1.80192613971629
1.83283403018491
1.83905006191102
1.84493589855359
1.85703034160916
1.860119994869
1.85353620895969
1.87122565420267
1.84747097329954
1.84868851563191
1.85812803669616
1.8610674113072
1.86857436852789
1.86834867115779
1.8645314478352
1.88619852828775
1.89951892001405
1.91773752421361
1.92586450663834
1.94576289787111
1.95298012272366
1.95408245732552
1.97203529353237
1.97408364180773
1.98416676604225
1.99418898020214
1.97140937413454
1.98889639175327
1.98173944224795
1.97533330833086
1.98378372719582
1.9729921047277
1.98008743288429
1.98586753520941
1.99180273183323
1.98431894085642
1.97818907898869
1.99324080652391
2.00676928878581
1.98345220333848
1.96977718616567
1.95518478776381
1.94639111730915
1.96251884657977
1.96015638426618
1.95929723541825
1.97821865648625
1.97072950515121
1.96363033095366
1.94939027792772
1.94631422393122
1.94847990376368
1.96666224370368
1.97647883149526
1.97705879480191
1.99328330911463
1.98438226305563
2.00685998036707
1.98998456042887
1.98581878581869
1.98977411958571
1.98758629452789
1.95778107205842
1.95683297906364
1.96513410415308
1.97778218804706
1.9745724142874
1.9675755282997
1.95247204597468
1.94491347296856
1.93453541744556
1.92110624485448
1.92722003233308
1.92923201959751
1.91939389030239
1.91059755847887
1.89322350996131
1.90501028956946
1.90450601325079
1.89589431069621
1.89564389845865
1.87528952395177
1.88281951396039
1.89083687382818
1.88693898641451
1.85909393123429
1.86557046542097
1.86149222968005
1.85513045004347
1.86368734557568
1.86665135609319
1.85872722810548
1.8645680924218
1.88049623737995
1.8904352263882
1.89119798355963
1.90416738145606
1.89873045882602
1.90464721202749
1.89975712081985
1.91951604478133
1.94702818713569
1.95613116086834
1.96211796172458
1.96494464671169
1.96079798811045
1.95180904430203
1.96495483111973
1.94007194709258
1.95603760238993
1.95675223522521
1.94893828212602
1.94829930090975
1.95655660209204
1.96583867506608
1.96829182115163
1.95249634872456
1.97260491550576
1.96915547664873
1.96380180888029
1.98021338270993
1.97304189555653
1.9781064295132
1.98702876935688
1.98571455621895
1.97615016934859
1.99398984134004
1.97813012669858
1.98236246608703
2.00265418472851
2.01943803648706
2.02543896377318
2.02707726468807
2.01356653537408
2.02250673211297
2.00942860433992
2.00068415170264
2.01921839507209
2.01190353470211
1.99353340463371
2.00773240708783
1.9954161104123
1.99709172111834
2.00824920398837
2.01262489951001
1.99774766609219
1.98603176839033
1.9789217876039
1.95483834742236
1.97204537727331
1.97136851513488
1.96609538416847
1.97031199683465
1.9605588493016
1.9555547397459
1.96833452590913
1.96380748669655
1.97114295535686
1.94300528003201
1.94635648103703
1.95813230857387
1.94127481724534
1.92907564171214
1.92879437521276
1.91279459841074
1.91614555219579
1.92752426906911
1.91364644810009
1.91060492913675
1.90109371025685
1.91097784558715
1.92339712361515
1.92334687585978
1.91660077705695
1.91765493916383
1.92911926447221
1.93765240898594
1.94855889265105
1.95867476492496
1.95890796594696
1.9722059223608
1.95583280472394
1.94437443566157
1.9372630055463
1.94307716299793
1.93021419585305
1.94089351069458
1.92944746706868
1.92059281344646
1.91328729353775
1.91387583933108
1.90966260066057
1.90070311559584
1.90943280763447
1.93860082466858
1.92704162830763
1.94093632731058
1.94128895727536
1.94470584239987
1.95212643439601
1.96564650437599
1.95258075320471
1.95690912927581
1.96940541916361
1.96956654849683
1.96417739718754
1.96473801654556
1.97607758726399
1.96975626764734
1.96812309122448
1.95720153239006
1.93661331014093
1.90414830622926
1.90681958145285
1.91813551300424
1.9074976513202
1.91160986053343
1.91535937406926
1.9033010068358
1.90223640450998
1.92335551996304
1.93515668160756
1.92623899288948
1.91936256162991
1.91746394384821
1.91181633434798
1.89915109160276
1.89325183179745
1.88740248782033
1.87948327561705
1.87074876067346
1.85697041536975
1.87205911662826
1.8736827578555
1.89020753487437
1.89267857908421
1.89918211094912
1.90328291478578
1.89948495969157
1.88222931187167
1.87648365554852
1.85939150803612
1.88007842162436
1.8792515337131
1.85238716665949
1.84622535954393
1.84970746966278
1.84801825711217
1.84518281203823
1.85106165199537
1.82412983716317
1.8068615594129
1.82311334330033
1.82429489045485
1.81604472436919
1.80673926098211
1.7965727898905
1.78405926928301
1.768335235512
1.75009079558432
1.74289701244838
1.7564512419134
1.7489905879409
1.74359021384682
1.72013928002429
1.71560933074642
1.72328731983818
1.71997686120727
1.70927838768697
1.69540830383823
1.70219361867943
1.71792122708138
1.71293882464789
1.72277862139931
1.73527570824371
1.74735090003875
1.73684748767908
1.74116351378613
1.72807645722305
1.73426966721736
1.73491525279775
1.73086044723649
1.73613123976321
1.73457957873677
1.74445739819796
1.73586861075578
1.73456334928257
1.73323650733107
1.70931952289418
1.68397414623375
1.68930793813183
1.70367099765311
1.68950323019887
1.69606609352
1.69986797827516
1.68182240437026
1.67411358541417
1.66826472012208
1.6716846424369
1.65780282829004
1.65706831962206
1.6622355942041
1.66717481698146
1.66163013816411
1.64929354789318
1.65705485697394
1.64238062796969
1.63268415304128
1.62260279551607
1.61488030040728
1.62044214174421
1.61974189207834
1.61440667774478
1.61678241863991
1.61368876347429
1.61814025995273
1.61404586388927
1.62262907028982
1.60546293489865
1.6255025756357
1.62368827101123
1.61393310286801
1.6119310586081
1.62563339786938
1.63392815776034
1.63977053937645
1.65790528670663
1.64419140318811
1.62665832503117
1.65179152881088
1.65913233930418
1.65566960927721
1.66253885947641
1.65815387825334
1.64044752626063
1.64691288170986
1.66555436312028
1.67435439821152
1.69371509211242
1.70120720944078
1.70792052666884
1.69894458856514
1.6916158039318
1.70805024814529
1.73195316970208
1.73331043070323
1.72788048328495
1.71926910579
1.72869081346759
1.72519504352371
1.74779891137546
1.76763772387402
1.7781269369367
1.78181211957296
1.76035547167805
1.76957785962679
1.78326655376677
1.80946897199334
1.80071888097699
1.80522262986299
1.80616745466759
1.81998542646755
1.81949990372461
1.82604706598709
1.83101246617858
1.83401572908251
1.82314444869044
1.82314068222036
1.8357192587884
1.8411906758838
1.83406616448627
1.83902362643319
1.82708771925408
1.81931809986874
1.81325206672031
1.81179868111788
1.81359833483397
1.81821300478036
1.83328529417603
1.83313936798499
1.84509401326753
1.84201206258638
1.85154748617732
1.85615149755221
1.87009042179137
1.87367792201405
1.87668018788815
1.88287584051675
1.87565216181458
1.8762441368511
1.8767660494976
1.85859532494688
1.87952303195835
1.89612481601545
1.90058608748376
1.8854439186288
1.89777590761603
1.91652679982302
1.92942989450645
1.93160493539921
1.94219596188336
1.93905773306064
1.9544926954617
1.96654014976951
1.97262426005716
1.99371022064842
1.9978751544583
2.00734474662355
2.01304974355214
2.00924112760194
2.01018567097978
1.9869799840244
1.98391156278707
2.01663248613874
2.02942987019884
2.0327646362792
2.0428466860616
2.06260158168209
2.06383368417668
2.0576565885345
2.06366508662669
2.0686859413898
2.06741149671725
2.06667298629262
2.05442149960393
2.05547358847668
2.04416136108398
2.07609639998074
2.08471610957977
2.08291010902334
2.10440521671732
2.08085131685073
2.09112576556515
2.09195114447298
2.11572330192134
2.11015684291985
2.10449859702937
2.09110449929561
2.09335925679643
2.0875191020919
2.09046183464721
2.10382268357254
2.09919927587444
2.08588136003308
2.08353269573078
2.07894049339699
2.0936351375425
2.0806810545415
2.08667653944276
2.07575674814789
2.07406157282967
2.06674165735699
2.05064700349809
2.05990912091061
2.05424405540666
2.05365001875315
2.05724721333882
2.05187835257893
2.0514383700903
2.04982200121574
2.05617514961583
2.07743872501959
2.06768675729038
2.06185601332596
2.05290210750379
2.04503333376691
2.04241593723802
2.03485045380826
2.01198776275666
2.01875014449236
2.01107978261185
1.99702435312358
1.99164588294538
1.98256376418351
1.99365844238652
2.00804133511059
1.99152809968203
2.00680695289418
1.9986729146382
2.0045027945755
2.00314246794431
1.99945321159082
1.99970840092565
1.99324293768925
1.99834831189681
2.00209595156036
1.97778273833729
1.97895640640219
1.95331529140869
1.94614194873053
1.93523489609081
1.91593048097659
1.897313424563
1.8862857328888
1.89324293846677
1.88280084151314
1.86785583100458
1.8610833059311
1.87495995991545
1.86470051746441
1.85522383647324
1.85844660730418
1.86251180505948
1.86638596878099
1.87023797336384
1.86886043414763
1.86982184180615
1.87076144443584
1.85792555390309
1.8622349641836
1.84218953103479
1.84574507859977
1.84607631861225
1.84856031884094
1.83968454954143
1.8271461758522
1.82294820186143
1.83168753399389
1.84984790304783
1.82764428006222
1.82507750180109
1.82712991617806
1.82930271613791
1.82943621072111
1.81529364656367
1.814381541023
1.80985338988071
1.80964620623631
1.79027977908994
1.79253075241792
1.79063119997785
1.78387312208433
1.75759800852353
1.76866559575831
1.76769168550299
1.75664854364918
1.76707842982401
1.77608093518457
1.78156455557496
1.76503408250007
1.75716155007552
1.76063861029218
1.75393338217605
1.74463316381176
1.73857758203109
1.72892440335756
1.73321153483616
1.70760657590287
1.70719115265756
1.71162072430811
1.68813954939934
1.67986600598666
1.6897905640421
1.66873358432968
1.67096913781532
1.6704896732724
1.67552204995218
1.66212367872053
1.64729727800133
1.6324319498558
1.6386506130517
1.64137353095135
1.63367980205457
1.6363536371416
1.63863658059383
1.63439282795125
1.642264620541
1.61191902609751
1.58764209819371
1.57578338469851
1.56721160892159
1.54874052103267
1.53484427471395
1.52503078052629
1.51420553716948
1.52852419975608
1.52495320741971
1.51283956386335
1.52965716801082
1.5205222218193
1.52338180811466
1.50656455305683
1.52061170435637
1.53019346551629
1.51781473644782
1.52431568757658
1.53511427104408
1.52396202220633
1.5276696786387
1.52534146201285
1.536069524583
1.54741266305528
1.53734600035311
1.55821688013566
1.55811265504504
1.58016227950051
1.5693086129422
1.56209942666866
1.56066138081404
1.57510112649977
1.57776600109748
1.5783230278196
1.5755418543035
1.58287120530347
1.57738094179269
1.56858285790456
1.59720657357088
1.5942024171904
1.58385276198373
1.56768427822118
1.58063090047051
1.60084213901221
1.61738801881414
1.62222844778251
1.63797098147528
1.65326634065741
1.65540069366221
1.66211250553922
1.67892729934283
1.70498020023462
1.71623892525232
1.71844337851747
1.71688277052163
1.72099938715194
1.72787651572628
1.73382058212894
1.732001309468
1.72209619292701
1.70519998511801
1.69896362497227
1.68200969745928
1.68446089112771
1.6807676168683
1.69613963734702
1.67905255986178
1.68336477497868
1.68522544347872
1.70262424031375
1.70046501561191
1.69648827781052
1.71139303920077
1.71308865707425
1.72722020328035
1.72252957238622
1.70389616693689
1.68940514577674
1.68512980657948
1.69227456701799
1.67762169313306
1.68839008101442
1.69298393091323
1.68647165156639
1.69424801778175
1.67661234126726
1.68319226897364
1.68717373720981
1.66969322291496
1.68281518319855
1.68062283751375
1.6855730561047
1.68544175449075
1.67762058502236
1.68765107919649
1.68981682737713
1.69092571875231
1.69356518024693
1.68221582351877
1.70135890700078
1.71181974726395
1.71469106780594
1.73278391870285
1.7349850071598
1.75209156054214
1.74816306306615
1.75282032234076
1.75431640155536
1.75746290766781
1.75621418754764
1.78015856195313
1.79098676828556
1.79069705061015
1.77603367752231
1.77690587208643
1.79959577620775
1.80467737610103
1.80479581734402
1.79596450173974
1.79653238456358
1.80672438971287
1.8340336926465
1.82274833421742
1.83485567865014
1.85547762007567
1.85810943641896
1.87123689849616
1.87576059985677
1.90408315316242
1.91284202791781
1.91070140011944
1.90598917369312
1.89111819694343
1.89979284625813
1.90283132373094
1.9029907603606
1.91522501060474
1.92113763957637
1.91917833774143
1.90258520494929
1.92325276302734
1.92666870700561
1.93689222651604
1.93570013998892
1.93722689021871
1.94953051428276
1.96912800505884
1.98989947339645
1.98279894231475
1.98261565029385
1.97049811347371
1.97510605859327
1.9629278701426
1.9466331349303
1.93061371093168
1.91602731576175
1.93144694536296
1.90680714520256
1.9200703332887
1.90639945430428
1.88338707618729
1.8935088133838
1.88107267650374
1.88868789194817
1.87901992536786
1.86810897855739
1.88320174246295
1.88734403137219
1.87221127190079
1.8645031858085
1.8569807112493
1.85818539533644
1.85914622029475
1.86488600450302
1.86414259624418
1.8552756501937
1.86804790733238
1.87110903651945
1.87470633359663
1.85696157421148
1.86095627207115
1.8504185541572
1.84336977478692
1.84272193932489
1.84703295962
1.82644612128678
1.82058100161699
1.82352040704429
1.83413431301925
1.83240747697767
1.82159090967015
1.82328639118577
1.85187582854626
1.84064889619918
1.85047596216974
1.83368317309488
1.82780703405559
1.83100287336564
1.82256335299039
1.80164949661427
1.7970551064126
1.81459123409315
1.79070502919618
1.79251058312611
1.78839494638587
1.79537634312717
1.79210267881065
1.79117867500075
1.77054924128811
1.75753164031791
1.75510491827907
1.74162612941014
1.72561520593743
1.72015870051491
1.73060082732068
1.72000039914761
1.70104454555902
1.71350339801739
1.7086909101235
1.69690865142929
1.6992898503606
1.68644038518678
1.70733132586069
1.71649280319513
1.73254213406576
1.69688621693284
1.69433646328297
1.67991815598957
1.68335162912125
1.67929235803996
1.6617592477863
1.64053210973665
1.63884425018444
1.64378907798726
1.61984205933823
1.59871970139494
1.5625808208934
1.54486472741395
1.5353951789288
1.53507371487846
1.50839597540987
1.49190299345969
1.4877145452922
1.50023688584469
1.49109680446426
1.48425968405518
1.47571073073795
1.46623161571011
1.45279506494583
1.44935306029175
1.47707093418866
1.46062318699113
1.46178154817139
1.47061107552871
1.46878943979456
1.47622744030325
1.46895792425578
1.4520388956709
1.43955503764301
1.43902082484211
1.41688080998769
1.43549682697554
1.41539255439916
1.42842655269366
1.43345592280357
1.43182946567855
1.42475555588847
1.42965266301118
1.41857828918552
1.43742908006926
1.39406747524761
1.40101666452378
1.38183151698645
1.37653406331994
1.38421097163477
1.38576354569619
1.38009465511004
1.37417981612642
1.38096043122942
1.36683481706837
1.3617494416489
1.35801475655418
1.36297485104488
1.37348379376962
1.3821720780509
1.36744297410618
1.34567173640416
1.34909133789883
1.31655340340918
1.31048590634468
1.29995551893417
1.284861544103
1.27988789438487
1.29391657291449
1.28053837039125
1.27280600933045
1.26349998361225
1.25531958316241
1.25219452722694
1.26141563136364
1.26118511444641
1.26412734189919
1.25019766304715
1.25761193118886
1.26123536788361
1.26298745048666
1.26638037328596
1.25785311255389
1.26628433512907
1.29128411135481
1.29069060519901
1.27917586511656
1.26405394481982
1.24224072251517
1.24349350366603
1.22173049903605
1.22899651041874
1.20162319242285
1.18291889380543
1.19312573993071
1.22490033987885
1.21065265161776
1.19647514647562
1.18069485681989
1.16938115952928
1.15404855576858
1.1510385769155
1.17897152019013
1.17588010935557
1.18425980501845
1.18427789244269
1.19741328007083
1.18722381963148
1.20736106078013
1.20125479557165
1.20345966466162
1.21426581270521
1.19573958339688
1.20879468228875
1.21593261894813
1.22956927538795
1.23271926573526
1.23096787015511
1.22403723959614
1.24007436512581
1.23276566086746
1.23643735189219
1.22010347380721
1.2298284148495
1.22140868629945
1.21491262325244
1.23702945327978
1.2497708669412
1.2638894300253
1.27858305328926
1.28740973683837
1.32036114402833
1.3369161378624
1.33698086616564
1.33881821624973
1.36378539447747
1.38783958078194
1.39113145735482
1.38164838653337
1.39652936599123
1.38090499101086
1.39629582995097
1.39046925488184
1.38421193819088
1.40867946595682
1.439545373194
1.43042598956117
1.43603677726773
1.45950604562899
1.47060372806865
1.49242670763473
1.4929780952572
1.48990883068235
1.49412298196554
1.51639248244104
1.52623188159324
1.55564714099356
1.56719318817287
1.56913116692785
1.57521509933102
1.6076084030854
1.63567257933083
1.63412911521897
1.62960550469231
1.62475768263292
1.63676142533475
1.64389051827988
1.62956780935538
1.63883281406904
1.62292616004781
1.62644134393644
1.6330574496996
1.65409834883928
1.63378481944185
1.62856181747644
1.6226397785359
1.62105019423435
1.63075415683199
1.63792461132935
1.63439929507826
1.64155862844266
1.65697425195879
1.65924628827095
1.67864385723059
1.66138777695494
1.66905538303707
1.68316050803419
1.69375269399324
1.7018590804419
1.67556567808586
1.66384193020134
1.67593363488278
1.6687245678284
1.65038928615551
1.63562303769807
1.63842752751744
1.63682664820281
1.63869249645495
1.63168346535647
1.64633035922548
1.64969200972185
1.65584015527878
1.65891111672818
1.67477695358262
1.67654464395574
1.67984086775386
1.68931178710069
1.684997487594
1.70791054163658
1.71258453565173
1.71174676147997
1.70179852609657
1.70367455943303
1.73395022259998
1.73186633575201
1.73725343203793
1.75529815659767
1.7581829484644
1.75160960763268
1.75043152537648
1.74818186421451
1.76609747237261
1.75662419059433
1.75699472795215
1.75294867371036
1.77627261176989
1.77965720464067
1.78933206092602
1.79309656638099
1.80251641032433
1.80170713077301
1.81638186624552
1.82923617444207
1.84822009271112
1.86089256643849
1.85696216901667
1.86708405252172
1.88366685638017
1.88000522106727
1.852729761102
1.86016808309352
1.83448168293892
1.84923234597388
1.85000469413812
1.84260979407101
1.84182969298275
1.83731212239988
1.8406415846857
1.84061838127459
1.84662836751241
1.8228448356474
1.82088977286517
1.8128282847267
1.82101806058555
1.82167437662803
1.83120008783174
1.8153763967862
1.81098880364103
1.80060598671798
1.81062306204079
1.81614088572971
1.80379876586133
1.80950404603625
1.80047882551486
1.78905250037964
1.79867165414696
1.7900175001046
1.78463847787626
1.77025564509959
1.76251763203862
1.75790309955529
1.75009559399111
1.74434704246226
1.72678541218485
1.73882741246289
1.72984490648538
1.72941075283605
1.7439402278255
1.75334291427859
1.76422744279252
1.75627725930473
1.75990922624242
1.75323114258798
1.74370062397815
1.73475238873454
1.73375400981873
1.73792331145966
1.72870334980816
1.71832913932473
1.70774123484308
1.72565978032559
1.71507745733007
1.71247113477426
1.72408664089803
1.72380805253795
1.72124097387065
1.73584076195475
1.73035588468219
1.72893739021048
1.70670665564302
1.69817590197411
1.69185209914051
1.6904472355319
1.67230798553385
1.65530505535086
1.66210355874822
1.66691599837871
1.65613002485476
1.66655707146313
1.66751938933624
1.66787831771346
1.66101335181385
1.65570359743837
1.67338807670071
1.67885468021878
1.66712181217618
1.64319853109995
1.66491978894965
1.65875906364588
1.64977484122594
1.63167493394795
1.62709707199037
1.640103688018
1.6493700671444
1.66219245019609
1.67408051443662
1.67626173263518
1.67230206947973
1.67444497892305
1.67475121206052
1.68502756488028
1.67529817836795
1.68545226069446
1.68030896735514
1.67630849585746
1.66391399832156
1.66963164278707
1.67457050828167
1.67588567457832
1.67536643834672
1.66619120892285
1.64209287807693
1.65561007787362
1.67865431421543
1.69170816164986
1.68053594547859
1.69821530830718
1.69782657304707
1.71046360916223
1.7014763450356
1.69128768096867
1.71588923530199
1.72179443500478
1.72616316813654
1.73402199018291
1.74234430545314
1.75347094796643
1.75204198517925
1.77274822389566
1.76844107365345
1.75747210724404
1.76051232891829
1.7585365046771
1.77286059990157
1.76739589482171
1.77894294456307
1.77421237867059
1.79116004828257
1.78535779649117
1.78798396970954
1.79780016287586
1.80601455115981
1.81739894449215
1.81881099869082
1.82066482766241
1.83068101141254
1.83408472205753
1.82856185459822
1.83171103365627
1.83958700685499
1.83805886993629
1.83739070280143
1.84759565319031
1.84585108925635
1.83626415816735
1.83917398587434
1.83611356540455
1.85251092629945
1.85346681335807
1.8606975489033
1.87518565516786
1.88766791930197
1.87915770056795
1.88061836936571
1.89452493486611
1.89555745726493
1.88509105094827
1.86389655216252
1.87579934740971
1.88877643925732
1.8887531342568
1.90147095810606
1.90654814419985
1.9037501086766
1.90443400840111
1.91244007286709
1.91286435921644
1.93028341938065
1.92721276710189
1.92091869798376
1.91869944147784
1.92096973417555
1.92894772103415
1.92470167429873
1.92625968750657
1.93060623056846
1.9206606484119
1.94214536189774
1.92230033171902
1.94280429178066
1.95465703155641
1.95768737325782
1.95013391660511
1.96269475970604
1.9404290892798
1.95122731147263
1.93847387845409
1.94186081924618
1.9406762502083
1.92178686154057
1.93194370216184
1.91441230485475
1.90766118093018
1.9052383789201
1.88703809199621
1.89914874699102
1.89366274322887
1.88145765121645
1.87373602163479
1.85620639505371
1.87236765200619
1.87463943694664
1.87120533320401
1.86716425018981
1.87716211172697
1.8785354868203
1.88040921908958
1.88864206500462
1.89462891749569
1.90064924533184
1.89988876966637
1.90479098687032
1.90044777899362
1.90130455648371
1.89216911154838
1.89481118096067
1.90859825491032
1.89562512835959
1.90978579136343
1.89930014310896
1.88651545894214
1.87446950840495
1.86317975486462
1.87064972862806
1.87638837410723
1.87892542358169
1.89247037654024
1.88419474804343
1.89312961021354
1.8861115910235
1.86755033998565
1.85966309293609
1.83937510548517
1.8444215139742
1.8141338698703
1.81855933312124
1.82338381605814
1.81127451394769
1.79423353757314
1.78346298085969
1.7808296798203
1.77199241196475
1.77248557788955
1.75244109100867
1.74587885025144
1.73737686065919
1.72070441004711
1.70409974726271
1.7037038329191
1.70567101872658
1.69556761577071
1.70471163576675
1.69879919311292
1.69045323550128
1.69698273088366
1.67567615592354
1.6869611591607
1.68656868962366
1.67399081405822
1.64558488201215
1.64195435759149
1.6289388292531
1.63677969985902
1.62161839023491
1.61849121611639
1.60416487191512
1.57969494109077
1.57345709550023
1.54512941203658
1.53753745666998
1.54252298574836
1.53907600576768
1.5289549208575
1.51150221738445
1.48332703665981
1.47503615762654
1.4542687780376
1.48667368344423
1.48807194899639
1.46563663813636
1.46917306254422
1.46531539961492
1.46343964940417
1.46401364874165
1.48029501161805
1.47353999748547
1.47800555629918
1.48349237168888
1.49239506442325
1.49450784780225
1.49672369616207
1.47673639406563
1.48000739526843
1.48102968454207
1.45424662216489
1.45662682472144
1.45496687232348
1.4431062266198
1.42738585281175
1.42828453059526
1.43436623276006
1.43945169407285
1.44001233913589
1.44812698777932
1.43809687385689
1.45191891957386
1.45893354062442
1.44676810014781
1.43778116354142
1.43700684557635
1.45207138638669
1.42736648124964
1.43162074422057
1.43340058764041
1.42657639915944
1.41050670026631
1.41159099564921
1.41257219371575
1.43058308511851
1.44147763287481
1.42325956804907
1.41475725410507
1.42679226019391
1.43329488862653
1.42897832640487
1.42199453295956
1.42681900958949
1.4118109693764
1.42380176417885
1.4179399198496
1.42831425190397
1.4219476079549
1.41107225142684
1.41943349470823
1.41910334031954
1.42058867443636
1.41583751259147
1.41623889457899
1.41919343814549
1.43350042293712
1.4343052519958
1.43027944016207
1.42721769465163
1.43328159984282
1.43566901860461
1.42569952509834
1.42793897787875
1.42909344932443
1.44956432309086
1.440011606757
1.42538030356363
1.40178363704481
1.40381007404808
1.39163089909769
1.42941399845188
1.45017120553255
1.44077671503067
1.45464635419279
1.45703855909335
1.47011708516327
1.4681543390526
1.49062426137742
1.47426308944388
1.4821424592389
1.50745975446782
1.50865224938509
1.52561478582483
1.53478631450201
1.53375409878388
1.54790354478599
1.5582758130952
1.53996427581345
1.54115431714054
1.54442636159547
1.55262146391695
1.55661115740797
1.57545359965758
1.5785521586017
1.60083594744629
1.61043215519313
1.6108883961954
1.60844783118464
1.63399412584044
1.64415480323414
1.65224715770815
1.67202550095662
1.69432422488845
1.70644458962365
1.70478604169583
1.73372060926282
1.7355185471539
1.73144515159685
1.72458971396602
1.72827232963282
1.72427013454599
1.73123860329048
1.7478247366704
1.74708399681273
1.76236248728316
1.77616156992578
1.78797291785945
1.80665073586122
1.80727483311652
1.80962730479081
1.79040707012896
1.78621908266849
1.78876971940489
1.80720074362518
1.81282641217395
1.8036083938004
1.80668136644233
1.80698295197722
1.81964820407267
1.84071510953739
1.8367275405068
1.84889579523813
1.86140199955132
1.86997379261355
1.87095988481881
1.86892693802438
1.85409913426284
1.87367102603661
1.86716179434382
1.87475595562689
1.87055835094426
1.87158601907589
1.87526707015999
1.85811833756596
1.85592350453308
1.86811867682613
1.86274599613278
1.87035987628255
1.89585340499975
1.89720742431965
1.89812604743956
1.90518111382884
1.90593243524452
1.91344324005656
1.92616394227708
1.91974989317254
1.92265338065083
1.94992649167858
1.94911965075858
1.94357192818643
1.94533976252978
1.97073812347622
1.99207001051437
2.00314470003911
2.00198993725522
2.01298777645466
2.00859762949929
2.01182164265113
2.01550704121703
2.02931682476804
2.03376457940082
2.04047645099469
2.02972300419068
2.03022692690165
2.0265759822942
2.03615212999671
2.04512757304928
2.04161129052485
2.06707366335593
2.06646686354507
2.0616719080155
2.0720725372412
2.09860433155749
2.09181526769117
2.09104544895169
2.09858289869652
2.1009815436846
2.09226618064403
2.07510279002594
2.07993781987688
2.09577575791066
2.1070642953908
2.10301381716951
2.09725882929032
2.10913108607489
2.1062829099949
2.10385748694669
2.10582865009339
2.09438956372092
2.09813394133783
2.11165139016615
2.1125537531558
2.11101315316433
2.10648375310182
2.10809038578341
2.11664362533746
2.12737022834466
2.11296199965745
2.11881193108018
2.1138928630318
2.11701817809051
2.11449466931522
2.10307195401375
2.08312894069937
2.10161943871514
2.08593308090835
2.09321771734109
2.07102272057265
2.06314926814036
2.0737915190745
2.04669490843006
2.04051144845573
2.05033976874994
2.0417955765782
2.02493500068624
2.03217227344622
2.03624046391135
2.0283513920371
2.01834133400474
2.01146849760392
2.01478047923036
1.98636898314171
2.00064313841072
1.99544679846632
1.99104853765201
1.98792706607388
1.98511854379586
1.99087196174917
2.00858446158846
1.99814312448836
2.0012707680717
2.00385161680259
2.01207265751933
2.00193574309809
1.99423551596596
1.9878100569095
2.00205232724221
1.9955588242175
2.00487300983592
1.99522452072294
1.99132199628173
1.98334196583949
1.99335648518738
1.99501446007978
1.98715073144062
1.98379120704895
1.96585973249022
1.93886127634812
1.95366240621032
1.97041504031719
1.96616841527367
1.97753308859303
1.9779502396655
1.99052396252744
1.99013908547703
1.97994209152002
1.97593404625732
2.00035146487536
2.00188169431487
2.00622050599531
1.99915865239176
2.00110471629171
1.9841721507909
1.97639901206658
1.97136238254876
1.96185280783228
1.95088839357684
1.96640194830928
1.97320354749476
1.97330150450133
1.97786056732354
1.95842018321634
1.96518240693937
1.96642012451317
1.96066272731982
1.94765234969675
1.93193708345258
1.91137953940894
1.91315494389792
1.88039683450888
1.87509138298332
1.86660097200302
1.85766333498041
1.85571601217269
1.83791948376763
1.83614537928415
1.83268410521451
1.81004208504112
1.80787953509504
1.80246243761856
1.78433009852374
1.76087942819461
1.74100128970266
1.74775426175176
1.74030407770958
1.72975223491352
1.72741512508906
1.71044774416803
1.68817874957398
1.70351997137669
1.70935091850699
1.68783777845024
1.67650546731698
1.67406326693592
1.66914091631235
1.67078810106813
1.64604839165605
1.65535515139448
1.65813250131727
1.66059806903824
1.64427879439309
1.63938588079349
1.63135807057873
1.63368625208171
1.64780288049481
1.65441408790668
1.66105021218537
1.65765350995194
1.64833064824116
1.65509213277003
1.65355549996421
1.64448580381372
1.63631907352879
1.61882798772092
1.59367093059097
1.59917181663435
1.60957458653719
1.60830010215045
1.63222983510031
1.61204933746686
1.62006229710613
1.62278239561098
1.62707794351986
1.62449490434786
1.6348979603236
1.62672514648291
1.63179615499694
1.64061604113504
1.64328072226546
1.63189544877754
1.62446346921129
1.61301407892807
1.61824815357249
1.61845978685143
1.6380830715944
1.65396856478509
1.64357744989377
1.66174211666232
1.6530760272871
1.66119857089551
1.64099925523239
1.64650218878129
1.63403017135925
1.62913169578326
1.59935118390352
1.60277151069719
1.58739387773621
1.59152653933411
1.57555815049018
1.55745820979045
1.55916305520406
1.56740649665793
1.56074188960414
1.54126895038944
1.53885445986668
1.55368271586982
1.55924761346216
1.55658277060576
1.54352030061043
1.52180615580099
1.5275008831691
1.52124106337685
1.51941565838362
1.49547612817559
1.49200954460301
1.48509288156039
1.49224725072482
1.49850604623224
1.46901562318745
1.46970569783162
1.46749636153087
1.46344928164096
1.47189579783432
1.46838435879344
1.47540995646595
1.48027451859686
1.47391813810845
1.46185949525221
1.46442225028009
1.45901382952207
1.4368712742726
1.45567128645317
1.449661135538
1.46404690431445
1.46677987965389
1.4665024613015
1.46178002904811
1.4723012791298
1.46021488980639
1.46151801209225
1.45557531071588
1.46306561236549
1.45973056273346
1.46164090427864
1.46325429589317
1.49569962254137
1.48335807154338
1.4789699094715
1.48180425117923
1.49696746077423
1.50428962690973
1.48943876861954
1.47990075099184
1.47540607322595
1.49562904912577
1.503909472575
1.50312964735634
1.50206351102391
1.51863325336628
1.52157104835936
1.52672090303798
1.52996420289713
1.53364003225848
1.52486060251862
1.53024336388458
1.53575076805693
1.54603400912965
1.52345372534394
1.52359551855618
1.5251654179891
1.51819909600426
1.50752472582282
1.50252079153568
1.51689766910165
1.53674186409313
1.53830287057544
1.52841755618914
1.52528047528413
1.53591509425466
1.5334279959181
1.52601160371628
1.52111248516201
1.52986178576343
1.55229580467739
1.55569251668274
1.55670111589507
1.55847068409815
1.55965873786819
1.56339516444037
1.55766996145185
1.54106522610442
1.54376807613636
1.53723117072322
1.53909185128602
1.54356631068006
1.53013908318001
1.53559750758555
1.53478755509572
1.53331833917278
1.52947029341067
1.5338999022318
1.5394110494087
1.55325432542991
1.5638224668798
1.54972538315979
1.55771915720443
1.56351695531122
1.55152779289801
1.54800677647981
1.54686940187548
1.56887395746225
1.57113567751224
1.56489266651096
1.55895958113729
1.55881919761844
1.54827874663437
1.5474975617696
1.56188265379435
1.57926240299359
1.58079532135161
1.57581330300131
1.58376222831702
1.60450443479326
1.59515719186756
1.59382116669709
1.59012652921737
1.60033717692327
1.58948272373063
1.57822921252824
1.57140225451733
1.56504791357413
1.57432635201112
1.57521099384208
1.57350031799515
1.58828129715424
1.6069700056267
1.61259825966895
1.62839639059267
1.62190127162068
1.62036353723558
1.61398728112783
1.60805725251811
1.60785072864497
1.61788328235251
1.62411258521811
1.61676985907205
1.63670857312414
1.63868188475585
1.63378650708398
1.62131345405773
1.64880243494597
1.66774353577935
1.68336051469199
1.68879906629541
1.67803702751429
1.68118305324799
1.68020735370227
1.68714116804326
1.69582874538415
1.70944287089025
1.71821986128321
1.69628256261738
1.69945355888887
1.7069168454062
1.72115322247019
1.72226084410023
1.71895574907894
1.72141113737435
1.71466973206062
1.72436685641555
1.73113753597071
1.74437653846261
1.74348822661728
1.73249394761846
1.74191497329558
1.74114430803027
1.72364924250907
1.73877247137903
1.74863358017492
1.7663209202367
1.79298285799435
1.7811114299528
1.78488110106967
1.78681810985304
1.79411103626954
1.79410499759611
1.78416274246211
1.80727696864294
1.81197867806769
1.80404494312801
1.78396954815877
1.77793238641807
1.78565796823732
1.77969679406814
1.78688537329096
1.79209382632228
1.79018093541665
1.79128577650677
1.8121957606561
1.82141665299213
1.8055015955579
1.79255873943209
1.78458066589856
1.79313967138943
1.78490914027254
1.7844298058182
1.77756732773607
1.80577755190723
1.81604923292046
1.82229301804493
1.81291710864296
1.81377604438296
1.80391199717922
1.8244127750588
1.82872268332902
1.819071279076
1.82728162613007
1.82701396618032
1.83344930499765
1.83173202206475
1.83339526349077
1.84859288679988
1.8423243985054
1.85974455765192
1.88345291837065
1.88165814665726
1.87118957225217
1.87651773798252
1.87436998431498
1.87331012339727
1.86096160205774
1.84619011894474
1.82597095709835
1.81628180076012
1.81965884860481
1.84531786159808
1.85137330787744
1.84803722696551
1.82682579204075
1.83552089938627
1.83504699560818
1.84592620096171
1.82583615771375
1.80746567178609
1.80820509627474
1.79792719080527
1.80209421590484
1.80498112470398
1.81619010795115
1.81833996437029
1.80670512997554
1.82764665814389
1.83759276969143
1.83659598946536
1.85911038434706
1.84664896326122
1.85064850992388
1.85077186382921
1.84054388543582
1.82338713438043
1.82602131715211
1.82784099919807
1.83074891855607
1.81669297720331
1.82713079880651
1.82479957188091
1.83370665706614
1.81219721168844
1.82190385219653
1.8392199180497
1.8376469012077
1.82822691244831
1.8262231502878
1.8411030803008
1.86490775794044
1.88702365785372
1.88701022590064
1.88315866956349
1.83615465758968
1.82375073001226
1.84057900341144
1.83135571669606
1.83540989654613
1.83236443303415
1.85272872243826
1.85763600548695
1.86830546881816
1.85476167863804
1.84510326718756
1.83740455022772
1.85107400726086
1.84183488096737
1.82489498108684
1.83184439815788
1.83816688584623
1.83445330504585
1.83346481558325
1.82417844417757
1.83719848438018
1.83866452623656
1.83928469689196
1.83743087742929
1.83107039862858
1.8271420913728
1.82355072061935
1.80175739107308
1.79336827916679
1.78416685370459
1.78317552619864
1.76214053386411
1.75980015195806
1.76849367103789
1.77464153590919
1.77381633495474
1.77724856566568
1.77737485030978
1.79034779084267
1.81049277137565
1.80743266111346
1.79385497063892
1.7848305821215
1.78545422217572
1.77628092798641
1.78146397065561
1.7746722884305
1.78942247248248
1.78878343521329
1.79755974974579
1.78931638007605
1.8033997752837
1.80762049729333
1.83392018996241
1.82400772757284
1.82561130673987
1.82189413168149
1.79950707238208
1.7806039333294
1.78963441129134
1.79614954397124
1.79931280829803
1.79298766578524
1.78489276042425
1.77901855771787
1.78042448181486
1.77033539607496
1.78088203873893
1.80401296691261
1.80209390522288
1.79565538715288
1.79528439955876
1.80444425140499
1.81146446900098
1.79926545365819
1.80389846251997
1.81980108413186
1.7852873771518
1.77263003409661
1.7865963381955
1.76776443512845
1.76656716009568
1.76592296013648
1.76180359461955
1.75906442974634
1.75650133710451
1.75507282249698
1.75045521119854
1.75067477082527
1.7555763278503
1.7621967650893
1.76091174358737
1.75688900498409
1.7740803645632
1.76169427191903
1.76349708574343
1.74778178183163
1.74838664573341
1.72898052607736
1.72150936017204
1.70259081707462
1.69257364391495
1.66910332520285
1.67076747292718
1.65955022472133
1.66595491519999
1.66445694666556
1.68098735934786
1.66393297597423
1.65047534098251
1.66268985061185
1.64534746752585
1.66540845479939
1.66362383800995
1.6667859546276
1.68932923897313
1.71177228019648
1.70288326630687
1.70190859324539
1.70465360101579
1.69840374745937
1.70154766641581
1.70860206162576
1.70457449528257
1.71141932326119
1.69604651090498
1.70823843520862
1.70403783198608
1.70107066412955
1.70539409709089
1.71853013668737
1.72218434194861
1.71372502826418
1.72115504568791
1.70631887211254
1.69858330661427
1.679498782463
1.68873929970301
1.69127495012825
1.67655443757328
1.67499522632189
1.66082350255218
1.65474962100922
1.65253958928852
1.66611644238656
1.66981525246395
1.66661375053064
1.65948666105705
1.65773065684117
1.63764635354802
1.61563355205152
1.60782495228235
1.61250222520003
1.61650484533195
1.61773841263454
1.61301596681747
1.61606369596819
1.60423415061866
1.5926981077782
1.59347860943093
1.59536704856551
1.58697739166273
1.58735135049117
1.59356940175807
1.59920550747039
1.58975207386249
1.6041525778256
1.61081380432119
1.62754625982821
1.6240265898728
1.62983921921035
1.63332012537158
1.63618323676038
1.63386151224504
1.62639169315024
1.61765527590593
1.61925358476496
1.61394548136088
1.61674555477715
1.59025133119679
1.58970264345565
1.60081843533782
1.60984274010806
1.60250135515725
1.60677040082491
1.58687031938606
1.57395777929766
1.57618152123778
1.55190968913108
1.57201562626928
1.57836750716081
1.57499615968411
1.59906764092346
1.59231708107368
1.59510479317825
1.5970818897863
1.60250224803314
1.59239225160893
1.60714862186169
1.60067751862291
1.59477937463683
1.60574650456321
1.59300386109755
1.5942265259273
1.60668285720312
1.61401727352222
1.6184243069299
1.61236963537429
1.61123225576367
1.60124485026342
1.60006982829628
1.60497239961576
1.59584808592016
1.58796373782525
1.60435471011576
1.61110425734166
1.57834208340366
1.59103056425823
1.57407269509194
1.58261202338232
1.60333328239456
1.61763659121143
1.603877810066
1.5994543697864
1.60455414210213
1.59567298965823
1.58489923677024
1.59068186065537
1.59815134504025
1.58361521125306
1.57486451511766
1.57907052472945
1.56712489998537
1.56209287985953
1.55211131514338
1.54646003721049
1.54439079794468
1.54822756699112
1.55250537206303
1.56544488066132
1.57072624101617
1.56551724824253
1.54718883889949
1.54012534227891
1.54175657318082
1.56058299351516
1.57874217234791
1.5764262833667
1.58395262742904
1.59175325664685
1.595336305312
1.59087791768718
1.59556104226616
1.60222227221885
1.60218631384202
1.61889000665489
1.61106195549657
1.61221956183468
1.62360256891579
1.63031380287722
1.6184760498861
1.63652252238988
1.63814442012476
1.64449293001507
1.65466517399712
1.65061152605012
1.65903343535825
1.66262817574697
1.65739029708543
1.6692531120507
1.66850541460015
1.67409848792365
1.67818325586839
1.69015394283124
1.70150738838967
1.69422365439145
1.68680450433664
1.67439581126309
1.69177562495989
1.70047350139481
1.67540756979368
1.68355923444867
1.6853981346333
1.68386623509005
1.68260142742939
1.66969585320335
1.6767108108345
1.66974787391783
1.68245107788707
1.67420794159255
1.68447346460237
1.69835215171565
1.71146223937067
1.68380016088723
1.68131247611038
1.67748558739581
1.68183341205783
1.68679162607544
1.68776293100475
1.6688821265953
1.66967149980165
1.68009489927653
1.67408505655447
1.68363332960841
1.68127004693574
1.68944362337464
1.66738900288389
1.6717922127922
1.66603070621288
1.64175650170284
1.63956151838598
1.62886215393246
1.62591993719392
1.6176614083697
1.62475278167083
1.62286413312552
1.62290257437926
1.63546296068608
1.62877047549921
1.6146400843492
1.59093500727319
1.58926714373116
1.60070869779885
1.62030541203419
1.61555083232105
1.59874410180771
1.59342341913757
1.59514229390266
1.59813552190206
1.58972046269206
1.59822316249942
1.60176643007658
1.60015038429029
1.59743896444413
1.58560121031384
1.60438953557466
1.60560568538581
1.6055600503544
1.62288617252697
1.62670385534143
1.62722378559899
1.63301587280394
1.64867467055713
1.64328341953
1.64929931293064
1.64028152161652
1.64931336007977
1.6578780951154
1.65263268768761
1.66447897751488
1.67325978998218
1.68477023720192
1.6730101082111
1.6755228578791
1.66791020801699
1.68407724220794
1.69571780657007
1.68086948078998
1.6914887336957
1.68020706600199
1.68053000577329
1.67488120944042
1.67591091837661
1.68036661970753
1.66709078992242
1.6739006948853
1.67150435086491
1.66745351906238
1.65824875166722
1.66308391647856
1.64978886327802
1.64370945401128
1.65048024118047
1.6552704396325
1.64610733752621
1.64892897906932
1.61812949368849
1.62288723263174
1.63019535653771
1.6373678520172
1.64711244668159
1.62233369212167
1.61926687257032
1.60064044870123
1.59753800822479
1.59630196163471
1.58461306868077
1.58801183729012
1.58722098256345
1.58715827392437
1.59635134348729
1.6061130069117
1.58873317630769
1.58429938148774
1.59964828155619
1.61496975907064
1.60739071250657
1.60639197927796
1.60872628646281
1.60994109391374
1.62706088558025
1.62187535571142
1.60736750397991
1.59384400204486
1.59562457588758
1.60789045471886
1.61140663379322
1.62128820104785
1.64287424454879
1.62391902929594
1.61497899773127
1.58980955625938
1.59853399045373
1.60455371372795
1.62252289892616
1.62678980561971
1.62241871766628
1.64118848910001
1.63211484186123
1.65312490856013
1.65036582999169
1.65591442678352
1.66435676652327
1.66849087450317
1.66937723024236
1.67625003737846
1.69650084383593
1.71076377751227
1.71984020739299
1.71881563810233
1.73704498693261
1.73113333282884
1.74777688869363
1.76921359281569
1.78296056338205
1.79252812991926
1.80776608689477
1.81700658723166
1.81123408347664
1.82327461932181
1.81551386520033
1.8168311617287
1.81395440527232
1.82894255578926
1.83343911479638
1.82073825071567
1.82235677947599
1.80563875901663
1.81720435177414
1.82486042343921
1.81409140386597
1.8051624010554
1.8152185763838
1.79932160488798
1.7984173086728
1.81472857691787
1.83634850060663
1.84241043349618
1.83751121054764
1.80798261176351
1.80569611133132
1.7920218550611
1.78939350849634
1.80254160729045
1.79833229703085
1.7981575934581
1.80373915076714
1.81205710936049
1.82329879300948
1.82297191429606
1.83222537819664
1.83536452509577
1.82913306907257
1.82206451435423
1.80519036985123
1.81487296561321
1.81244056081128
1.82365738739124
1.81465902213031
1.81036385280313
1.7968950264978
1.79611553212871
1.79241866749541
1.79001047098089
1.78411797824739
1.79348618981324
1.78871567126961
1.76595809351332
1.73541647207142
1.72642945256865
1.72195299373509
1.72786049348242
1.72411419521081
1.70134527166696
1.72432539996093
1.70945361548017
1.70833896793137
1.70150830464522
1.68826190504733
1.69063851151534
1.70169811523679
1.70033880766456
1.72057658127086
1.73095100478031
1.72848574707598
1.73506847185164
1.72038424371725
1.72995274532608
1.71205044505641
1.7227927943363
1.73490163601398
1.73207497948311
1.73327658124827
1.7392056807687
1.73099427740499
1.71400885532615
1.7065273065463
1.70351963927761
1.70091422127652
1.68187670953759
1.69795987856151
1.7238790581786
1.72241389149192
1.72995665025285
1.72518937643235
1.73643937647676
1.74809685429223
1.73377035417941
1.71709883435016
1.72736699139848
1.73158280694195
1.72687029027015
1.73421730329949
1.74215423775924
1.74825189462483
1.7427750248856
1.71707200647074
1.7092381699102
1.71116475228213
1.69943854308199
1.69904009691991
1.70134162619924
1.69378356801363
1.69190339771868
1.70161991564519
1.71360250327989
1.71484382607311
1.72279389242174
1.73197006469972
1.72241753005364
1.73940167480544
1.71924846445229
1.74325352586034
1.75573456679619
1.75891041370642
1.74465439825434
1.73269263341124
1.7251563154101
1.73068185272331
1.71559307598763
1.72424437207861
1.70615660319448
1.68983795892063
1.67859054892337
1.65714130047942
1.65269645579833
1.64526089681319
1.65449192170558
1.66463606454365
1.65617266200858
1.63370075326367
1.63588270449664
1.63840732593322
1.61282345565847
1.610130090417
1.61488666688694
1.61133436798371
1.65558498542968
1.66210575354895
1.66994519245746
1.67289325994258
1.66547576088517
1.6652692214899
1.66318476787701
1.65688073826833
1.64881318491096
1.66189519365768
1.65674426816467
1.6557968637962
1.67216108009789
1.6687502632021
1.67796215181787
1.66236678853053
1.66011579847226
1.66269166085064
1.64051515678581
1.63856930626238
1.64967677107838
1.67489175088689
1.67987229222394
1.70324745237758
1.72214124225225
1.7338061981044
1.73915362121553
1.73148966789863
1.72883011556659
1.72945013355329
1.73112254546952
1.74292159740737
1.75389367250075
1.77164017451549
1.77588386634306
1.77159996598255
1.77077996185722
1.76468029174096
1.79468248492643
1.79280319628932
1.78402571493857
1.79663444229411
1.79372232817894
1.78427606548772
1.80238608305801
1.8095905217815
1.80927678114984
1.82479377196743
1.82898274848735
1.83817179648036
1.8473034897896
1.84664524052554
1.87384329813759
1.86936383971375
1.87242529633005
1.86248518071199
1.86929560044034
1.88530711337487
1.88931312946113
1.8707127710969
1.89169175725357
1.87336533188049
1.8708719767474
1.86377054933444
1.86859869822328
1.88209378950341
1.86790215384663
1.88375530380881
1.89531612565484
1.89412806748569
1.89961898379672
1.88824530816771
1.91528164609161
1.90518214427455
1.91255131461516
1.93381142672785
1.93847535824927
1.96473623059335
1.96765353131608
1.95668908508408
1.94748364885868
1.95260748195947
1.9621622798341
1.95928077952549
1.95151575960271
1.95723997806724
1.95388619833084
1.94243375449555
1.95545723677491
1.96840379956461
1.98167997452185
2.01910672480358
2.02003464499296
2.02429553422858
2.01217848863229
2.00338846036827
2.00658079204447
2.00691042603568
2.01180698920432
2.00564009878852
2.02310325502713
2.04222105689426
2.06227599635636
2.05802312895139
2.03930242235411
2.04987001539708
2.03005370506414
2.03287605794905
2.04390769746401
2.03233805027135
2.03946538128025
2.0448618645125
2.05029122684492
2.05854099037951
2.06298350217288
2.08413937743282
2.08433707563511
2.07767984387662
2.06439923215951
2.05866622132635
2.04833299519773
2.04794513913065
2.04271110718529
2.04943419087326
2.05700943801505
2.05315651466535
2.05769808683715
2.04363812427346
2.03466234002062
2.02296162951656
2.01432237574131
2.0106437136731
1.98934497214716
2.00960243700421
2.02645193273897
2.02643785270875
2.01706740407472
2.00710084447816
1.99228145902721
1.98686711251961
1.99095190388894
1.99638614654048
2.01405643300443
2.00489192492245
2.00188589390913
1.99596654743056
1.99757748292782
1.99705159883925
1.9776449778123
2.00037780181404
2.00828531381003
2.00296665383404
2.0032839206736
1.98119548871117
1.96177081698476
1.95104986913937
1.94274365974468
1.93876154800187
1.94011300287878
1.93766850180598
1.92586317249413
1.90816455827952
1.91399012419511
1.89719592364803
1.87272166113504
1.87484475569087
1.87464640673089
1.88448351851106
1.89264976800118
1.8805459351181
1.86896471999303
1.85779739848529
1.84295137005365
1.82928435055554
1.81662561084582
1.81569610155576
1.80902898796635
1.82433225108768
1.83330490589984
1.83652024137191
1.85548182883267
1.8390595642388
1.82570681168309
1.80315351700717
1.793501482818
1.78228634714262
1.75642791984679
1.74227515041671
1.74547968403852
1.7469864195729
1.74416102834843
1.73306304593487
1.72995526710224
1.71763343263035
1.70941627541114
1.69001105702025
1.68334378030093
1.67792209003838
1.66381878423126
1.63681602620101
1.63494312347196
1.62249413587684
1.6339891545903
1.62866934468141
1.62992222800445
1.61401890211299
1.59218822762633
1.59357999164039
1.59381537423091
1.57966468645845
1.58732895991941
1.58004300156905
1.56382971750062
1.5620798307653
1.55846813383314
1.56725512992923
1.56908134492611
1.56961834521591
1.55700174867495
1.5791939793027
1.58137651603551
1.58723777786684
1.57262494699962
1.57790481664386
1.56392322191708
1.57587384873248
1.59528900290474
1.59792819182495
1.59418038069532
1.56810163594448
1.53501392997288
1.53115638886739
1.5260208339964
1.52415295367916
1.51704284999716
1.51423760052974
1.5052518935954
1.4978088037914
1.48978370369531
1.49874330972433
1.48376531077834
1.46414527667654
1.45817003024895
1.45929203644825
1.45917012079398
1.45638191616492
1.45266553058161
1.44350890108339
1.43359521228095
1.43015994345207
1.41566074884441
1.4205022681151
1.4374371025542
1.43054372932848
1.44204637827368
1.45951721410091
1.45843282576477
1.47315414525152
1.46541988214975
1.44403463680799
1.44323689198708
1.42668064981747
1.40848264731053
1.41434030383853
1.41452041183658
1.42077610842956
1.41860786639741
1.42007084699655
1.41729149496478
1.41994120226735
1.42621560648912
1.44353090078714
1.45701009220121
1.47232873254991
1.47747547246381
1.4790901298171
1.47290879840198
1.46130180948885
1.45634536049434
1.47933873955579
1.47555430289581
1.47443416140849
1.46836089929548
1.46083937081854
1.4624157432975
1.47809713435238
1.47543437277458
1.48185479745693
1.48981896750691
1.47681384327299
1.47186258845625
1.48970922696164
1.5053565320925
1.51331039088289
1.512579896671
1.50110953646423
1.51260732688564
1.52832467351192
1.5373826265887
1.55165249845245
1.5612210150555
1.55132536555142
1.56203114530334
1.57880345364194
1.58909693459228
1.60359060095903
1.58785899339203
1.56414463485178
1.57199162737762
1.56519793065148
1.56074638994032
1.55699404134028
1.56281407731539
1.58575491833055
1.58351709230321
1.59531866951485
1.59603201841959
1.58159167789513
1.57040010377875
1.57407347122181
1.56814789343085
1.57543477483123
1.58383630814438
1.5934386859885
1.59327352337797
1.575899191534
1.58184920833961
1.56493274140711
1.57727508574958
1.614702814165
1.61380452227441
1.6209489794969
1.64341745215645
1.63112482129414
1.64141214114887
1.63821324449354
1.65230127758233
1.65031541430835
1.65625073891321
1.63866873084348
1.6606953166081
1.66201837390749
1.65719846313091
1.65695559559869
1.66462554130092
1.67554508482745
1.68834076364477
1.69738867172845
1.69988528651353
1.71271193671165
1.72173704315466
1.72867027050192
1.73393390840802
1.75097748715594
1.74921943090279
1.76382725784549
