1.54422648583388
1.56777577870476
1.40225990092169
1.45290189926257
1.43560893770363
1.37980804234778
1.24934745551261
1.20475334643269
1.09705675880115
1.10139495088779
0.980845743168595
0.955663550201336
0.942170487679565
0.879362755460415
0.810972344235321
0.758861295015373
0.717236898475576
0.534918009231953
0.647726868278423
0.661097066896152
0.715179913400655
0.738963113842287
0.783109541424563
0.741740632718921
0.671562993145966
0.733173277903251
0.778943818589043
0.621045377745024
0.742743286726411
0.752934594624397
0.781250489344169
0.839184726211899
0.908015603263334
0.880012870526363
0.949773481461696
0.900576610047843
0.83597932772088
0.847245077386999
0.861348213844883
0.820671516637612
0.720689790551733
0.705562250005302
0.677715729436595
0.614790025472693
0.579895098735333
0.48152510154728
0.403723602640233
0.409119251391403
0.386889951892028
0.445572118241825
0.485937502226416
0.523114345875709
0.379321643957207
0.446676453803482
0.464868359167279
0.354040622075775
0.22067424108614
0.31480809640135
0.368402869766147
0.318625858019564
0.365809622912631
0.333259990625417
0.338922812648428
0.283911227015647
0.241124762078631
0.251504652665604
0.192856607523097
0.271323902240533
0.299367645299136
0.357613952530467
0.361182690805854
0.380290088976754
0.381520038092671
0.465302427196653
0.391502960205199
0.346196619203463
0.276174623413494
0.286935184198914
0.241216142973288
0.256667187538242
0.225319104294622
0.324727773586845
0.400625384580072
0.48555488342376
0.466976318214721
0.4770215058991
0.499743844847744
0.662103813879991
0.57675844121212
0.639019718487155
0.673186298376241
0.711769215871921
0.746145900843803
0.715764727703174
0.945918624512132
0.918287124432032
0.933710225801794
0.949374322363361
0.99565864858426
0.996578791567952
1.04204339731237
1.22925806904669
1.23653976615701
1.15000950701748
1.3709858968182
1.30220070701998
1.19940574371599
1.18849826139797
1.1697422932377
1.0798297981324
1.13815717868541
1.13114475093988
1.11526277659369
1.14378421851595
1.05814803782735
1.09010962252957
1.05464902725226
1.15375731882879
1.10315513359866
1.113325960492
1.1807828012778
1.20243195377168
1.2861539366758
1.28585918995607
1.25666051259631
1.26625172437885
1.28692779041557
1.36695410846661
1.26092056824641
1.44344591172308
1.44059649853762
1.48151652894969
1.65227092997883
1.77033287481618
1.94299661653995
2.04230084774723
2.21540172798328
2.24314278654138
2.44203157615534
2.52848195676826
2.63730326911228
2.67717406135356
2.65065935273381
2.87318014932042
3.01307325225919
3.11184073192776
3.178620474602
3.25064987568195
3.33913885960286
3.33655944243288
3.37370054176053
3.46674603837524
3.54394065948983
3.67510070105229
3.75562520479763
3.86797574603184
3.90081366069604
3.90490829528285
3.91871989785604
3.90737618770636
3.89185977296104
3.92236508373714
3.95874304255957
4.04658032214384
3.96572775968251
3.94463835618777
3.93037586170772
3.91778155031209
3.90872093435087
4.08555701539734
4.20765485505449
4.11828496189744
4.15521417536891
4.224187822117
4.36887597663442
4.23306850040586
4.1471526252539
4.1967877487499
4.18380140661723
4.1588468894587
4.29593532958769
4.30338855091681
4.2610360707876
4.29893239085511
4.36806856810684
4.2479049612588
4.23189315171854
4.25317066530818
4.12371374625851
4.20169389376401
4.24673900416621
4.28928753647442
4.26919553288359
4.39728077738431
4.38050581565206
4.45524212582163
4.40467659116397
4.38120375718332
4.3737778238141
4.43522995627216
4.48836224454634
4.45943261988517
4.63008704244598
4.7204559969502
4.60591962150628
4.61766321804909
4.56543756536304
4.5053875922756
4.52261509740325
4.31499960806773
4.28194358657949
4.17978988877072
4.1164068255885
4.02093341422493
3.92618079011483
3.88595053055899
3.82826742243114
3.80813013971102
3.69721773853172
3.60885976975292
3.44126757975757
3.38474003735973
3.28241149384962
3.21266834980744
3.14190555188421
3.04148183924171
3.02375088584328
2.93971334384175
2.97166856338763
2.94179734074118
2.89991640276478
2.77446958256909
2.70777267027125
2.60387891117236
2.54115867758457
2.5151732498477
2.50959695758836
2.56637125148763
2.5690573848161
2.55724048417415
2.5392434834832
2.47595283737299
2.48095235223413
2.47013276749666
2.4287457455471
2.4485207772527
2.25440936051458
2.1864952042468
2.22437560312795
2.21272917238102
2.10127235939671
1.97302941611915
1.97623651565123
1.98376124215254
2.00145235519619
2.06087462302303
1.94723506941159
1.85980078979594
1.67760507715499
1.69000987842855
1.56726666732523
1.49102001149872
1.38385848226435
1.31603512440927
1.17857378226579
1.24523564077976
1.13189087709598
1.03377088618571
0.976295513641139
0.948114668648147
0.832063014422781
0.830829857268036
0.680641848724485
0.648474727175186
0.585042288307959
0.560294821089724
0.396935708856838
0.312993770073326
0.288223974996009
0.1767942287427
0.120129785286898
0.0186735684048753
0.0324947142897669
-0.0189487619118383
-0.051619347592226
-0.112089998148899
0.065657470515724
-0.0803037343204291
-0.19529592475486
-0.341825899274994
-0.32061857032038
-0.319109799261708
-0.327091832578368
-0.280549139364548
-0.420734917020631
-0.280096694028904
-0.250450090324323
-0.329405288971274
-0.37456671354708
-0.473268265919046
-0.434596076445032
-0.373153589733273
-0.420575784060729
-0.339437920630876
-0.243875058891863
-0.272063894814283
-0.363484435419956
-0.351747208039083
-0.361902408287211
-0.259861497343987
-0.278322148262814
-0.310022456623373
-0.286612350425588
-0.254600129973903
-0.207746433468795
-0.156944417779069
-0.155979896686532
-0.119397997388702
-0.0308264810218122
-0.103189251988006
0.00491195313788828
-0.0357215297577114
-0.0687445223309802
0.0587920517817964
0.141970846783241
0.0212111659132808
-0.0524956432172101
0.0174689584822338
0.0326832385632414
0.0333788643283524
0.167681532964023
0.140117548233463
0.182794888279199
0.335508553010779
0.464079618783758
0.474710148645986
0.387471873621038
0.466401891927949
0.440482747819285
0.525374595062898
0.650038617380964
0.698963208901517
0.681831632957777
0.719080460058266
0.787199840906726
0.736242620228528
0.649082979849384
0.699021483397064
0.620504429096876
0.799567358669553
0.848525099223149
0.835283223190552
0.814952771191098
0.823464700280622
0.877164483309086
0.84488362923899
0.860185227503113
0.920831450672256
0.992032455422555
1.09812049975028
1.1379666201223
1.28111328675823
1.37119552629702
1.33689477370791
1.46701337411985
1.46170699366285
1.50995830308683
1.42607078578578
1.37577126093795
1.29049144697567
1.30544874656558
1.35385012406525
1.28490638952545
1.29300822840467
1.50571392841208
1.60342486014564
1.61989082705197
1.61113004075144
1.52702912375538
1.56593410627969
1.58581122361131
1.61551205231481
1.49600308013329
1.58902477445466
1.63623666312083
1.68477220737224
1.59462523665329
1.6021825276753
1.76896621741583
1.91614598057084
1.93016347134044
2.04439050131345
2.09822780270368
2.12922293554469
2.08712368081972
2.15954397474644
2.32578346130031
2.28230735076676
2.30119578147545
2.34618561949009
2.31904609389634
2.29613878243271
2.34124206387716
2.50816488826335
2.49744224897772
2.45180909398049
2.65670965826452
2.61322095464502
2.63427087323478
2.57755031977983
2.59866053169991
2.49640631041996
2.50509266810496
2.68880506621658
2.84120091774135
2.84029053854501
2.96375508841323
2.91749928074251
2.91911961550236
2.92503717526
2.82989415860525
2.77579126740356
2.80984353768145
2.81266581358283
2.71749857800964
2.86435926476683
2.73804336195932
2.82139875547886
2.93789841860764
2.86159734410687
2.8115759619083
2.76990874479499
2.87565337778755
2.84717966867957
2.7868016810407
2.83401358476855
2.74624017376729
2.80655600197043
2.72033870120894
2.6606064267709
2.66481620167268
2.6863775401615
2.68794589751426
2.67537842275572
2.78757067881064
2.73723396244362
2.71122316483107
2.65518536782954
2.61120543637203
2.62015982630976
2.59685133025793
2.43157265109982
2.46818598425599
2.60134104697405
2.66505506350141
2.73497524231148
2.80431247436017
2.65840958572676
2.71435236011029
2.7559168750766
2.70314170464148
2.68665342898948
2.60927440181115
2.54851438058539
2.60568375081109
2.48772862103616
2.38026377015037
2.44070245182897
2.30794254034412
2.24725134449583
2.22855484052476
2.26072831772548
2.18512676684295
2.11453273816145
2.16885357823514
2.15234144735825
2.15415131610796
2.26674741668653
2.25541169056826
2.32800991413568
2.26244884888446
2.2693060648477
2.26895085630797
2.25044719553499
2.22292910674401
2.11078543927193
2.05358405430238
1.98280835341774
2.04740236192798
2.12226461222094
2.06095736804056
1.97308644276939
1.87730520109861
1.81635169554095
1.86973890110594
1.86311116766819
1.88598026890387
1.83152237764214
1.86205806512863
1.95183608509804
2.01596168497783
1.95600241337418
1.84924384223718
1.98840856959457
1.83928633329352
1.79673140802692
1.7910771358093
1.83697782809054
1.74504099178808
1.76184306937756
1.74000642960809
1.66794028208148
1.59751831227496
1.6101748431329
1.67111541680165
1.75138981540812
1.78955052002567
1.79289468597906
1.72258258228412
1.699879156481
1.71639448701631
1.66052174204955
1.77467919922295
1.84562220270303
1.79872262226182
1.78748877186091
1.83846064954701
1.81810250601581
1.86595491092202
1.88258330778717
1.90713161203108
1.84327370728569
1.84953664172485
1.73752519088804
1.80169382732356
1.79910161819236
1.82742748384868
1.8398068691347
1.78132128168497
1.92928057035635
1.91367344778815
1.85971258283739
1.81723409046403
1.80085421247465
1.76396793685336
1.8366427670151
1.95756500982228
1.9697673424116
1.87876571866014
1.88456343370284
1.89774419971164
1.83374602828869
1.87346503019224
1.79144440864861
1.67371966536161
1.71671439554446
1.59286519180685
1.60222377137069
1.56623290764365
1.73972036979612
1.69498120347273
1.7538029532777
1.78819105820862
1.90586798077966
1.95941446702441
2.0164055636693
1.94669250643108
1.87189226592924
1.93490578188137
1.97219684511564
1.95076320256225
1.92528586728273
2.05732092055387
2.03166369774233
2.10021681227532
2.11147608519289
2.09037539738952
2.13356122776704
2.20694820815806
2.19617656042658
2.15158546676319
2.34347957453637
2.38011573992117
2.42841277118147
2.42060591182916
2.46998785069178
2.43707342714663
2.49438168200953
2.5472894767243
2.61064076263782
2.65986322246959
2.51127278758772
2.42507619131644
2.29571596380762
2.23369350275782
2.18051178130424
2.20705161180117
2.21983239579341
2.15910993867133
2.08620716266285
2.14721314186905
2.29174707365868
2.18860353968911
2.14373509876513
2.17445089687428
2.18667401464888
2.15023852661454
2.03565402408492
2.04904990569381
1.97360134826626
2.01417916759306
2.05101602575218
2.00227457716391
1.97884938921309
2.06057528776414
2.09322198380462
1.9869667721974
2.04762561227443
2.05215032473298
2.02823451828436
2.01280109765825
2.00743038230383
1.98397178405293
1.78188744974403
1.64398278277569
1.69946679367941
1.61055712671415
1.59838022964377
1.52234379698662
1.49705613147836
1.52955638020446
1.56379164217971
1.61820173953064
1.57974770502757
1.56645226900905
1.59521315524916
1.42704690507424
1.51443048987766
1.48999202350517
1.55331928326066
1.51454487027303
1.35442759122255
1.34694884974007
1.29995842818092
1.33868635679347
1.25988881657983
1.24675769896372
1.21394371280652
1.11594294360987
0.998978090250333
1.00851837111788
0.862606366113914
0.815561702450709
0.747642653797983
0.668453111567278
0.636641172964121
0.689776924574646
0.744738282049754
0.752556117068734
0.707979425713714
0.721678070514352
0.652522628251383
0.557394646979626
0.523559371206849
0.535589810230385
0.515580649795114
0.454942608368796
0.275547941160523
0.214310459958554
0.212565471162979
0.179394482888258
0.284214250259104
0.287582457279142
0.173444029057238
0.116779783404732
0.13193907012627
0.0790838596066659
-0.0372931473915392
-0.121060055558803
-0.0481154654510292
-0.142070364205957
-0.135877103857255
-0.181754060497315
-0.167715070837129
-0.120887550409607
-0.0402877207324959
0.0216769990551491
0.00469426392722005
-0.0839124185121767
-0.120235236781758
-0.135211235721519
-0.215482605907831
-0.292814712508009
-0.335069989585123
-0.309488843814183
-0.35121280622515
-0.303605664267742
-0.139618795529576
-0.152859639239572
-0.122759848013406
-0.0714247556446423
-0.0841084156797021
-0.116987042740163
0.0027973069738817
0.0957733770596947
0.200373047974636
0.191655867705425
0.315268213497598
0.380660157851783
0.291565558549449
0.265725157187332
0.267915551745543
0.250415659878641
0.344966445051474
0.349058573417775
0.382878151216097
0.266169634208504
0.234196322819279
0.338648036120969
0.2897903792881
0.433467176958153
0.306887162360828
0.390707978731178
0.482926571153053
0.52882925427004
0.548835682968569
0.562484016995123
0.66680115401178
0.822434308811638
0.912728553236593
0.97612932388497
0.986067007269804
0.978769046052099
1.10038681596553
1.02722792044259
1.01313025465862
1.05891296059133
1.13542565256938
1.23192995693771
1.37256812343934
1.419883717508
1.45713082939028
1.57039024757545
1.66540396052598
1.7670181958918
1.8253690815669
1.80804950796761
1.80044878819395
1.82857224477934
1.89726802216318
2.04052666571689
2.11439752134545
2.19737066816326
2.27222014792619
2.34704105527973
2.37888962070263
2.44295272498005
2.50813774319265
2.6130063529952
2.59698961076037
2.57088324579341
2.69913703783196
2.62390851687919
2.63294243283065
2.66754432263066
2.75981811862752
2.90476154696475
2.92887525211253
2.9396861744349
3.05345000123784
3.21039933178671
3.28239969594089
3.33739470783166
3.33367298537804
3.24054539314654
3.33776186147294
3.33467159485687
3.44220910008756
3.40148563672896
3.49474323705761
3.54236236256872
3.51532566947308
3.52436693953544
3.62176777716538
3.50496829143516
3.44820547295509
3.55656694898866
3.65180427515106
3.66033891337372
3.78833757129692
3.68988298635235
3.81594333904843
3.72335587065803
3.71386580830863
3.64522132107338
3.59770098875186
3.51340457810761
3.42242338727535
3.43832233022975
3.33233387882951
3.40061665763064
3.41426683603284
3.44248465683271
3.56918955011977
3.53170881487191
3.59630804622638
3.46951849590786
3.44292923280522
3.44076091825591
3.40854500124561
3.32267889885897
3.31798097507793
3.21137687955208
3.26996904318582
3.2403475546883
3.16308023645685
3.11141706573961
3.06933518885551
2.9986569918198
2.92665479493368
2.84129565258015
2.80130986771168
2.69372209602721
2.61842792620127
2.58247580882434
2.53955656178005
2.58390139191043
2.52095454567746
2.47194205320764
2.4065545222528
2.26582496874625
2.18929759177089
2.22671911650964
2.19793122641959
2.22455066105032
2.1708731420702
2.17809987438272
1.98927415974569
1.90769454808294
1.92294814951998
2.00473162042201
2.06739943695978
2.05553945105802
1.98917363321208
1.89487717208737
1.92478366315684
1.85651717236418
1.82483103529407
1.74613036573061
1.71338311761321
1.74971497686454
1.66075421924019
1.64846078135661
1.57491446631103
1.51638412865357
1.60726806291925
1.58802654437449
1.48702566445978
1.47238081103692
1.43487806026591
1.27244859438457
1.25649253104558
1.3119352279156
1.20009566038925
1.08517489133817
1.0623648361099
0.894026276618331
1.01594939595908
0.877501250258814
0.843107040639786
0.804366259066645
0.755331622621741
0.745256094864519
0.69564647393482
0.619688026205039
0.669755213024672
0.830875086208204
0.868540676549169
0.757010309182644
0.69022388819164
0.601661182428069
0.484340738473691
0.301134153959649
0.373383732301223
0.396724533067247
0.439834922713291
0.485863135566968
0.573076582813762
0.674683535369092
0.685749839292051
0.632045918657163
0.706247394215748
0.644535316202859
0.744023477096663
0.75127001976599
0.72506011799464
0.814026069815272
0.76710223744151
0.785109826595347
0.809683112445325
0.837158029356951
0.825333741352793
0.746646272314841
0.721592762018321
0.672425832104752
0.625308102968729
0.658516630027294
0.703340759904028
0.787014182256013
0.693546354323257
0.725843034279372
0.665438937205922
0.648964765387267
0.562267215063513
0.651757872535048
0.670838138503768
0.647463802188857
0.65167912527713
0.651831169239289
0.617864659611292
0.599282964554469
0.743370655776614
0.758416468204213
0.81296746733215
0.787937879239056
0.784875559465595
0.767800875664086
0.752209495461337
0.785736024671635
0.711848355773462
0.823981433359305
0.806204318158375
0.774616713924742
0.734914399094731
0.808053895106618
0.778791713248619
0.824665040834074
0.843948644618888
0.88153926255254
0.866975998296449
0.924682684575137
1.00523410075875
1.10443752005482
1.19365395428535
1.14447933304856
1.11132706616886
1.2123735811376
1.28198379975214
1.27341214968088
1.25711710132831
1.38362212082573
1.45978736482425
1.48104452278541
1.45022638829002
1.54719476006623
1.69019693140141
1.76393408883731
1.74659058460725
1.77459138582723
1.86569671490271
1.88911567589085
1.8739036951563
1.98912403701356
1.94393250401443
1.89609241932552
1.87360216554751
1.87643936104919
2.01184215268452
1.97770198402402
2.04411846743372
2.07271756360767
2.01623761283994
2.11776048185168
2.06365878611448
2.21471678395655
2.25856471949038
2.23336731694445
2.24393332082638
2.25003919331552
2.36476344669435
2.40070247128754
2.47356847106391
2.48333850245166
2.52874612594672
2.50476366532626
2.39854777955003
2.39681248232043
2.37271867073163
2.31424098388796
2.27343904760118
2.3192572553112
2.36758037322454
2.24718833397645
2.34482252400367
2.371462373587
2.22764290245995
2.32633849898427
2.37398395443476
2.316047343933
2.38233742613609
2.36848079050888
2.35201489238811
2.29966782108016
2.29267187254264
2.26967523813977
2.37953300063948
2.45404068027111
2.41513669074171
2.49368582580195
2.44760728389337
2.38019504980684
2.28999243777787
2.38252593892117
2.43343299826525
2.38229844608875
2.38780545391489
2.45130773324755
2.48843533518889
2.54605763261256
2.53148865033037
2.45942132801728
2.42884222583875
2.54465716660185
2.59804303766895
2.53216225380751
2.62729909430086
2.71836895001777
2.72768481600687
2.77747081329311
2.83778007375719
3.02205735325597
2.96601384849724
2.90261995108351
2.83066773359932
2.86837805920824
2.81496744338538
2.79889229548404
2.71375056903041
2.7781225045964
2.75583713885349
2.75400612938327
2.67878096892411
2.63562683953488
2.6911139917639
2.6166264751229
2.55855026554619
2.5135299231912
2.456467217328
2.55660607218725
2.52126053969915
2.57434821845958
2.40228778621839
2.30179182818486
2.36196796566662
2.37247212711062
2.37666067121799
2.21572880808081
2.15621688226395
2.0388677925542
2.04357263894729
1.90564063999519
1.91788625891067
1.97058831884012
1.99089746811677
2.0937227302433
2.06974025317849
1.99308853504948
1.97920363427083
1.92770736936338
2.02697011579248
1.93928393960393
1.88616722427815
2.00228309970183
1.92422444293752
1.94149330548921
1.91073430389051
1.77729362795954
1.70500254867217
1.70404522505628
1.69680885391252
1.68443415107424
1.68960098544152
1.64166723507066
1.57603436501572
1.49520700305232
1.41681865429728
1.54192043191826
1.58573286409204
1.6639555602928
1.68412112158943
1.67951845716478
1.70588293042846
1.71231955916104
1.65684341899837
1.65016906656418
1.60353845093514
1.53382836248487
1.59628755408137
1.59038982273734
1.51226123769705
1.63170676616929
1.63896733946074
1.60458234916116
1.53292696388988
1.4386589329503
1.40476926981529
1.31996955438478
1.2364251048504
1.14259539826994
1.06817293341615
1.02730182625116
0.983511970139621
1.00441971634706
0.992653268049162
1.00231466492202
0.986557603964719
0.901495438282031
0.936433302560472
1.1389102050222
1.1269786659419
1.12900354990819
1.10073034901541
1.10868685245548
0.878784342866821
1.01193354588842
0.910497429830538
0.953372994221612
0.81959937519391
0.877463986360445
0.897036874426371
0.871495787293915
0.845080213890031
0.820603476048301
0.826294694681747
0.803975151650921
0.813944192903842
0.830926397629381
0.886617672924078
0.916345677527105
0.83010565693069
0.944360706016646
0.93316973052503
1.06606886380481
1.13081110807154
1.10004619484091
1.10437349879918
1.03873254066324
1.15951673812396
1.12098299669073
1.04360948847551
1.01786780219416
0.984362130343662
0.987095848584866
1.05494025151998
1.05884536873031
1.11822664042574
1.16954597236623
1.16419894929716
1.13265956522888
1.18402838436481
1.21652403163996
1.38564965029451
1.47951754326229
1.42946153664653
1.50192797895422
1.44244184720628
1.53478179006397
1.58920489971487
1.55449610181272
1.59162127644529
1.64488913501887
1.573386446891
1.56483564448933
1.56767802810487
1.56096869545719
1.75499809302113
1.84531961572253
1.65873847862314
1.788396707029
1.82616889455937
1.8419705974925
1.85731354940718
1.83918254293988
1.767665903314
1.65450851151653
1.76576363392274
1.93482098777497
1.95683449808454
1.99464486716923
1.93340433859482
1.83893992793703
1.85249515401066
1.82624522788805
1.95591638983055
1.94337925632599
1.87981104113696
1.91369911109313
1.84527332135566
1.93005854628579
1.89762045174501
2.02607778036826
2.04875224575513
2.02584971702448
2.09678337661075
2.21721693526142
2.27231070934133
2.32684675226798
2.34796801497247
2.38727624285463
2.42508661513785
2.53454755965445
2.55635078660861
2.59223526329822
2.60323959580284
2.6415038686308
2.63129441987931
2.6284009227945
2.50903656416475
2.50385517641461
2.41198043883008
2.30941972209037
2.45551700244136
2.46103290839523
2.4781474397252
2.40523515444641
2.35233089976511
2.32541679266608
2.37390506441833
2.34007294475349
2.25524467895492
2.24160339316966
2.18256207777801
2.15144973392156
2.05554078178919
2.03130765081454
2.04928110701244
2.03898398483985
2.00416125144501
1.86465491882116
1.76698185509757
1.76639887773693
1.7318116703707
1.8358191461336
1.69927781421153
1.59200153730811
1.48866955645221
1.38483418515682
1.34535706979355
1.18938061487272
1.14034015576291
1.03402186408884
0.91398730154968
0.811256604941655
0.629407144050468
0.715725739633101
0.540037270150151
0.489457147185101
0.501588335036725
0.52127570793438
0.485204798919446
0.539563361242037
0.575688611985172
0.577259659684577
0.53300786108129
0.489491989822301
0.443989030525814
0.476311052450564
0.406778701683348
0.482792882750111
0.542796885113016
0.527657759460839
0.483135730625483
0.459324020542502
0.477638532682957
0.570652883804467
0.514987699880536
0.474452166608173
0.445249393851243
0.332962720280766
0.346828462942865
0.312032649118561
0.206100566039893
0.213867937277397
0.209100626903466
0.091732257882583
0.134073767522661
0.0778137015577003
-0.0124262096325753
-0.0196507393334846
-0.0101529529556006
-0.0670036912002794
-0.0835960927920556
-0.088680123220225
-0.223871854138203
-0.129093953415164
-0.221313706641466
-0.0416477316484802
0.0307298623041267
-0.0739490666888148
-0.0205444092103206
-0.0500236570102572
0.0629880761055879
0.159739229802777
0.192612404291728
0.118051150683221
0.0906750725939453
0.117439710291826
0.123783813672586
0.311056721314536
0.381953857094086
0.428092469283226
0.40077493804394
0.478696533991058
0.504807667075845
0.621835330475832
0.567318693487969
0.599651324127092
0.613554023228419
0.637922729909103
0.607166886606613
0.632492862444533
0.840603651563827
0.840409553799066
0.883404582524516
0.89732603401917
1.08940283397328
1.18566310572787
1.41214588752813
1.52958898002796
1.50830980419188
1.71615032300137
1.766933439397
1.87327796354132
1.95707603906215
1.95977053007795
1.99274057417757
2.06747734544046
2.1134082951941
2.14130579151657
2.09131658849657
2.06266132747861
2.1197061423458
2.10545484075593
2.07190390451791
2.16449873801807
2.05945545292063
2.02571562668864
1.99355052254619
2.07975733103261
2.1806001515909
2.18121134126426
2.14727269651981
2.15843473964598
2.29372214577223
2.35899587516256
2.41792904684565
2.51916621787392
2.49873450601322
2.5611182323818
2.47980302521533
2.45409514090236
2.51136284717368
2.44470859215856
2.52088713533533
2.53070861170027
2.49716831239676
2.5459077080587
2.59444901280294
2.4736610506484
2.47399272033529
2.64467779700822
2.6829149774463
2.76174988710803
2.70119167022523
2.73586315935765
2.78236347542021
2.7831597320788
2.83738154087991
2.76144775752677
2.78378415624711
2.86368001572274
2.99992962154771
3.12384908214461
3.10989113763608
3.07009450227095
3.0951835079224
3.12485556913951
3.21484265663723
3.18169574421766
3.25703567553466
3.23574808670024
3.2798692730055
3.40434850302132
3.31057726351971
3.4321370436935
3.54392574277734
3.55144872782389
3.52147386583181
3.43881406661133
3.56377238109725
3.60721807476423
3.62620411610691
3.59928679996064
3.65149843415905
3.66071663441192
3.65832649019409
3.69082313195456
3.69974499241193
3.6966395647662
3.73195826523299
3.6800235424083
3.74085906911131
3.78781131941368
3.74017325624331
3.70895623522721
3.64362744509327
3.62980198548002
3.62872121979667
3.571642222776
3.63429537273442
3.63078527624612
3.5044911540174
3.44852503108092
3.4285864012293
3.34961224634592
3.3966773747335
3.32558955915588
3.28809222380739
3.25309297710985
3.3464014425452
3.28384403201969
3.21389585454955
3.19123224947809
3.06943544982416
3.06822034458831
3.1304466422519
3.18967655635565
3.05546146290824
3.19747117562491
3.2504906326818
3.18554330371705
3.15691648985268
3.05139455173237
3.03401788585297
2.97974566437005
2.96494512757719
2.91420689755234
2.81362612463547
2.78749960814395
2.70848546507347
2.61092476735905
2.54462756608801
2.44792158108211
2.31475051804519
2.30320951756409
2.29978204108396
2.30210186354796
2.32131256747805
2.22957830534677
2.15320589196315
2.16356378493519
2.2421492674797
2.09331857931031
1.96598954154833
1.93823683774332
1.8975385163743
1.62414089591065
1.50293147652796
1.40521803499951
1.3835812341596
1.36378864345695
1.25508758745079
1.10552178026811
1.06881192998336
1.11494171012743
1.14924797079217
1.05431040448814
0.944103633605202
0.88571886131715
0.914602921099214
0.886175116450999
0.851693890676085
0.778602157179496
0.610155634934018
0.481410524622324
0.418283882472811
0.372661914092939
0.332225074575399
0.231399285882996
0.11622012421168
0.0566475030062658
0.00615542442165684
0.0361944065836067
0.0398982169369291
0.0197893989118746
-0.0599971762472158
-0.123901612199875
-0.155657768555359
-0.166334082370151
-0.150938301266521
-0.202752951782041
-0.212436347748626
-0.330899572958299
-0.326739480340968
-0.260876792401413
-0.224884221898612
-0.221087828892231
-0.239037037493228
-0.232190427776954
-0.269142632651863
-0.242917887703115
-0.144707989424036
-0.273884070366289
-0.367635919225525
-0.279900161404089
-0.336362836157345
-0.350641492068766
-0.359720004575052
-0.322232760335678
-0.164512363790944
-0.117328750418571
0.0514576924974919
0.0795782054264883
0.116270607715466
0.215291582979716
0.183677495617836
0.236597079889712
0.242631006154956
0.250044342312678
0.389472933611603
0.540291490793595
0.571613261238056
0.63962179223536
0.802636520375382
0.805217511338067
0.818896996069576
0.807282931999547
0.811640333556424
0.726072325252053
0.756820110438373
0.829597653258177
0.735257993782515
0.983795302345364
1.12355012195305
1.19403718921117
1.29014561740126
1.35922551924132
1.40157274164184
1.33344210401515
1.42416723465836
1.43790762666342
1.46075689846507
1.51450188111416
1.49256875330949
1.58404503866034
1.51772215701933
1.61148456644984
1.62242459174704
1.52433660982078
1.56967109623257
1.63315753218539
1.74472808157891
1.7845144546006
1.94240216048234
1.98392727351844
2.00850781389388
2.11100288696263
2.17293705325089
2.25304823642043
2.25377731305003
2.30885525746004
2.29823042090836
2.3509719148401
2.35140709115335
2.40984349033423
2.41412214477297
2.53816836484872
2.7178662061222
2.89736838649801
2.88166974411704
2.93591599555039
2.97296030699666
3.01491182953824
2.96562541538109
2.99613776822452
3.18300579603753
3.12174363944464
3.21354617164535
3.16217320532047
3.20633094834255
3.32699404165538
3.27602661314365
3.24392784875335
3.19473033325073
3.13559369384147
3.1895858266412
3.17565141439091
3.24025653694282
3.12420213420568
3.10036432086665
3.13438321725941
3.17464065303599
3.28712114527907
3.41707913395319
3.51913824261046
3.55139940288929
3.51486692291116
3.54250763210497
3.70146867153993
3.68349998952753
3.73408300741911
3.7273898175186
3.77996764317754
3.9462705852131
3.89309035600751
3.87431222003176
3.91926967233
3.94617644310182
4.01162350563798
3.86369033858909
3.91246853543802
3.84297342632914
3.83793567543987
3.89863074577577
3.87614066318392
4.00002330106375
4.02179000939365
3.9383921348045
3.94954584134155
3.88200575654009
3.97519337296583
4.10485178475758
4.04416240075468
4.02552147230218
3.95128818604091
4.02804565907242
3.97797656789904
3.96948830572379
4.0004033617127
3.93307680243598
3.70481304990217
3.58151010680544
3.51507093747111
3.41408060899708
3.48413754919331
3.50123264883883
3.63881475795479
3.57120371253017
3.65134381468678
3.70993934977927
3.7749845266382
3.7331812599514
3.75292992812789
3.72678438320119
3.61054677647108
3.44234316858993
3.50847090807337
3.41244250537413
3.33072965130019
3.19459152021366
3.21501519173617
3.22084194907751
3.11282517891801
3.12889274646485
3.10910815595669
3.15464335480465
3.07481452243651
2.971564358014
2.93833688376582
2.98135717329667
3.07948448231942
3.08769136745134
3.07215945405902
3.06009399961388
2.99675945010646
2.97439682033605
3.03156018866411
2.98115581003372
2.84768314184694
2.86713919146232
2.7685005365244
2.69938942743176
2.66372320111674
2.78076651912734
2.74547456565116
2.58966928829153
2.52708088228997
2.38923293249449
2.40015281186243
2.307694235276
2.22002986310051
2.2843199920669
2.23031728199175
2.1426480316479
2.13022293070984
2.25318002230364
2.30128435282911
2.2812380175668
2.29589746485221
2.24378810962885
2.07984445099776
2.02231168293322
1.89510753489769
1.84451314883707
1.78828669898735
1.6691957706837
1.71667577258977
1.62543256453441
1.55185034785155
1.58546897577957
1.56039788115837
1.51389381527446
1.58076168342619
1.50471705704573
1.56601703027165
1.52164575839169
1.55172945922389
1.59587830892847
1.66764433645413
1.70966277673185
1.77588443028561
1.5548350484674
1.48609982266435
1.34502865007883
1.41558981187535
1.29789775792902
1.1798330590517
1.10145587281845
1.0581473668901
0.973441487825787
0.814650898709783
0.792617868387029
0.71820591555406
0.63697491624297
0.755348957091346
0.803724486544054
0.823251197509651
0.769289875770934
0.814712521673241
0.768330168142382
0.634522977919178
0.470918654969966
0.456942812109144
0.499713045093968
0.52343315690077
0.487990197765728
0.367319361399508
0.338747353416427
0.311947756943131
0.244513955403771
0.264928055471507
0.270827172240943
0.245934701808759
0.149643203450391
0.339239276207545
0.356555276909385
0.238270526640227
0.213848147297251
0.245107451856896
0.226345528157204
0.117763655158406
0.0801935295586846
0.102822483886454
0.104575372535804
0.178808689910525
0.100393343107622
0.0660164035622497
0.0294522667939967
0.0182295341999446
0.0177180310170455
-0.0401951020037963
0.0725866700783624
-0.106686280521998
-0.213020001001346
-0.244302068208603
-0.235449646386705
-0.167798650216086
-0.11263861084023
-0.0774192676263421
-0.179227554877423
-0.0745890378239797
-0.105672080347842
-0.0524544781601628
-0.0880282101231822
-0.139947418724881
-0.230827838765936
-0.351708958803158
-0.474321790423728
-0.359663275505872
-0.45094135701969
-0.380035922743493
-0.436781108897776
-0.397045673672895
-0.364087881560336
-0.374092711018884
-0.35704138790507
-0.370962808345582
-0.291165576902329
-0.123799764167391
-0.168666262239853
-0.16403766463251
-0.223474306735335
-0.245812542843247
-0.1593797781035
-0.108461386573633
-0.106142563626438
-0.134673902246597
0.0284571112735861
-0.0541102340041238
-0.0664241166019694
-0.0484270019909878
-0.112950944701144
-0.111032424723808
-0.0816071902446706
-0.0598949038256082
-0.140622569170972
-0.161333024122219
-0.0592989749980807
-0.0575509531760119
-0.0100506770664242
-0.0567991732783227
-0.0637805837165051
0.0302976883722474
0.156854823935245
0.0182087316498945
0.058401251436567
0.0844246413529446
0.0466621406231291
-0.0298453733461216
0.022033456722799
0.110123308592236
0.0378238481549092
0.185631322075912
0.240468658177777
0.305139604101685
0.315473315385305
0.237706700422979
0.259572503281257
0.263251152653295
0.318475777178071
0.403976507823863
0.337871782028108
0.395359188351
0.484369698168641
0.591482928357301
0.613709970771487
0.713824582584911
0.855213913814888
0.862824520430448
1.01475842139771
1.12037065565103
1.12236315276601
1.18831099132968
1.28624156072276
1.28739470166681
1.34758231210716
1.43512625338656
1.40923103140769
1.60946700927879
1.59611920251995
1.68001959716052
1.72934653241101
1.77235104569734
1.91338904066371
2.14888632684138
2.22092307728512
2.3720100763889
2.42358281237589
2.67101139157681
2.67447089093641
2.73277661461545
2.91219859060318
3.02442305818361
3.09463514088348
3.13883755519915
3.07444671025825
3.27181868011219
3.36064071713995
3.43993639504352
3.60686785395224
3.60811527308806
3.67714888676842
3.88231215556748
3.95863654641163
3.94796016286784
4.08049519802823
4.15751982163283
4.23325022139176
4.37019786966279
4.4302069707267
4.44945108926845
4.46149049505203
4.46978473655351
4.59962419138275
4.60217193012029
4.7096780527157
4.64707332830357
4.80724007049703
4.91761700120069
4.83894902621779
4.8776931354871
4.97623769126361
5.03905990760102
5.02703816951785
5.20000191909484
5.2180492747165
5.23874345573532
5.23945383746117
5.26383481052526
5.25319825138391
5.27273870395808
5.29288486809915
5.35130503309691
5.51244944681606
5.57232945549085
5.64636136806787
5.68729102488834
5.70657654079761
5.73618369746822
5.77181021371311
5.8010770376704
5.82935833608208
5.81274870761695
5.65183317422195
5.61282274277429
5.6126310690461
5.47061796565037
5.52520038990568
5.47619398297392
5.43623520449796
5.37160564390292
5.25129274745984
5.25530685060883
5.3016468893136
5.34763451907646
5.33101999624602
5.29793144738566
5.28700017240477
5.27404962584094
5.35420488435842
5.3492531966323
5.33349606418107
5.33379566984148
5.26885998640436
5.2801394544779
5.16665629692416
5.23706145331624
5.19309279862444
5.06962797565548
5.04758340486942
4.97559817668161
4.90648375148128
4.92225485058818
4.78728092936951
4.67666657634948
4.71997153285016
4.57249638025838
4.42622487073505
4.38306858292719
4.23250302721159
4.19037300300926
4.08846543584261
3.99377536477015
3.8608603872571
3.68722179970478
3.61449359611849
3.51736911221607
3.42406116890138
3.32177047321314
3.3469048292638
3.08268141474046
3.09729786296246
3.04094294390866
3.00719193505803
2.74991503711531
2.64003395055921
2.52024067767305
2.40219707749597
2.33207104218314
2.17466294303568
1.99743339129105
1.83999105142205
1.66838867409691
1.65180737696958
1.6083136912074
1.51667749295966
1.48563655958367
1.32158805241047
1.25806263976498
1.1161534779473
1.08015106526042
1.02489151951943
0.775128701314871
0.615992111855632
0.492752292525497
0.470149355850811
0.501531273785897
0.265277460645576
0.148755315690365
0.148108178420477
0.0569802146715706
-0.00288513467308205
-0.108462312860831
-0.146481393287398
-0.230745640077828
-0.200186242706867
-0.277606341068334
-0.26486052251441
-0.317077774411901
-0.238533948635048
-0.429143436957935
-0.623755632090832
-0.670259011832064
-0.727766700184714
-0.730271417017384
-0.896912342841012
-0.988811647199215
-1.05450792484951
-1.08727734431638
-1.10788871646516
-1.13152445128903
-1.24155813920879
-1.25500782228055
-1.3587890366136
-1.45896136559883
-1.40754608969829
-1.41970252192111
-1.47335517077568
-1.48244583666672
-1.52871937470185
-1.58491424344931
-1.48518921072557
-1.4764695622576
-1.48310181904887
-1.33770961055456
-1.35617848677705
-1.36464322774174
-1.31392137387742
-1.28193862006084
-1.23964009039386
-1.13463765737766
-1.14880095689728
-1.23648728365303
-1.20814890924295
-1.25480648219729
-1.3414763239084
-1.47080529083781
-1.39478083309423
-1.47467457226114
-1.56889348609396
-1.51021025229458
-1.46276462496245
-1.51669194181964
-1.47201643964903
-1.3346870409252
-1.27371057548759
-1.22300238303286
-1.13522220141578
-1.24305475592653
-1.20625910982441
-1.32065664113986
-1.27538295138516
-1.21778388975107
-1.2109185476383
-1.1528582311216
-1.12205601159955
-1.02185072449547
-0.980514730667597
-0.945010001484758
-0.83849089691134
-0.754744097085173
-0.740669559421073
-0.731442352686392
-0.697578562642674
-0.596985027470648
-0.405117926542826
-0.493548791649681
-0.426822485970941
-0.335312461411268
-0.305610298880467
-0.226666327717289
-0.247818915582446
-0.323157315917916
-0.353911023664506
-0.31076894887678
-0.1899352905817
-0.071713622487388
-0.00254942214214249
0.0352480673892559
0.0813644408225274
0.00776409086302432
-0.0588967780488319
-0.0204480618852765
0.0135936221040942
0.145061213350154
0.173407953831181
0.258321742128904
0.215805618370612
0.239243182229755
0.291126186717453
0.418797722801745
0.588217391713679
0.63438371547273
0.584152647808618
0.75061434714347
0.81243157703082
0.895760603186472
0.89295114123369
0.780210697763075
0.77802586114282
0.803189243276196
0.858921984604121
0.838385271285886
0.833395871717314
0.72050279037176
0.722739591805813
0.651617747632034
0.713134514847277
0.766768421051772
0.870454388651096
1.05845907444525
1.1162388012333
1.19269123248106
1.26973341608127
1.26439485154871
1.44280764602876
1.4388211266199
1.29015384769753
1.32792281088643
1.40642667927538
1.46039839174012
1.50304547106611
1.48176242002772
1.50953556426068
1.52004530865651
1.63307794841896
1.65114186211367
1.71970037542425
1.66553363718459
1.70509067648042
1.66601905139097
1.74257788763051
1.8064163658097
1.7724583022953
1.70619266780625
1.76537839432871
1.79483805010609
1.85939714458808
1.91385838543322
1.94693794879326
1.86947195360637
1.99331118421956
1.89079833627626
2.01913346956056
2.00048237683509
1.90653311271532
1.8878957952994
1.81994673268886
1.9967753176965
2.03659399439827
2.04520319897014
1.97702317484011
2.13811903327427
2.01197009868111
2.07273953878747
2.11990202599711
2.01122572678264
2.25167942417888
2.31646474312116
2.42722322340809
2.44425911781797
2.51918578052092
2.59595970751151
2.56175590363705
2.70459633457236
2.62597852556824
2.66537633558769
2.63939696706749
2.58632536803649
2.51894676530876
2.59217921498473
2.66399888793572
2.68818515459789
2.65606050811588
2.828734145346
2.92090727914193
2.84293128089707
2.96203971170862
2.85851769176057
2.85882220303612
2.94722045595511
3.09597709609652
3.11184244511752
3.16194250083704
3.11231055298542
3.19373394666912
3.12910708188409
3.04821154559369
3.05078719243993
3.06961385921969
3.074070442815
3.06220376550272
3.04944279136085
2.98576927567734
3.07718816302907
3.0766913630437
2.81954319570313
2.88346086860686
2.81144907165339
2.82232100972489
2.80291713823194
2.81985449262984
2.70246346549359
2.72429841211382
2.73712400658455
2.73535311492411
2.62206011660214
2.72565216574743
2.74269138076121
2.5850989445879
2.43529231518192
2.40556474182663
2.3120519240325
2.33212365287089
2.28696870149095
2.21091283193979
2.278571414224
2.30051562510523
2.17831177523912
2.09555139635161
2.0239332001066
2.03856509703907
2.16816763851666
2.18514851210172
2.22554222412354
2.17490587414922
2.13182224142895
2.24666967159582
2.24231703495739
2.10403509318394
2.16885742340214
2.12894483345694
1.95094220739235
1.98317911480828
1.87682481823933
1.90142198111754
1.73281062870455
1.64968916489221
1.53664253932213
1.4624192445481
1.44893136043153
1.32479953293534
1.36768875854548
1.34933901143237
1.32468231151201
1.29250394537176
1.27012415033502
1.30866203799804
1.1875701412926
1.12340896478999
1.12015741164087
0.936802635870679
0.893485957756948
0.971800043202488
0.906776536115504
0.852684338846128
0.899561987375991
0.857330642024264
0.664478647307015
0.663857646940436
0.697294360869556
0.698264541645636
0.705875106967058
0.8361845723877
0.928105518153204
0.931412746983709
1.03449781561955
0.987519497933185
0.992742476510081
0.934170448842772
1.08659050335899
1.1578305933039
1.22194830411862
1.44070774253792
1.47107119370251
1.55384081658992
1.50967684239748
1.59640205534203
1.45773805914099
1.6324831142963
1.6653046012129
1.63494353461888
1.66224485377646
1.82034675896302
1.81051702299426
1.84970211683064
1.84315772048118
1.99993267349491
2.05003578431644
2.03861100729703
2.13562816906783
2.11117711133967
2.18482846428137
2.13134895009288
2.15637193010439
2.18046170716204
2.32984071648706
2.2809810824546
2.3201833405867
2.34536773900503
2.4023215290109
2.43476829493305
2.49871006146433
2.4867461356196
2.53215864164111
2.57761983632182
2.62885444240316
2.65530150603018
2.68330492756506
2.69595484841555
2.75225549003982
2.81039118423634
2.80457139665732
2.94802669155896
3.00500647107496
3.03797509720154
3.05001843957008
3.01952631283987
2.9835582855018
3.11959456199581
3.15571756646058
3.16467086832605
3.25634200121276
3.24338141830603
3.23022820916303
3.36742557881027
3.38627197897535
3.372868659889
3.32777231287103
3.36360591199003
3.35979981979471
3.31431452023478
3.34778936396794
3.32741333789598
3.32255597878964
3.43417435437443
3.51895180566729
3.50155602903626
3.50459731416088
3.41580023583907
3.37576337895065
3.39300349716118
3.36533291709628
3.33620696414418
3.45744149143292
3.4668628087653
3.57524692893364
3.54974379839127
3.59601733378297
3.58208944957526
3.53154550864781
3.45307401456463
3.37279539335601
3.39180863537181
3.2989673034314
3.36324904187954
3.30425307542317
3.29054573447323
3.27373683100269
3.16551826632209
3.04119008728338
3.06440823056831
3.02296717177062
3.06274785614256
3.06372454923662
2.95720741599683
3.02540668415795
2.88890437960283
2.88516753494786
2.9150936697047
3.04133008064158
2.98022918131691
2.96365387824304
2.91534534874136
2.97722603953206
2.88187588712458
2.86962722867414
2.85801958588862
2.81950705804286
2.75579875804736
2.69450420386207
2.60648593695076
2.4400055529604
2.39080512463294
2.38790113825993
2.34583296576489
2.33648250365626
2.29672351876538
2.23351939722546
2.26311024607273
2.30824473086849
2.32662755927105
2.29112351108412
2.23450479052528
2.22705819448059
2.19886133316842
2.00952141984336
1.98621520759259
1.90449539214543
1.82655875786983
1.81634103582489
1.77207592547449
1.78777697235971
1.75932680604605
1.89161764403938
1.97181600306289
1.97592662097138
2.02127628347672
2.01679307530118
1.88110848917766
1.82310396301583
1.7771784659848
1.74070048437835
1.66608297666088
1.53136529088949
1.49316588211718
1.5410350055405
1.53071272821927
1.47088385820975
1.46243714451621
1.3541813208715
1.19510444065708
1.19797309756234
1.07847931513511
1.05717449252299
0.921037787434391
0.879532339180619
0.90944946171984
0.841617803586154
0.707104995465011
0.602489501375529
0.702088207455049
0.560273559008002
0.54720098998438
0.430176803628419
0.443473034716754
0.527293863162825
0.516660792491607
0.41419144976913
0.375462649492064
0.423511380681928
0.495301157902869
0.570208456749723
0.485149080212611
0.614535202568841
0.660210980859728
0.543455008263473
0.549383847515142
0.473237008899812
0.475449384582387
0.415006528766815
0.36677940019712
0.471326832264302
0.467415157151906
0.490786750090657
0.466453609123628
0.48738539902043
0.512541432490469
0.409455879297885
0.424246761634395
0.50639128192625
0.558912936629257
0.473501832742846
0.558008876583986
0.600243408364356
0.578377477599405
0.529190297764503
0.472175304865334
0.485940464314574
0.411856799529979
0.438464894471974
0.419453040512186
0.480491687218353
0.561939736939948
0.508066380545783
0.597205838698589
0.544053522070536
0.426685325055132
0.380065864598206
0.298678860990332
0.338111578280824
0.244050060034725
0.131577410827604
0.142588257077473
0.155057867034057
0.104056013682898
0.128299206167794
0.222950123719748
0.205060787935858
0.329110304684605
0.305715914483777
0.304207562372823
0.315347518252118
0.325735756181371
0.406910854375215
0.438309218505721
0.524796675092361
0.499607873292171
0.430905212858877
0.589541945281476
0.709946054267603
0.680903210333769
0.86790240085755
0.870190316106052
0.813628164532035
0.933254348051657
1.05114673018926
1.15475175187932
1.18882824911991
1.32784883150745
1.30548896844707
1.34191732469119
1.30349248217298
1.31991366344304
1.47841596581821
1.58550124349785
1.58483971077162
1.53119625844354
1.52916492554779
1.48379723403482
1.58859497849407
1.57739230283572
1.6182632860266
1.66046092976289
1.60028868716809
1.69173022198779
1.78352073154904
1.92552273542961
1.92981822177853
1.89118229306932
1.95686253999043
2.02462042578753
2.06723952583442
2.08271677403093
2.0400308677433
2.17322306870335
2.13786367621436
2.07367129046631
2.13475520659587
2.18959591172493
2.11662444468002
2.08901329351808
2.0691389318056
2.06523242940454
2.10375049699836
2.14768222473103
2.18875338670052
2.22104005938991
2.3476227177706
2.27678930457857
2.31063894932228
2.33903624446792
2.33325387250127
2.38745317448556
2.50396768237097
2.61174955736274
2.73041526223956
2.77600813393168
2.84190211989288
2.95811149120584
2.98323492411706
2.93764950660584
3.10412793691415
3.2319594492261
3.23668895494837
3.16752971558543
3.18111171559304
3.28936432533078
3.32279404918015
3.39658406510242
3.39918635542623
3.33756141775817
3.39477940559017
3.40815933552637
3.48929141841937
3.69975592424397
3.6134024745978
3.55120124947643
3.60231867667461
3.5077275854097
3.50751732642102
3.49977810061669
3.40008448316651
3.57153350929568
3.64913125428385
3.71923445504382
3.71142882513662
3.84300941585403
3.86222185309705
3.91479802591387
3.97072983498399
3.8063564716465
3.74345846078235
3.77804403736318
3.72596136671924
3.71842870968502
3.6628744067823
3.77941795743976
3.8564029393092
3.80283529551544
3.91361602055152
3.85363671982789
3.82649774491469
3.83278234828167
3.85912658980081
3.8143663156345
3.79865872376905
3.68121960723627
3.68819115795272
3.62576654660286
3.59655811740221
3.65463848703933
3.59392755701399
3.54179528872761
3.57436264592159
3.47781439047887
3.53227270375342
3.56448100992633
3.63566504853171
3.59475225795041
3.58708721076471
3.58064317511118
3.41752565409511
3.45421265370964
3.41292441684022
3.40362601636292
3.44706241236379
3.38252448712782
3.39957647407388
3.35011986221672
3.30920707213489
3.33268260715513
3.23492521425852
3.11937601504828
3.00039161561303
2.91300695229862
2.82839462581646
2.77714726810177
2.69577827295601
2.57629756311929
2.51285521820211
2.41051912284126
2.41619915881702
2.43670801426406
2.45236601685777
2.48333404790301
2.38688373288712
2.48377629688924
2.48343692215811
2.45252997016111
2.48630603840452
2.44851401485865
2.32255564393682
2.32857669555161
2.4095050803573
2.42198778868065
2.32336514830398
2.32243637543536
2.16490049724598
2.17105066011075
2.06501829949367
1.95865476289472
1.81250066767581
1.77670677800374
1.78422139527877
1.75032644797071
1.637544289616
1.583961866787
1.77106852048177
1.76958190345288
1.72133357931121
1.72143933525017
1.79489981002846
1.8605411269913
1.85268587932083
1.71549942732576
1.73084101470013
1.68911378373785
1.62500867592476
1.63531250328099
1.53349651708623
1.51969606027815
1.57194925066772
1.55930095500055
1.55495342789653
1.50132960430082
1.44126545437503
1.53002448374499
1.51544241221151
1.45732882763778
1.51584325017779
1.50707563223372
1.54956768877459
1.49049705892932
1.35879880457263
1.29980604545001
1.27411063857056
1.30226446618528
1.20697284988676
1.25117655408919
1.21712585642992
1.24912716684721
1.13786152292532
1.12377621197623
1.09123674094947
0.928984030379529
1.02748905192824
1.06303784709615
1.01753405722199
0.97925510345425
0.999505343012943
1.06160700855306
0.98473762152776
0.948197854769375
0.942170411760432
0.953280289190341
1.07415205674952
0.92093676947534
0.985430122671133
1.01930538678032
0.875135548874237
0.872255958036456
0.940689253083867
0.94812106748833
0.866690985931733
0.878882272152921
0.878774490594702
0.823998493591792
0.734863601312824
0.734908276982987
0.70161574421016
0.657093705286099
0.607699491309294
0.653689996114222
0.663715637275989
0.716781346471051
0.786563212229452
0.743612773154243
0.726901449906143
0.791864755056234
0.733617029265003
0.656366325916733
0.54360146327042
0.556349409549983
0.554643133137123
0.455815130971196
0.50480960260563
0.434953873039743
0.537789920405735
0.47921913785857
0.386152782486886
0.282882796088923
0.485531783842764
0.54031161106023
0.522329766309566
0.584626206601031
0.643067688584097
0.650873615652992
0.67868615342093
0.662139682251207
0.670438263682972
0.71158295091712
0.676451294524413
0.803768858721784
0.714076570161926
0.812935758230563
0.804406393972178
0.681301216178704
0.672782885561394
0.724064732715371
0.801291273712479
0.824578222775955
0.813064957757181
0.88942035494672
0.885819422268508
0.90545255403818
0.97499772660774
0.963257054938353
0.860492618935405
0.882333837355344
0.984581228606168
1.1151665512995
1.26553664825638
1.2580228583666
1.28770206567265
1.35186235473949
1.39055381690001
1.36564740693424
1.41045275133914
1.54733027204619
1.62387911030714
1.65381617949749
1.65225059329395
1.63432300752416
1.78505934353703
1.75667376653176
1.71262468194294
1.72132368488461
1.57946207712924
1.4817355900561
1.42336493993687
1.42845131178777
1.37711840060087
1.44403938417613
1.37691799110055
1.48139404185404
1.4436275293411
1.51598067563173
1.45470105527992
1.50029133955902
1.56551386909415
1.61870337365266
1.65223522603815
1.60657842571369
1.58036641329096
1.55882561323505
1.53042217050017
1.56970982462129
1.63716470956936
1.76014881319358
1.83789971323695
1.88846698485642
1.99067555253834
1.87286770746439
1.95089726363635
1.92669233436941
1.90042778477936
2.0148300374201
2.07500600378575
1.99052181853859
1.97222674464879
1.96401047558407
1.97420913162735
1.93304064058834
1.91012967469888
1.9069315497883
1.87793818392355
1.953522322317
1.9781170327079
2.0152132332786
2.10262471513879
2.1823944292512
2.25856336702363
2.26752361177288
2.41400934873215
2.41444669664446
2.47589170367283
2.42184118050861
2.55874406976445
2.60204443033322
2.53845409597768
2.48235623949867
2.46386969248102
2.44406177405634
2.53718556533233
2.5897792476788
2.57694908446724
2.51333660590225
2.45501193493069
2.54860503911651
2.56181646484479
2.64011020617351
2.65622404344075
2.73899930245777
2.84714042367278
2.85599763300936
2.90507803354139
2.9119680130786
2.87366506093115
2.92702157775104
2.89144906198217
2.82750213202136
2.93041371434079
3.03745518251702
3.13909117515519
3.26544893247007
3.38332953754061
3.39649260127392
3.48708835260136
3.57744223433973
3.63861879601836
3.68067230533804
3.65073383698392
3.68557770814324
3.72171962060703
3.8578851946273
3.91407721454025
3.86466360172915
3.7904706041483
3.77881256611097
3.75021481829013
3.73067935215773
3.72419058059515
3.6531556956707
3.70683242484519
3.5703418842607
3.64134138269392
3.6239507350806
3.48840980565699
3.50754721710713
3.5265436570245
3.62087612869645
3.6422829938084
3.60577467052334
3.55819241298359
3.57131697050673
3.56816625011494
3.56528440221819
3.55850546771369
3.61351423639002
3.67161840347298
3.61822827195252
3.68392163270199
3.64224521972513
3.62839190891765
3.63554625943811
3.59692670620525
3.42239733440538
3.44905468435712
3.35740021967727
3.30150157535776
3.25679776112134
3.20994304709931
3.09172747986032
3.04473872011479
2.92164244460449
2.96479194666803
3.03901727518712
2.99239942711369
3.06691616433978
3.20969139397071
3.22572882078217
3.21942784584518
3.19115835304358
3.22858641044813
3.27195932342589
3.12141785740688
2.98450304662879
2.90594202669875
2.98789188834906
2.80230981469733
2.73891004358328
2.71718136861368
2.70206973027349
2.62911911843905
2.62104175328755
2.48754567047612
2.51724590562844
2.54337826575629
2.48981087748793
2.30495880883603
2.21838841682793
2.24136386522373
2.08065093087757
1.87613274893399
1.93849301683556
1.85505980890108
1.75489757847676
1.76784547457959
1.71647469254806
1.79529394415628
1.82879009161168
1.80808611996205
1.56203282571234
1.55768039119136
1.50703797698859
1.53465038608303
1.51750412367828
1.44588471443165
1.26609012180651
1.21450055965528
1.20378602994056
1.20419504020367
1.05295507491288
0.902299566514033
0.89323888452777
0.898886051019226
0.849433921592462
0.688481120376156
0.629553017449443
0.590394889091146
0.590561811316651
0.572842890608142
0.585825601000825
0.593047113020478
0.578677284329347
0.497267177786551
0.433023058053815
0.562216335851368
0.399134316667893
0.41015503793035
0.485236207793303
0.411484291948064
0.541222568770797
0.563225914046017
0.444392678259073
0.429065840451844
0.430815625413845
0.390520401557998
0.510802144845933
0.444834539244731
0.523193525399063
0.656590391054771
0.61347898209379
0.52517686571158
0.535487305275374
0.42008266027673
0.410305115850285
0.155609991389498
0.17035893584815
0.0944202592788095
0.0500324819438847
-0.0260372406883791
0.0676502231282754
0.0921021387114411
0.0599368923401387
-0.00217502099745559
-0.0719637882690614
-0.119583337204925
-0.126824593354979
-0.0856187018800783
-0.0487455027408146
-0.0793745033428812
-0.0775071102381797
-0.219550728891715
-0.28038463094604
-0.398552277168962
-0.339077825378266
-0.31185605401395
-0.413793052728556
-0.405843452687256
-0.250052577816052
-0.363384503378053
-0.366468792445786
-0.439614874559229
-0.555292841921679
-0.621623130775373
-0.629329592256044
-0.64838958636557
-0.62632153424116
-0.596100190168458
-0.580275484410576
-0.630775412638056
-0.690974063196212
-0.659482435058444
-0.680796495845426
-0.593313577163455
-0.485583236617787
-0.473769531249251
-0.537170737827392
-0.488432514309392
-0.557499313639514
-0.569968744711193
-0.670281285353938
-0.61256344858035
-0.596295944271927
-0.690654119036881
-0.610347504115624
-0.471990492824879
-0.473119150991196
-0.563842228076916
-0.657869670250539
-0.718696733508158
-0.794513140692271
-0.787783677084914
-0.691059177114888
-0.595955848671355
-0.610190478681336
-0.687005022627225
-0.607702911508791
-0.725313642287475
-0.633864216930105
-0.628726756340214
-0.643136832278961
-0.601541935639196
-0.587985828889718
-0.554944520843061
-0.49498297365139
-0.438793377946572
-0.460509072053571
-0.373032021974586
-0.354425482416265
-0.24319896028894
-0.199011797860109
-0.135127506659477
-0.082645455855334
-0.0407770272721819
-0.0577080940993333
-0.0766206299913397
0.0831616949667029
0.0820417171991217
0.146650385395828
0.24070642196988
0.377113279852395
0.579001580887645
0.720035551777988
0.730477258821049
0.747644922236073
0.883991804655344
0.956997898178981
0.987319941163194
1.02545168197887
1.1111295615785
1.09453740861699
1.17753767319875
1.11655655949258
1.1731335145296
1.26554440171471
1.38379487379247
1.41945148531376
1.47881684945388
1.61469522687752
1.78353683954608
1.9581031972702
1.95336506786309
1.90971718100599
1.92314015386856
1.99332752003795
1.99574051150005
2.17143652988771
2.25510465651248
2.25681053733607
2.27727684400484
2.35994202760807
2.47746889961316
2.56880583563905
2.56292048723535
2.59100151784943
2.67729268934463
2.73593235775906
2.75508083687272
2.7721795656813
2.66330322121251
2.75935541621071
2.73419282069171
2.73425966193504
2.6895029070489
2.74211740963809
2.81802184737939
2.8275432718135
2.9619279741818
2.96735189135397
2.92082656574082
2.90428032809663
3.06953056896738
3.11328758171713
3.15684414422291
3.19120590717892
3.13976998095563
3.27266884404952
3.40814785503529
3.38846860678103
3.22540495657844
3.13470792612126
3.22617624906917
3.15648035087465
3.06492717751694
2.91371496493923
2.94069123249732
2.90198096885148
2.82562757770209
2.75558286784839
2.81417359444758
2.74022863752513
2.76018588184183
2.75394068259479
2.75578548936095
2.75430791269761
2.74724451527783
2.76934612697126
2.65305856413339
2.63828668693323
2.52735133025493
2.5501816995419
2.50705097286491
2.44156077548547
2.51668142264672
2.51842128652514
2.53316322774046
2.53613364904855
2.5726956771763
2.46198899361694
2.44803284656438
2.40387499830071
2.45383417603575
2.37223749027674
2.37811299663818
2.32216469520543
2.37137011380702
2.3186253285048
2.30069118404439
2.30353697844942
2.38976146885178
2.41659589172495
2.41449165220747
2.49961028187968
2.47488010078693
2.51802303847008
2.51056329637483
2.4908094929656
2.51156638443115
2.42842452233839
2.25163817121373
2.21982055483832
2.03767846826418
2.10199222854941
2.12966439420707
2.07888461463349
2.00411620816373
2.03161104574617
1.91576584098338
1.88901749880515
1.92260139311282
1.81037692748782
1.74029537570284
1.61350891300555
1.62055143127672
1.54461106840317
1.56533150644573
1.51611785172661
1.51640924954386
1.34535422436986
1.35344968493328
1.33300230386544
1.20901200727653
1.2979400049396
1.15229721150759
1.04906732381016
1.07910832581958
1.0689316793195
1.05827665387304
0.920126762201921
0.854680563888471
0.905877569234949
0.93413889255956
0.906263277713984
0.858567766085544
0.910901453652068
0.885678548138912
0.811805501724835
0.948951837603897
0.963309458084151
1.00014838160765
0.947953932035989
0.889346343443689
0.866113607562289
0.823973036978015
0.85245096742372
0.86682951516746
0.936919074298306
0.873539945994585
0.790867754595529
0.794181806916707
0.783676930869869
0.730992953864839
0.688353270054748
0.727518361046873
0.658643705452609
0.692865912304964
0.80324085555315
0.796340628197218
0.69986139547373
0.601315782651911
0.558322415197776
0.550708152691284
0.463864400076989
0.388836330885009
0.287003704247113
0.290467816627883
0.254301298788562
0.193267238968767
0.257151317562561
0.200089143786518
0.156996304814485
0.0654856785179735
0.00455746506648635
0.0879145457340144
0.0563817431291015
0.0830919818734038
0.0661973714298284
0.191477233915092
0.307297526246125
0.228984789697062
0.163320305537659
0.127213300289555
0.233097077611535
0.274258313324025
0.416856599181296
0.50430950332887
0.501172305836367
0.571172727254999
0.61628233410394
0.730746761373405
0.725263565708088
0.737201551653353
0.816721267403987
0.833657268498483
0.79559018639239
0.828419134410274
0.879314866502714
0.926326212605816
1.02920097285977
0.98669749779236
0.96360730827121
0.967512142311167
0.951581594125911
1.07529204573369
1.16502064818975
1.24123148247031
1.37363242769139
1.41700160562722
1.43660490692897
1.45066500028404
1.40720008301001
1.53971501229574
1.68253779026761
1.73795821217213
1.74297671799361
1.81710551518443
1.87300472316693
1.98515898871106
2.13476495271505
2.14779245429478
2.15834267258475
2.1862819693635
2.2318930265754
2.20364675025149
2.21244931425767
2.38302288819953
2.36318247765233
2.45157830084687
2.45208311358112
2.50132824290653
2.50171464601094
2.59720955398854
2.62233736448683
2.53622804860155
2.53530258625358
2.71118956687708
2.82045434279958
2.85773360704874
2.87600542510933
2.95296725257707
3.06331564845297
3.09154503433086
3.2043018697541
3.27737668543855
3.31407636882649
3.32401370781342
3.32268494732714
3.4541202831936
3.53271948905162
3.58279067836654
3.64494564655532
3.72495035528138
3.66955166828647
3.77196567811405
3.79067312576361
3.77781646111069
3.75304982856757
3.7870163477699
3.88569040448965
3.86261737220051
3.87556031552164
3.90814605472209
3.91012281256577
3.90397918953264
3.88245580147072
3.89668501472995
3.87972099609945
4.03550731380922
4.03816447803732
3.99096895257155
4.0287215724611
4.08072318113896
4.09969711248853
4.06559507373658
3.99651323854192
3.95931667456894
3.96148280909387
4.10777447296848
4.05156167307775
4.1647609159059
4.13926753806008
4.13214588561533
4.12756206845662
4.11268523948183
3.96945980832006
3.99603818293352
3.95560313467008
4.03169674380358
3.96339842619737
3.8021085930276
3.85020184371902
3.83848350063786
3.75529768064315
3.66717140067531
3.45132444970177
3.44464629456023
3.46622976158377
3.48672411725376
3.44108903319193
3.36156911920608
3.36757236890364
3.3699963781297
3.28506241795182
3.2595739814727
3.2670221965432
3.28408567375575
3.25071696731749
3.24142112617084
3.2259983179252
3.2276554730747
3.276996627469
3.2757797733708
3.07797963171889
2.97660372145907
2.96095251869507
2.94973468388556
2.97417018608958
2.89367718073062
2.95897924063831
2.78997030119617
2.68256339369333
2.62910169570604
2.53627821688981
2.56533591045375
2.46680085835821
2.41179281855703
2.42933468954631
2.35618880197949
2.29044132200965
2.26140011481109
2.08784681502822
2.05222167618021
1.92293532629289
1.91867724551202
1.77534390893395
1.70039508306635
1.74803769047789
1.67866471857583
1.59488212685079
1.51213746164851
1.49490346731233
1.3769474150459
1.32254524145773
1.27090131189003
1.1193730541806
1.00678754458543
0.903934877363302
0.769943544783945
0.749269412839
0.726196371084855
0.747266272224644
0.824691675127289
0.840437372022816
0.736276821996897
0.677406476283855
0.621706477324385
0.565395497042065
0.586907350737549
0.497853483599967
0.319947764387785
0.305889061988364
0.330072912544096
0.302607723729733
0.227993324292283
0.15400804619023
0.126393943290837
0.0726208885116675
-0.024816550172533
-0.174144622257424
-0.162496383657473
-0.0526044779882255
0.0323270264252884
0.00601750521172817
-0.0767469596988244
-0.197550319853359
-0.223760565310411
-0.249268802670673
-0.181000210662547
-0.259188979086941
-0.303199347487843
-0.312582918923761
-0.356578442869085
-0.43939270514884
-0.397175226015322
-0.366233622868293
-0.332588371591025
-0.33499223226126
-0.445231934829903
-0.385859946641626
-0.26315933265646
-0.194206872273062
-0.317776719868228
-0.343040061698344
-0.400703615117557
-0.442662917856637
-0.489429450182763
-0.362735816966444
-0.384267418405779
-0.464319400519355
-0.452451216382282
-0.448233792202878
-0.41574675341859
-0.402014242970124
-0.362063513611622
-0.357383014416557
-0.305861123022274
-0.271996136932017
-0.235766558630951
-0.349417935914502
-0.33093926326445
-0.27032120759087
-0.309943154209657
-0.332109241911101
-0.369770403057427
-0.338959625872774
-0.349317872514139
-0.282434619127524
-0.243395729815958
-0.0382538482514869
0.0193716680956999
-0.0604660690851908
-0.0477893064628323
0.0818098976327218
0.171600417149675
0.184150187610617
0.150574034144213
0.195845939992616
0.149900635583984
0.182735456798699
0.11638938543025
0.207441717743507
0.191898983816262
0.202944170568614
0.300244511562805
0.277301283712161
0.315518468702082
0.35459317904673
0.386598252520127
0.335445698432986
0.409962534620037
0.447306450176906
0.481189528011083
0.492705350134238
0.645521234679429
0.669090826345844
0.759573934749297
0.733557034128032
0.660282959856977
0.724986239830214
0.665582266186149
0.707136946172929
0.65733833850358
0.64481475549262
0.603523891209419
0.778875486718548
0.891050943227211
0.858326884470246
0.961447230583819
0.988799580414996
1.1530476166412
1.07004001406059
1.14909249145774
1.02920851018936
1.0752984136245
1.2413160983104
1.19971761984841
1.23275823212721
1.22853846403502
1.22721113045387
1.26208959677188
1.34175826930504
1.2542594339093
1.25924483215502
1.18669041208457
1.25090100499621
1.33598078376
1.40192400550411
1.40171787696864
1.50293567966386
1.60324218611931
1.56845899269841
1.5620345875645
1.65743752241261
1.66196302629195
1.70139212897541
1.83864545770238
1.98287012868588
2.03425641530439
2.01506092364946
2.13060852722941
2.20535937948604
2.15190802126039
2.08134200293093
2.03739730578688
2.00994546473624
1.94595444838813
1.9918731696206
1.99285864520979
2.04320652796544
2.04138050495166
2.0683059514057
2.14048868739289
2.18691435982057
2.17293679398816
2.06962952265637
2.05771559925984
2.12000430045367
2.11300867661139
2.16319949083439
2.09418886872069
2.04723727028306
2.06336503916372
2.08350759079019
2.15353765747407
2.15608572896588
2.26428124252577
2.3064187885737
2.32075295929564
2.30772384248115
2.33022111782497
2.1700395971989
2.21125807767385
2.14859014376265
2.19575695836549
2.32375246176505
2.30544439797456
2.34095731389294
2.29399420557888
2.34880461761856
2.40597276838414
2.44033930350665
2.40647432313612
2.45662654342425
2.47883421221182
2.42525953833814
2.4921933529465
2.37823773964742
2.49252421677349
2.62936579718911
2.63256405538192
2.63323506033112
2.69576334898817
2.74037622736628
2.68289085860569
2.67541963314155
2.78362587375648
2.94694936856922
2.94097391764455
3.00079656254181
3.04036750834187
3.11642690311224
3.11344020478212
3.08967966988875
3.06945575841707
3.12810665581719
3.04615576278811
2.91951756967064
2.97054080207914
2.98343387948696
2.92415222400397
2.97694833752521
2.94906985872168
3.02031447410849
2.96051059361536
2.99201661193815
3.02185604282527
3.03695270495857
2.93908764448456
2.93465130623132
3.04992040318534
3.05442504407566
3.01882766432882
2.99673507905992
3.00635550528884
3.01683753931707
3.04536865527682
3.00028726578919
2.96444008868903
2.97575343362984
2.98387118301727
3.01140388287231
3.13917964790401
3.10804260636709
3.12399360881573
3.16204079251104
3.09514109202225
3.14587294167608
3.13707051583694
3.21445634687936
3.22907459779603
3.23712209536088
3.15635908416954
3.15443706639131
3.1466677495875
3.24107567115406
3.22752686931205
3.26180358423209
3.28624806349338
3.41561595844268
3.39760721025383
3.41496703419568
3.21591362688587
3.18382082518482
3.24177258770119
3.18535475240011
3.10109840750687
3.14188869295921
3.12537590123043
3.13320593577095
3.22177929445689
3.20273165661232
3.22575057034576
3.13815025607515
3.20153046035388
3.19249084370407
2.95985568615869
2.99481979323033
2.93317836359487
2.93476888920972
2.91939110123795
2.96126922144832
3.02922150621243
3.05083750240065
2.93220924834005
2.92126157995961
2.87427683504695
2.88684854057746
2.81401649914521
2.78228394430287
2.79126832646155
2.90095003710008
2.74364020694756
2.85612222328582
2.87405185228252
2.81450766358658
2.78484452449349
2.88128568133826
2.85192879221689
2.85871828455966
2.80458849666676
2.80347388235061
2.68758071160005
2.74306224375538
2.80536782909946
2.86852256453634
2.85413782530845
2.83696182874386
2.88901642222672
2.90704274533854
2.8367267068585
2.81030737976642
2.93118736271382
2.95022474335231
3.00059021557245
2.94617695478178
2.93878652810306
2.85838905683406
2.80919785538712
2.70589903475833
2.64471419614819
2.55163571648306
2.54632474736172
2.58903058274678
2.58711185923631
2.55219848431765
2.38042804294063
2.38166635384106
2.466843075012
2.47582758587916
2.4368102474588
2.35249115232121
2.24489215271201
2.25552556953097
2.05575527722567
1.97898534351279
1.86843947536561
1.89611159057503
1.85961060916901
1.87816900298557
1.92203210670089
1.92594581100964
1.82591910177262
1.82496382704396
1.72676810643593
1.62390383019937
1.50442640318421
1.37350436442963
1.41501162754977
1.36732098218336
1.37875237258733
1.40425741959319
1.30626203688697
1.38603509534018
1.43389625372098
1.50483540896603
1.47274150269177
1.40325090899163
1.35738629470929
1.27806521445913
1.23534772449221
1.18092736833937
1.22777203630321
1.26961702919101
1.3021315189991
1.30169283065624
1.28488429396458
1.24219166863965
1.25173415300973
1.4156408484613
1.38628677571222
1.35772068554701
1.37584865721269
1.33748190227213
1.31829273944737
1.29022993722773
1.26976107117292
1.2550682959443
1.1564769249743
1.0510846339283
1.05404471399043
1.06395632500286
0.99141790727827
1.03994618918704
0.96319780599169
0.991437729947516
0.982802510912914
1.013777317271
0.988886504795812
1.01550403857346
0.979835804998636
0.989146475011905
1.01699398769876
1.00828094771985
1.00298658275827
0.998877573117033
0.941899386981385
1.02193896745152
1.08584712365407
1.21653413140291
1.2756975612586
1.23998793740202
1.3780883755241
1.44826434398155
1.46225183839593
1.33569042864032
1.36609576929031
1.30613436128155
1.37604050519564
1.3055615812771
1.3409997235034
1.3519857460209
1.36822970032205
1.34782040231317
1.23533422423774
1.29326099337396
1.2910723683249
1.21459049884749
1.1035048875344
1.19661981114436
1.26654579155346
1.30151040154547
1.36105460535031
1.37160028601488
1.32785803976681
1.32603861531313
1.30901982504986
1.30947841395322
1.18529597166917
1.23764030574435
1.14383338868696
1.1438780820129
1.10598313874291
0.981042458817081
1.02585250052101
1.05477449493585
1.10347171883618
1.21780383195839
1.22348392280271
1.20841533565745
1.14800360014111
1.02986873216169
1.00300291935775
1.00322474281246
0.979221294584012
0.863048261075628
0.863679019022835
0.852116841961168
0.888859490108714
0.882594982585161
0.940983650484449
0.949276175638534
1.04980784049976
1.02603784911264
1.05174150659769
1.03867443239851
1.11470928646615
1.08201931365064
1.1072941980349
1.15109105846142
1.25194551751946
1.2720485539693
1.22101869593009
1.2642079991342
1.30174035563705
1.42106057801912
1.33825792734098
1.33088092354616
1.31689837976746
1.39703067131691
1.46000181908986
1.46630936514732
1.40124064077749
1.49277616513471
1.41833719178122
1.33201154290525
1.26437513461257
1.24362314698398
1.23980386223492
1.17835083307226
1.15518674513448
1.17408618571463
1.10180766867243
1.10586371082164
1.08839956030345
0.967882401796537
0.975752766514433
0.959983920392629
0.938379294345784
0.986255352888724
0.951042340464517
0.959518611995455
0.92969271188024
0.994148863554851
1.04932581129589
1.06788256459244
0.913369216473835
0.856230617433086
0.947736694205776
1.00911642240356
0.993663758573213
1.01467730876951
0.965809870949098
1.00306395188796
0.975682421158391
0.959318392592727
0.959335286683901
0.957153954203572
0.942294459768578
0.953342578182576
0.974066092693539
1.0180338355698
0.947262666939681
0.896216579825724
0.838479715192994
0.802211639481419
0.814072790506296
0.8934831070687
0.964405708142374
0.937623156159598
0.978577496333221
1.03331771617365
1.02249455433691
0.996950815673892
1.0404371312965
1.06793684142098
1.07016599779077
1.00616114114863
1.03968734156951
0.973254159871161
0.887807602277986
0.883819451574441
0.967955145984001
1.00140317546193
1.04961285660293
0.986927937159696
0.91740442334024
0.935790192089146
0.917225732086659
1.00722647488785
0.975172397214415
0.978477805501346
0.828148142161743
0.824708956432673
0.811280512714063
0.661945446981362
0.613221217095453
0.537008674410885
0.558005194807906
0.717934089498352
0.809134855712069
0.831183493156329
1.00316858702766
1.05784771874857
1.03160419718961
0.990872574606164
0.977401429385445
1.00388140166079
1.05123214559013
1.09756078884937
1.06772658326579
1.1528919597272
1.17715711477484
1.14274788134828
1.11170698499012
1.30427034495026
1.404589877472
1.55154291693501
1.63365939552786
1.64522688625899
1.69329487524952
1.67684775178883
1.69540848935621
1.78985361977487
1.91284976759041
1.90667135651292
1.78350785001046
1.78392536611826
1.81997903517651
1.91998260207809
1.97751108205998
2.05472887162654
2.08382222102659
2.07849045044936
2.1320562479277
2.18154664351408
2.21920732086638
2.18535781646477
2.11591091703577
2.15976655733747
2.1590338157832
2.09087076626713
2.137667278794
2.24860924533833
2.28620999971998
2.41121861268649
2.39336065119725
2.45431871236473
2.40792662717521
2.46191293184321
2.47280826557537
2.42128804143948
2.51746288453462
2.55849422120218
2.52285773940143
2.43920363446637
2.4159080895939
2.47593572240771
2.44370764041942
2.45806832555493
2.47325991314804
2.35470700615394
2.32038516600158
2.4398351480489
2.48882625323331
2.40846466393998
2.43020553295825
2.45374328568434
2.44187350117274
2.55684253062185
2.53974792047438
2.51570789474786
2.76603850883031
2.86248585975911
2.93120318075601
2.90181416354693
2.80403958608372
2.68383473283504
2.75297660498781
2.66712528084385
2.6195418847608
2.67267587668329
2.68123881682923
2.75442590402195
2.72250515202797
2.7301683974804
2.74250275900924
2.7187597811472
2.76327746999032
2.91746917430674
2.96201022633484
2.93186264119443
2.81134859027779
2.79608458786202
2.691102449711
2.56764919918207
2.45646155677204
2.35674157215147
2.31242667174121
2.28371789528909
2.3555039006278
2.29127933588028
2.2589390039903
2.21859090338032
2.22624670497293
2.10704830261419
2.10701055883327
1.96882347280462
1.80628412189303
1.78278230211035
1.75257726857281
1.71252351715632
1.71662259730148
1.7012692622322
1.74962877725744
1.69314891451721
1.83652558265326
1.84950157691423
1.88626414471804
1.89515215021512
1.74791165989385
1.73584901462768
1.63966571348303
1.67578909053628
1.57739301907812
1.60044122381958
1.53782665082591
1.53557778616374
1.50830253084946
1.52941923970621
1.50027704945189
1.58975812913234
1.55404681980749
1.60026077434105
1.57345468849135
1.59922043921127
1.5460709962988
1.51971372737046
1.69408925829574
1.86492610730634
1.96501910105078
1.90167377975706
1.88077444106557
1.67035070143273
1.61350496948274
1.68585137458328
1.59490846692922
1.64402952516572
1.64669657473621
1.58317080087574
1.5425988696002
1.56715691557544
1.50333811317823
1.54182573988451
1.59437869999307
1.60895227917642
1.59316519990552
1.52100421053894
1.53920835476027
1.50522540845953
1.4643025054373
1.47853339135123
1.47076401609792
1.54961497916695
1.66172542422247
1.65701545754595
1.58347707052964
1.53971990874114
1.63611446190236
1.71212951248207
1.61755437802656
1.62590484194688
1.67782042619771
1.70236026261067
1.71330658745744
1.79226681545526
1.8292512279083
1.88013045327583
1.84898838777135
1.909838837294
1.93393830421494
1.92583617074174
2.08318382254177
2.09829048085227
2.13021892232555
2.20098430853672
2.25242806979457
2.20144620034552
2.24507257800683
2.2098347433739
2.30004260835526
2.31564923394768
2.37829593179809
2.20818253204969
2.30879536612772
2.28779669729446
2.41216117678667
2.45909479607556
2.51635424919034
2.54571861781076
2.4156859544251
2.40199807832966
2.52439926549332
2.58872764632485
2.60271384860082
2.64328064849092
2.57326206836036
2.61643814010076
2.57107677231547
2.54071114492086
2.51781855891121
2.69086174658469
2.66731274049801
2.69891156702029
2.72725646212986
2.71859226990294
2.70590266927965
2.56157405336793
2.63208780470787
2.74723449305213
2.68634099684938
2.66715181281578
2.68862562123363
2.6856887172443
2.6807618729039
2.6705572214215
2.69063211136725
2.74241194486303
2.7005735331836
2.72209369783546
2.63135109758952
2.62477535115975
2.58685060478333
2.62048258637964
2.60699503697565
2.57662775179911
2.7052007472966
2.63965191606672
2.62779836329128
2.53281099388282
2.49710298462175
2.29463068835798
2.23920042041425
2.19299307547434
2.14963323643734
2.00595853486123
1.95166892124827
1.91107215618952
1.91167642679142
1.88473441754324
1.96236196048074
1.91380707257397
1.80068176800477
1.84493724800157
1.77651606320207
1.86373406862651
1.77002807595785
1.78476058524045
1.85246161600815
1.89823024072423
1.80998250985854
1.76615581092125
1.69955075274355
1.6507541615828
1.6578447811681
1.69548312524756
1.72300124854934
1.64505419528656
1.5746149300128
1.5997706243427
1.67139524328297
1.52945719898654
1.56079959072805
1.56727103086724
1.55570884591213
1.48548479935888
1.51669308984827
1.50801814369731
1.50317903786062
1.29020573497218
1.23009364998773
1.20757355328295
1.20219638384486
1.20157722534863
1.1323183422169
1.09464026395612
1.02047443425445
1.07825390523161
1.00582303871865
1.02258687485813
0.922442541763029
0.921245588431653
0.831032733992531
0.662202342605262
0.705659865720668
0.735623190376342
0.696695176246305
0.742816435954927
0.776001413386456
0.799158884303853
0.75912828928479
0.705043949646396
0.728332209339174
0.707798738673844
0.583939012862084
0.570658403221987
0.573587028110282
0.716798175017567
0.731469414887053
0.897079808279354
0.90737220371011
0.960372182951394
0.887515870968959
0.822721944774977
0.875241811981641
0.873938919247664
0.928062986480332
0.925601215069706
1.02630843518586
1.05994042225886
1.06396334521845
1.05369414051505
1.02721732579206
1.06736379727307
1.13568399718134
1.17143340118097
1.19254960443951
1.07832007695164
0.973978981243351
0.957768088760841
0.891634854679286
0.797619259689365
0.827061116896145
0.941572103320212
0.926066452269595
0.986976526273638
0.900968706999524
0.976988748178624
1.01353942456605
1.06238072478962
0.987483144498808
1.11603959226491
1.06694996533936
1.05168932381228
1.12772427916372
1.06459582072995
1.15442456037661
1.14469504984011
1.31683816307819
1.32627961768149
1.28270289439036
1.33845763902531
1.30166692090535
1.29407798652147
1.28410015306024
1.25779219925174
1.35088402006966
1.46388353021245
1.47778995289901
1.3645189181223
1.46547115580271
1.42320394884205
1.49973058350777
1.6930511772796
1.73861784061954
1.78424407828571
1.73448728319082
1.81762774788932
1.78052411973133
1.74564222532821
1.94835460415849
1.92846182930198
1.88960166860188
1.84425354024887
1.85648454936287
1.84230991451241
1.79483608338624
1.80426593779536
1.82496992596692
1.82351967475522
1.83987461275433
1.98948438271924
2.09315003234117
2.07601536778903
1.93791313758201
1.85307409532151
1.752088706368
1.76131825385639
1.79995325065807
1.91329878150474
1.97482304207205
2.0506030098366
2.12919241934967
2.09883175228214
2.05699664459208
2.03449970573636
2.01634357694949
1.99780004828235
2.13233461333956
2.11179285733543
2.13290905877498
2.07449389284867
2.08495515562889
1.98209408728807
2.14125626868722
2.23082513372866
2.28833310039701
2.39607135391575
2.38702890114464
2.44266611644985
2.34027853709203
2.35436869560757
2.34641887941978
2.38301758056669
2.37606602412858
2.32314719111354
2.32785882884902
2.42819358635782
2.30952223610601
2.29059628032708
2.24773141913443
2.23581001047005
2.30616321390848
2.10884945974163
2.13151857891737
2.0364351457151
2.01572784121304
2.06933207207241
1.92327835810991
1.98773622645197
2.00008476487976
2.07106706094627
2.04612160810547
2.05204506951788
2.08705443917955
2.1476168589195
2.10813256809545
2.02482820054168
2.0076438633006
1.94984618581826
1.84909092435346
1.8033173205747
1.75572258199155
1.78638787740763
1.75535673032685
1.71636416368145
1.7751965689782
1.67865624520439
1.76728476594663
1.72275442327983
1.80765635749524
1.76086128687018
1.6496431003746
1.66269029738265
1.58150997408283
1.5422541654521
1.44685786688728
1.4420850047216
1.3660500224318
1.29142888139396
1.33248261543115
1.34575664096488
1.3531154343077
1.27976905333353
1.24995967371571
1.29141898619106
1.25773239437499
1.19009756633336
1.06265688111186
1.01017174592532
1.04231542031933
1.05041923627112
0.996346484208804
1.0321422622573
0.984613834612173
0.930597327674534
0.966835095353167
0.967988946370661
1.11782390635932
1.09212685722149
1.10993537259836
1.0721248437562
1.0367595085325
0.911012485949374
0.892791758251353
0.925129167617404
0.848223401550837
0.960069025290995
0.848410499970624
0.902577629637812
0.926801271955553
0.867354691478415
0.915232514171008
0.914293527556862
0.868193297759988
0.895679479862257
0.855074783929671
0.864053345193724
0.920667036526004
0.851287335584084
0.866431112444126
0.881832149528328
0.824169232569701
0.806832608941604
0.742402706465546
0.831245158307467
0.837031797462136
0.726203568029061
0.722617362651391
0.66598866818966
0.61328073169927
0.569011963449961
0.542165971100644
0.552494424306899
0.53637906985123
0.568216818902236
0.698805772233982
0.761341507019786
0.780918161498673
0.670850706214573
0.680793074954587
0.693068546319328
0.689564176754726
0.680738253650151
0.611918063557132
0.632668846198323
0.549932482828787
0.508144017736834
0.55234255775243
0.514954040765814
0.544777983955429
0.61290995964453
0.624668338045373
0.741319635617879
0.768385177935052
0.714726792546053
0.712057940404489
0.771119136824627
0.893769529307734
0.862598639660229
0.991344966342461
0.994647594900532
0.976049915927859
1.08147444457506
1.14274772694908
1.17215232662909
1.17910136195154
1.16605747700402
1.26116854715228
1.3447459078371
1.40710720897395
1.56434950753544
1.49809571032995
1.49623749530717
1.44292620153023
1.40730093363892
1.49169297390297
1.57880837793375
1.65862785981586
1.75366819501061
1.90491868629175
1.91845091366556
2.04316162365698
2.12102923488337
2.11466039778426
2.26520724310605
2.20004910960567
2.19018052100348
2.20866947624164
2.26644402080222
2.37877073865104
2.45743452601935
2.48622887533673
2.61257924653697
2.63664358689312
2.65942297943199
2.82391434127332
2.91960667365116
2.96871386084745
3.10423538783861
3.21943951263586
3.30672919209682
3.34328217918178
3.29542279317215
3.41525662555036
3.47687291118733
3.56765152878224
3.53968447798662
3.49538758754082
3.49980123949613
3.39153914895826
3.44158223198304
3.41904295015725
3.28442040232735
3.23378776008719
3.24507186541804
3.21374884365737
3.2178945832062
3.29225518737003
3.41606267461528
3.44180048220477
3.49159370404839
3.36966933394668
3.46029061726535
3.39280876505258
3.38293551438569
3.51157694922386
3.44533210627361
3.41409580253236
3.4509353762425
3.36483914892059
3.37070669588073
3.41151391010192
3.4467059317945
3.37787815632224
3.26285140629136
3.17038352827593
3.01819141396091
2.98458978026317
2.93237471301207
2.90404007643145
2.84405009229936
2.83662420214591
2.76593739012768
2.74925964450628
2.69992312812553
2.57182572151255
2.54877446868219
2.54141081307849
2.61369995888127
2.54258051766589
2.39207338548375
2.39108998299673
2.24517366028812
2.16675973064996
2.10339778498622
1.94926831062948
1.96735327555012
1.83912953201052
1.82495319516532
1.71755760077299
1.60953623872684
1.50569670977423
1.45963680854337
1.43186538822198
1.52647868533886
1.53596816464939
1.44813093231542
1.42496681971749
1.30342807200121
1.28381338785725
1.16844973185313
1.17007549465627
1.1294157746593
1.0271887327218
0.923797906902571
0.858113269486043
0.658039241989861
0.5234785856662
0.44679364661247
0.457824086771247
0.423342404388964
0.240794396170541
0.227350566932905
0.332157649689605
0.340980619511428
0.293793246057169
0.279105810086656
0.265678356414187
0.34658964308161
0.397689463497655
0.335867829412166
0.396060747699027
0.447247776496684
0.361207537507483
0.301060640976234
0.172576687605143
0.175152530696024
0.109208466969564
0.0397709238248984
-0.072117785071969
-0.121947686938307
-0.188549318708954
-0.270756120567455
-0.24702578196115
-0.260538192212526
-0.267918556481895
-0.196456090002428
-0.146477411214924
-0.173071775604873
-0.212519590374296
-0.102793005960864
-0.105195146560955
0.0607746213124319
0.0573013251167631
0.145375365419513
0.299513050919022
0.334876739521242
0.328766162235689
0.222314237512284
0.166097607709343
0.203749235739755
0.217996627604842
0.307799019143089
0.275973136900367
0.177047200641708
0.0615577164837934
-0.0467599930748011
0.00119400103180589
0.0080362405948966
0.139205233167823
0.233907951567513
0.23572736912042
0.192074488652733
0.238387777175255
0.25972262190378
0.132626236810083
0.179598485887021
0.222523020833654
0.271397460349299
0.518314214697035
0.577519128620965
0.593470080778166
0.643978479076518
0.649108969464591
0.628921522293182
0.735378428054665
0.740407888712909
0.763197872589972
0.868510809135888
0.915925023086789
0.947236021938682
1.10283560314919
1.08273756778546
1.17317061357073
1.17963395491775
1.21499069888864
1.27352441457394
1.18346644258525
1.32064115223238
1.41023952366194
1.47473186529427
1.52769177806359
1.66381743123725
1.73203740380948
1.74391492685651
1.72670984763328
1.70383055347912
1.69680586527738
1.7291042753758
1.68325020052698
1.79875483869526
1.97866699386956
2.19074597784264
2.19621982880243
2.20264229613236
2.2251263519058
2.2640701269599
2.43434068352149
2.48008848904307
2.51927227700456
2.64243887059867
2.65765114736028
2.63999625730124
2.70591154207681
2.73377945325012
2.72764002944261
2.84194271547613
2.78893580320238
2.83754203915358
2.81129697704434
2.84690796716932
3.00924761578659
2.87455600673325
2.87971345563497
2.90280796507862
2.96305543446977
3.05755737361768
3.05219198372388
2.946096431302
3.05554253867266
3.01539565923072
3.10909442299071
3.14564513709196
3.25486515628221
3.23439580793081
3.16541349893627
3.17243507238181
3.19384249121184
3.17710050017031
3.25753388657015
3.21545863275829
3.2941259902978
3.30400288935228
3.33609523906019
3.44712969767794
3.52773054425161
3.57250913527024
3.58435272996935
3.52653843340651
3.43222643268142
3.45839864721414
3.55452343164783
3.48717660422383
3.50078992916175
3.49681669254036
3.44779982660254
3.42515545638123
3.4806751785237
3.4334579311288
3.50507932605511
3.65567591510542
3.70656176738765
3.75295949135086
3.66050164995513
3.74056116643757
3.69641817864796
3.67057040960933
3.65117426918466
3.5873487617905
3.52554142446077
3.56277589180597
3.68118242116486
3.58795818565579
3.54359996768333
3.68023708331388
3.60384822516136
3.7050963395084
3.72595923471362
3.58902679161022
3.50745683129909
3.52758423200813
3.55412082871885
3.60417150361897
3.64663156044436
3.65655377902491
3.66781942059404
3.61932159007669
3.49456787901902
3.46777912947165
3.43273427749619
3.42907623999281
3.47863721378291
3.53965190996455
3.54216170567772
3.5148945972104
3.52544413463198
3.4440309108292
3.41410523304866
3.27537390402184
3.32942749135138
3.29769288446534
3.18426944298291
3.24218456958058
3.30698331268088
3.37883422887106
3.41497948427276
3.26071293723087
3.15522054909563
3.024929348681
3.01883204990975
3.0114053104407
3.06341026951922
3.05135258779297
2.99942555399293
2.99863630597056
3.00327577398246
2.98507420393949
2.83564648874565
2.84591910701247
2.88225625590097
2.83113856877615
2.84148053210981
2.74912191837834
2.58688533290281
2.52136787482507
2.52212775334853
2.60812567147696
2.60579302379222
2.53916965789738
2.54674034661324
2.44204816631567
2.44989374052703
2.43674714639898
2.36456282345106
2.35443429028037
2.39085420870917
2.39678264583248
2.33084469196778
2.21451252520583
2.128451626524
2.17336931279182
2.01015927445715
2.01285109695291
1.92617274533121
1.86690829865459
1.90552009915326
2.02215857053157
1.9800453750738
1.90085494174781
2.0584047845803
2.01371879439411
1.88453304605278
1.79640773981087
1.70534049611539
1.68228059533072
1.59759384431517
1.56972968591445
1.54847937982562
1.54428426577299
1.47314300871515
1.36765288052195
1.32569027328325
1.20208707431184
1.11567862492622
1.03430461328928
0.947639548596439
0.919358218437945
0.81582162862811
0.605094664102934
0.584965070100496
0.51483199833726
0.525786711568073
0.494190978618601
0.58095874323211
0.520098267223021
0.521020359080624
0.475753315789819
0.441048590561987
0.453622295717418
0.429365554183828
0.286369528074732
0.160455125919814
0.136014570110607
0.175250612468774
0.267756505748786
0.364995513988118
0.377317587926702
0.341900865668256
0.405097308817311
0.366369656163591
0.417197653907833
0.255068740595741
0.248771159754271
0.206834982547337
0.381784396751523
0.440964558902206
0.384401900398209
0.343767076862422
0.214419098160138
0.1607352449885
0.246794488028224
0.297390641417436
0.301873782977805
0.189564531432806
0.147648290947473
0.0487969320351644
-0.00159894980511166
-0.0132675431367206
0.0403405431957287
0.00559760414157573
-0.02245037283063
-0.0709754835913357
-0.0712370871154355
-0.107603997921335
-0.102871641074369
-0.0643701888066226
-0.0512893844037559
-0.0901564191297102
0.00763056433559517
-0.0277083768935911
0.0335411758732997
0.052145155717328
-0.0278157680497093
-0.0806389397555982
-0.0117244187054921
0.102703001673193
0.0229214233974442
0.0214436831706175
-0.07252358397029
0.00930541717473621
-0.0509088564737346
-0.0865916548734498
-0.0600120823311165
-0.0391459931877765
0.0443436533959694
0.0337269262678828
0.0763547708884522
0.106303784274102
0.109889877646491
0.22816832005145
0.418508969672149
0.534314902599247
0.68368031917914
0.716961227102188
0.79976917819644
0.874872201581987
0.817841137734666
0.785256644335797
