0.894366276722475
0.91441699288996
0.888286805031012
0.899842457292369
0.953250473445887
0.926329849190811
0.953871691466829
0.818689216349481
0.777538070752011
0.634127944105024
0.600060601612158
0.536178682096683
0.591971639494473
0.515242634088687
0.48712344766535
0.463864295251377
0.479640406961845
0.479735987094606
0.439953467724496
0.361777530577421
0.315067650715579
0.315639442459457
0.383405375191561
0.398253339022261
0.26997410056814
0.292363721329766
0.175405281790032
0.326701253103586
0.300644394167753
0.278717819459965
0.217595419476353
0.169211702798815
0.129803342168686
0.0653051991880349
0.145876151825639
0.206089405256591
0.160325070181798
0.114208929264714
0.0830942867549989
0.0751598686208192
0.104991212449429
0.2053767271736
0.176777005085287
0.336097989017619
0.42079503413404
0.450560533165887
0.545186906645731
0.499413303045071
0.566521619796572
0.635026728761766
0.590668956393281
0.689809625460401
0.720359588378647
0.661545121788424
0.724628250748075
0.707762668058804
0.70928100792987
0.656300297846693
0.715798040375984
0.703502444626767
0.831695249396838
0.89016795658211
0.930474359672324
0.93487854612471
0.916241209441944
0.936127863954923
0.997042421934205
1.06613945073725
1.12631571956022
1.06354549136883
0.95237208169559
1.02611169250159
1.11403203164965
1.09616083538479
1.04829294802589
1.05805281559344
1.04991429020591
1.05537936425098
1.09785020815157
1.12172038830656
1.23191052455611
1.24460649286334
1.19161599165441
1.18759659376696
1.21544295798205
1.29873755398723
1.29258327621635
1.22626828489588
1.22196252600122
1.22047033037922
1.29145867948662
1.27607786823546
1.30618939977612
1.31024892978937
1.32446525437392
1.30033944395842
1.23331262938229
1.26365304033081
1.27323051154293
1.25585760865021
1.32089512414124
1.30782944372885
1.32829051433738
1.26109973842661
1.33724336970038
1.3076141629469
1.31487808189481
1.27298269729105
1.20623882481714
1.15326401098952
1.08988293677291
1.11045302544904
1.16379768212163
1.19389556817715
1.2143702955837
1.23266308827837
1.24418340375487
1.25182705245639
1.27772240513168
1.22878816874126
1.24278039965416
1.33002771411565
1.3472209622284
1.39998816662773
1.3766685214913
1.41824803280089
1.47082704656744
1.48425921074739
1.48308035087627
1.48389805052962
1.46721663995081
1.47560868213022
1.45075610601111
1.47716463469256
1.50410693803641
1.50313420799876
1.51672380187013
1.55993802516166
1.59575560837227
1.59120489329103
1.65427176131937
1.6961013935739
1.70684588227723
1.84885737900462
1.99607445687646
2.09418630824494
2.02308730795576
2.0070388312364
1.99891380354787
1.97801764636828
1.94441789896501
1.96825580770154
1.93343798341104
1.9170311595062
2.00267675032454
2.0068593891893
1.99586905292092
2.0242655000843
2.06659876707818
2.04837635959264
2.07061341682213
2.15623793454585
2.19375429987232
2.18168814249246
2.10528098282622
1.99960173025014
1.92250853954985
2.02953702546361
2.03023858792674
2.09527256903362
2.08033020425151
2.10691817746199
2.06076266947919
2.05727514218184
2.06126449864118
2.09147214713374
1.97067242952222
2.01603096115837
2.0693200888799
1.95208304510269
1.8190233070851
1.77864953198986
1.79469397170944
1.78224603163303
1.73220523904614
1.6859764472597
1.64291315656269
1.57507127228858
1.59911989519923
1.634525214403
1.64667222879595
1.63480682662194
1.49749188020351
1.47640239486407
1.49272936601917
1.48270485369629
1.38680974371593
1.24467451663397
1.19412019190567
1.2035812238407
1.24025261662074
1.18198275390343
1.1962039646679
1.17598250811216
1.20891497648691
1.16898978255602
1.23587166848133
1.1163458450429
0.967678770920674
0.87539168282483
0.961271223471262
0.976707403337559
0.914500538363904
0.867704684181496
0.951470636898968
1.05121555610014
1.09652076782156
1.20909082693748
1.21357482377883
1.1830983409904
1.24328775771179
1.22772458259569
1.28685643863661
1.24772079545808
1.21295153081335
1.16056306277861
1.10623985339893
1.00662389729747
1.01874906530829
0.918892853906554
0.833485263945442
0.704560645315337
0.704042059457421
0.588161652255477
0.558366720783505
0.588553219668311
0.558640646442186
0.557055248915294
0.519468118416616
0.460956078125684
0.55532358143849
0.509125151929894
0.314672047720906
0.25649666177136
0.286457375071865
0.29792189061609
0.358116892243773
0.412232275621558
0.515411429364762
0.400052207554973
0.306460608388586
0.202410045930873
0.244058422287065
0.183047680455546
0.188620804555075
0.285696166477152
0.178153146335302
0.154872748452063
0.20296330878366
0.16422037515362
0.0738826720909893
0.0232393171838282
0.0121548118913433
-0.0533974446788712
-0.0909349579083508
-0.112188783383644
0.0402437321467901
-0.00502169185218726
0.185853119559382
0.239397443481536
0.165555009418887
0.241538146608624
0.39984579731606
0.394933093462613
0.454595470330592
0.308311322316334
0.358583293687423
0.436176609651914
0.532348582995182
0.502341540403495
0.505447800997893
0.497065807074733
0.557407205350324
0.764252415196155
0.653261689243294
0.595115456136184
0.560991572866845
0.641737883657528
0.641232768774956
0.69345662757343
0.792820175139882
0.865438812079534
1.00030768978236
1.09361685038656
1.19036640564845
1.22337974650093
1.1783928784307
1.17684360047103
1.13381186920759
1.22295609094255
1.3411295123192
1.28190977426691
1.29156599546519
1.34626214381087
1.32620458826081
1.42983776924452
1.45700462570184
1.5060989753552
1.41472205788065
1.45274001367456
1.53786365925234
1.43599957880457
1.27395824721566
1.30858416087965
1.37290016199236
1.40731005129524
1.36370607962163
1.42970559351423
1.45802337945468
1.2922175330186
1.1202238049659
1.15524768412302
1.26986738309698
1.30034918162314
1.39182351891871
1.44058153549395
1.34408285762912
1.26340472304878
1.20423899891371
1.20722230832491
1.16837821028905
1.07865245665023
1.14023251190889
1.18794052836494
1.19154800944389
1.13004295241932
1.10010141103886
1.05977552932744
1.01910178666213
1.13785438090434
1.10105595939987
1.12550619376498
1.12953677112446
1.27975762070138
1.32248864690485
1.45163983969028
1.52593691657461
1.55473695858826
1.53342633102856
1.57473078169429
1.58676266591085
1.70319951158962
1.71703239575857
1.79545867514294
1.82763843353896
1.95585459126986
1.87670065830037
1.84758086447252
1.82254697640279
1.88705489125288
2.00068276148448
1.96996463715421
1.95330614783316
1.92086415807496
1.95505445452491
1.85165572953203
1.9145108395381
1.98967105745101
2.00269844165628
1.9736913476895
1.984442514263
2.00783182414133
2.04256040157337
2.0639432202475
2.08842002369839
2.07820803691944
2.1620656775981
2.27573352097405
2.20385875118054
2.25696358838753
2.31695692998139
2.28956108446115
2.29307886751767
2.36846664697643
2.38133867226744
2.41570894394881
2.40557187078777
2.43268201903621
2.3927651837714
2.28661874188259
2.3686824835431
2.40690606541581
2.52228348938212
2.51814683940494
2.52668182957798
2.53659003443598
2.49312805766487
2.37862126076099
2.42154038851446
2.45824091347113
2.39143194162526
2.4221598848434
2.40510675505265
2.3335837263972
2.23700741066858
2.2406584618154
2.15863168833132
2.19435270557126
2.18768627909662
2.16342946556844
2.14119745408076
2.12385783201838
2.02503382625331
2.06193612262408
1.98533657945981
1.93304908758319
1.99136878662569
1.95508360635682
1.98749916419868
1.97203311687545
1.98699156367523
1.94701536732126
1.96313706143997
1.96769281255348
1.99937006452585
1.94557905701079
1.93194428845574
1.88590971111289
1.90780469713934
1.87743161135956
1.82847515366421
1.85663294528205
1.85242054533282
1.83068709854095
1.7246450529632
1.71143061974612
1.76031064793521
1.77122458186844
1.72760865497144
1.59629334710715
1.46051223995661
1.5088783580047
1.46250680023535
1.50003512102529
1.44477539337732
1.49846628081193
1.39289635191826
1.46411990449493
1.47104305547872
1.38682440727308
1.39248715933783
1.40465560041438
1.39750308380031
1.43108176775563
1.45712687919866
1.46361902095879
1.5792728302955
1.46913086835218
1.49419663371441
1.46761069178093
1.438492657289
1.37274678843512
1.4104983081625
1.37923177578437
1.30535715638455
1.32396551022922
1.36102524338048
1.43441241910175
1.36025088763424
1.34522392669763
1.38640462852069
1.44891872834949
1.46963948741975
1.51883643330323
1.51471047059952
1.62210984926607
1.59428880935638
1.54969493241524
1.55612923984983
1.58307624077535
1.51288624304943
1.39925162502267
1.34906795655692
1.30579646074989
1.37086816671509
1.49109457779419
1.5244515449129
1.50423750724541
1.51885052299876
1.49842629171544
1.44089230340928
1.44359315931584
1.46109924498703
1.42308445580836
1.40946095466758
1.38898778475731
1.42212359310248
1.44623903152208
1.49942030124171
1.46250483281923
1.47498037794274
1.5044806619969
1.53023410980964
1.58328856970552
1.52502798838187
1.49087918541396
1.45376079759644
1.52929398307164
1.57264344103652
1.48776037478775
1.52904062370033
1.49215383517106
1.55698716911491
1.52863504654591
1.55076964091127
1.5418245894686
1.50259783778069
1.36953419736021
1.40050938227721
1.44183820285644
1.46317175962922
1.40020906040469
1.46346585286545
1.37236152007195
1.4655163763557
1.4112849326793
1.44044192816724
1.40877149674971
1.36753474340527
1.36816332345071
1.36379944442626
1.34443411212219
1.32406294447644
1.3779893637607
1.25235807568803
1.25784412870161
1.35062907390761
1.37552462213972
1.33188042943507
1.34656278749875
1.26300186958513
1.14391983531589
1.14041248030281
1.20132162984922
1.22343994768926
1.15912902788753
1.02162312944897
0.975505348953902
0.984957233524365
1.00047005321545
1.12036644757502
1.1397025116588
1.20205535967962
1.22425248914472
1.16325659584038
1.17619487980836
1.2578181951236
1.26916278855205
1.18933003618507
1.13137608270883
1.11046528647121
1.1686032622654
1.16196488461875
1.14984386786592
1.14309949030299
1.11032139772676
1.08518786671793
1.03485981887491
1.00923884148034
0.916719404680988
0.914404845924238
0.907443945988781
0.863262161555152
0.943722079273176
1.02435075946759
1.11843183347676
1.09539581764022
1.13957624519473
1.09813288197123
1.13294845838395
1.16533228760488
1.19840847807351
1.16775498613634
1.09532839914161
1.11124071767107
1.06897830005184
1.02287361389231
1.08112061476548
1.00772915185863
1.12679680062645
1.09645211649522
1.12079369525309
1.13650245744787
1.16813256602536
1.13115745354742
1.15003905268037
1.15858254829524
1.11360312388282
1.00362624654285
0.950493283269774
0.932221434922865
0.941184634808805
0.909302287349724
1.0442498997217
0.955932596992722
0.889957457933099
0.871921666453802
0.812719078278825
0.855714886740076
0.786401513203169
0.871715397276197
0.825514256165236
0.761370439738751
0.778454079804343
0.747901461096105
0.798509188486179
0.683193266478919
0.673600285987215
0.615087693335087
0.624387006789345
0.667743025685683
0.646102607271508
0.648333907713392
0.643750112264506
0.689129375573265
0.763053458129336
0.768769813784972
0.803033208741113
0.856512428524897
0.801272249062038
0.846610185990841
0.730419931093818
0.720452624406504
0.6009029922661
0.681324303658139
0.733250122106427
0.846502618317805
0.76343072619374
0.915755742360727
0.854826929486662
0.824171858421533
0.706245447963201
0.639044989982555
0.682962822184412
0.6258893785339
0.63765927749915
0.582080756564825
0.519211272957694
0.528976495664182
0.626173673435443
0.553493352857977
0.72190171206453
0.796920683927822
0.733533364283358
0.728647824133521
0.682380382667735
0.727122992976057
0.763902282819173
0.769312344144375
0.74090806927107
0.725636089734953
0.753362802977082
0.761054803481448
0.749118170343963
0.774825405441802
0.809104047668716
0.794633194652188
0.857313739806604
0.860058704034411
0.886826559530709
1.00129132719803
1.03800948754463
1.09885283980674
1.18791366735893
1.13327568278713
1.09600986804162
0.982807695358371
0.983829765814605
0.921173905078874
0.875293810186985
0.93576475722229
0.964244933574925
1.01697456659442
1.07533987635756
1.09113437235457
1.16471409768717
1.15266429466475
1.18681972194451
1.21900036356477
1.18232573051734
1.16816569021177
0.999501100193223
1.13724242292735
0.960722685063174
0.896457974152332
0.982818382047529
1.05648544998974
1.11532921581645
1.12770842659614
1.10381645785165
1.16539970903
1.26360237788419
1.31677106090582
1.40723438554465
1.39100237716719
1.48127108838036
1.5204313903974
1.5230491491032
1.5716904895089
1.56439987166106
1.4137069132767
1.49588526164764
1.4757424501395
1.60249698120879
1.67889015552074
1.77510475842221
1.71577296893225
1.76817584981881
1.62438618328742
1.67874547134389
1.67186081671231
1.66924446146305
1.63377980383401
1.63916538776291
1.63903614895026
1.71442010315721
1.80665303841002
1.71505020685353
1.8137713318623
1.92838519343728
1.90588613898977
1.88131471700803
1.97884195306691
1.94317496134241
1.99285926042987
1.85324458986583
1.85905296886612
1.84619360338823
1.97669793820719
1.97810326055798
1.89796445557402
1.88933000941447
1.90436194531752
1.78542060878944
1.89704174314876
1.74840391628186
1.84645140332056
1.86337490031798
1.89881692099418
1.92268338186178
2.02923769511151
2.01490213727126
2.01829092746696
1.97672319959366
1.96914399870025
1.93735722204923
1.90774936317487
2.00768127628823
2.07641103470919
2.12964577919333
2.14956377336944
2.26709059198854
2.32055637512655
2.30533362252242
2.34008636601619
2.37373366059719
2.39978560992068
2.4317252333284
2.42444244357729
2.44189599167304
2.4099235947682
2.31388865024843
2.38451637976573
2.35522898165956
2.40524265987457
2.42480006006027
2.40300284101257
2.38047998540922
2.40605293814862
2.37157626546401
2.35814522940334
2.33908936552665
2.34513773291126
2.37326045298152
2.38610937711679
2.431288863696
2.39278771822179
2.41853929044956
2.41571747496789
2.32402884665792
2.33998084990509
2.38047989892199
2.32899980723312
2.27382620722717
2.31662085585128
2.26187466341297
2.33319930989541
2.34245268091013
2.38827416967205
2.40115203832372
2.41136470327394
2.39367694375016
2.40060594807816
2.35981522723532
2.36837193268423
2.36791888599297
2.42657171812682
2.41475913571703
2.43953089192801
2.51391567232506
2.49173682690847
2.55061404574
2.49733720204003
2.51145651925847
2.4722351824515
2.48759937846853
2.43838231773085
2.36396986322145
2.31356808665406
2.26657530028087
2.22962275285017
2.25091213456229
2.16254029934242
2.18812483376921
2.17171736922661
2.15711189921483
2.09832496569472
2.05998115245195
2.03133305942271
2.02703879568733
2.02029881473265
2.017182759652
1.96599046556471
1.95303636804942
1.98669080235779
2.00728559310722
2.03421391277281
2.01152573977109
2.04580421106758
2.04726685607142
2.02701282801688
2.02729734706838
2.00192746010443
2.04055521125159
2.04189926324531
2.03115675096305
1.98285264007663
1.99383146121789
1.9310534469728
1.91893917195461
1.91543311921487
1.90733396376731
1.90473442642607
1.91175420124312
1.97511213792308
1.9256546023903
1.90950497373743
1.8366654577673
1.82661433346502
1.78740079726639
1.75072249652143
1.72166247613716
1.70845962762972
1.68462411070718
1.68619647888898
1.68200540859668
1.61532845085121
1.65697094108913
1.66705716984305
1.62887120623657
1.60556526087958
1.63946229431896
1.63314676177192
1.58695158547398
1.62240527230275
1.65979238048325
1.65297911505703
1.66526740102335
1.67250687587631
1.68146772629892
1.63381014378939
1.57086522056013
1.53840396854428
1.51506065310608
1.51229354598834
1.53608779600534
1.54022203844757
1.58115108098187
1.62331484396938
1.61538506848116
1.57584668867499
1.53080382643013
1.53142919737619
1.53179063163034
1.50102688397463
1.53712041227404
1.5444485169022
1.50440460553577
1.48034153105969
1.45212376196398
1.41835323521175
1.4132773358074
1.3593278655225
1.28494278639854
1.18940052260714
1.19487900975834
1.27565862685589
1.33723783282579
1.32658338226439
1.32127294644997
1.28803734338537
1.27220461699695
1.30228206358913
1.29871639554221
1.23356232196957
1.21183850855018
1.11759129523326
1.08346442155731
1.02647889061135
0.999605158786816
0.974018233703577
0.940912984918288
0.950427580319278
0.931722388819504
0.881454593127628
0.866617674494386
0.870593487438592
0.881190409245861
0.859291072208642
0.83819342969455
0.832251432224519
0.833920776053032
0.776581918090224
0.789242217665748
0.716399743142561
0.758035618457424
0.706248212039918
0.68633963252237
0.668604317370899
0.676049350446032
0.697930781113755
0.698024453267472
0.712525481368889
0.694529945754138
0.677419203303705
0.736547046164923
0.705166862186644
0.702289269911907
0.75394233879169
0.694225695118519
0.611637118585105
0.640516053151706
0.679401556577497
0.659512189104189
0.691313903623399
0.690760038208807
0.708595108014644
0.750738008095516
0.710680740272697
0.662991599679504
0.647153485498826
0.617106996517994
0.620769083894809
0.577148273318621
0.606846530160211
0.668083546084573
0.717416849506021
0.751235186610066
0.781775144776067
0.720125403794308
0.707985346842977
0.715788558129462
0.770119987499037
0.799354375873661
0.735785361808675
0.642571754972072
0.687615446850932
0.673762429977847
0.649607152259906
0.707659165048123
0.698956395294925
0.705188137120176
0.697905772265613
0.755942227736631
0.797971683592549
0.79323652068656
0.783565255746128
0.72869132310644
0.78073396284814
0.862005314359063
0.857908632756281
0.812329061842276
0.836741971318172
0.824490562938328
0.84822703105365
0.855411834878428
0.888314878156697
0.911262651102636
0.913530054891116
0.957322316791151
0.958429318760345
0.921946206962269
0.883303209419224
0.886041348613998
0.947607982101012
0.940609603395451
0.936547356675678
0.976672781524685
0.884113391283886
0.912398804458765
0.92023636249774
0.898625758551794
0.92960222416907
0.90758335841927
0.966151570941605
1.02427814355592
1.07583951757164
1.0836248831425
1.12333817815868
1.15603299572652
1.16249111347896
1.18976894940131
1.19945457193382
1.1803530810752
1.13263817762729
1.17569238722612
1.16316772414161
1.16409815091839
1.18433652813275
1.23501729910922
1.23141559316546
1.25272123574421
1.22292471228102
1.19843512697632
1.30624426732755
1.32178164915822
1.29440290266247
1.31630712797248
1.28822781815677
1.32874660852728
1.30708072686037
1.3213949673198
1.36342448280373
1.38845436726748
1.47157015284927
1.49203208444619
1.45672216140545
1.4540846188861
1.44029483129796
1.43040012644982
1.48787737203243
1.50966081990902
1.47550718097034
1.50750944477499
1.46545215931348
1.39604631327214
1.45572648173647
1.42822883379571
1.44058048252899
1.41716409465933
1.43305941147652
1.42834129915462
1.43933282823715
1.46518505611497
1.4459352795476
1.51133321952135
1.57224426809951
1.63315089895305
1.60451982404355
1.59969561775834
1.60770290317389
1.63782187791145
1.67978688533429
1.75516357585979
1.79356847470889
1.80397026740781
1.81767297192642
1.7646739813869
1.77103182124198
1.73763435138987
1.71399723860483
1.73286796923596
1.72400672396656
1.66026783172556
1.64483639893836
1.52486362769695
1.54008116114721
1.54777807060235
1.51686738414081
1.43970344051788
1.41920660613934
1.44572297378405
1.39719439300344
1.363362556157
1.43901739377022
1.43953403855391
1.4550981336383
1.48044856484989
1.487334457346
1.4288842772072
1.41321874839203
1.34459592060458
1.3671815012985
1.36528543610552
1.37937524963393
1.34792872077789
1.35792173378363
1.33837253713706
1.28958923153107
1.27756652582609
1.23276971534719
1.30165143876821
1.2915427555596
1.24465508113995
1.19322405004247
1.16954508638078
1.21857341849172
1.15742243318519
1.11574451616777
1.07221242743949
0.926542019395227
0.914955014131792
0.910941661227854
0.867437061884497
0.872467023347581
0.850276098514346
0.873188435203985
0.883123696046759
0.875631226104631
0.869651449916347
0.832724831367886
0.851603134985558
0.832186467145531
0.799820536337738
0.690069137757569
0.658894837037385
0.576159006287267
0.616137963557524
0.582428624062409
0.545851829547216
0.528921690395352
0.555336027969957
0.571861065275964
0.552217984251524
0.537373162522745
0.527879020082257
0.569131628000167
0.599658830974308
0.528235451384739
0.51597499954608
0.600523237115744
0.591043492892247
0.546459369237796
0.519169504110888
0.509100725144458
0.488106643441936
0.474455875209853
0.393205683650843
0.41271742949133
0.456425830297625
0.422783328142342
0.374846215100458
0.285692573428231
0.172431910385582
0.177070354232829
0.130918825507168
0.0973046041047775
0.0778584207983894
0.0651923808292486
0.025609571403537
-0.0360852129518359
0.0377119752333041
0.00944692731031671
0.0665826439719973
0.0682887749605048
0.0916787758007807
0.0265653749663038
0.0842785367174289
0.061637813535381
0.0705696343686409
0.074035268993242
0.0615267287062502
0.105604823393151
0.0955420942443318
0.0472856516087495
-0.00780265169500804
0.00942740453164226
-0.0343080901833439
0.0649583069084865
0.0703312380928847
-0.0216457051657306
-0.138141737874644
-0.0576658267514127
-0.0126480971495848
-0.150147326519791
-0.212329684567067
-0.257984380331532
-0.33454371416815
-0.269764718087111
-0.222218523251901
-0.206423041047166
-0.223934687693938
-0.217852764272515
-0.173766002300242
-0.126834244038671
-0.186252726664456
-0.209962188835938
-0.139162139371601
-0.131708863430331
-0.121559265290801
-0.241882021473744
-0.218172893345551
-0.185769375807763
-0.143682895332184
-0.0596132902879329
0.0404230931586442
0.0171811614206772
0.0711009140172414
0.0400758534491568
0.0455108921848413
-0.000596064908522598
-0.0620247814745711
-0.00257536799643954
0.0920421636149862
0.163870918108276
0.127533362439896
0.14215500947552
0.17887177301632
0.232902227383641
0.248141426870129
0.34316969785707
0.415815213681452
0.34803094513933
0.314331888414753
0.223397840684357
0.220524259365234
0.273868364347609
0.340225895204046
0.312179761049244
0.285625520327042
0.238754838518474
0.28330520649677
0.332558201386601
0.331218583129543
0.248719391260962
0.240494229829558
0.28097031406956
0.269763072998993
0.331615008563751
0.385466621986285
0.544767929671469
0.558668017600012
0.615761404050673
0.501542242559741
0.509962152203398
0.524007008052202
0.574885398821711
0.672046140532706
0.624472630471061
0.666011052399366
0.674494319754918
0.668116680390806
0.74004298259429
0.712645055441085
0.767609370145316
0.781530621978621
0.799506871348133
0.749048442747963
0.615097889706764
0.716056857438741
0.738299476689282
0.776836050410168
0.782836373233479
0.810110987804797
0.897210154655534
0.971042505303718
1.06778152938136
1.00502431269738
1.00735894750289
1.03587476097493
1.13014970117111
1.17004812700087
1.18574120284909
1.21728911755552
1.23951850530856
1.22237726117106
1.2133142621626
1.15535769447756
1.19081817366599
1.18124076883332
1.27391107637403
1.28777745571913
1.40962921242463
1.29690393449038
1.30798061710253
1.27686700827393
1.22355876230866
1.21399999574586
1.23336197478514
1.21554114057886
1.27740854148642
1.31629571034745
1.27852307958343
1.27094608585632
1.23030268100594
1.27791565907643
1.31733139745256
1.45764326257795
1.47597803621357
1.44696051884773
1.46298303015789
1.44938130554874
1.42095474845216
1.440278152578
1.51653946029475
1.50928824660406
1.53068000683745
1.51908788575154
1.50885225606143
1.56831035808812
1.57839297232027
1.53122601178944
1.49311973238041
1.49794422914427
1.54966305880552
1.57713099335015
1.53853717327118
1.56473264154851
1.57047417300759
1.57973093186002
1.57951927949575
1.51446690754485
1.53249625094443
1.51446195158404
1.53101454040594
1.51585003834519
1.50427362532544
1.51648508368157
1.47056110881547
1.48751752527423
1.46153090374222
1.45274993952332
1.41965695446632
1.41720887246758
1.4664772380549
1.42760627849499
1.40574674554766
1.4404457433829
1.48880219591972
1.51060068917115
1.50178705603603
1.5017677738851
1.48965711845938
1.49300274414463
1.42234655128487
1.41029828999448
1.46118249418772
1.53281530814924
1.56552471200654
1.61632910226145
1.63882779900274
1.61186434739055
1.58572546017218
1.57312020002726
1.55238188034711
1.57236783752262
1.56470588005557
1.5840033729802
1.62198729781529
1.67712390538409
1.60774083620091
1.58443563379684
1.60576623825572
1.56859579755394
1.59149299686447
1.58987966023504
1.57688539600904
1.61554272602739
1.65958204177969
1.6428103768422
1.63256988424295
1.6184675929784
1.64190138794667
1.63922019847597
1.69868135830311
1.68966925904958
1.67504315737327
1.67051593277855
1.68534156574941
1.67321282523519
1.66844515681387
1.69618226250212
1.70470814887341
1.73429054466651
1.72377936003686
1.71646472578964
1.73579702294806
1.73645666154232
1.75378262599594
1.75327827489541
1.76555772409639
1.76678590096289
1.78575349015987
1.70819151867054
1.68707646495025
1.6937560927045
1.70922044484974
1.75346026045542
1.73097554368644
1.74074033634294
1.73361080503311
1.74021723594632
1.73026232358223
1.70206729651544
1.71525528602059
1.64917054474056
1.65718157268649
1.64846340660735
1.62817973650731
1.61675607286577
1.6155055249951
1.63900824353112
1.59925162047065
1.59783390347109
1.62985159318034
1.63512923584888
1.6340804692777
1.6143876211529
1.6301419469076
1.62648330326798
1.57412329447639
1.57709594312259
1.62048232340089
1.62825020585668
1.65263353050191
1.64609995349872
1.66766342266889
1.71361429860992
1.74923546088966
1.70306732352447
1.69548176594662
1.71738745549701
1.71591199362138
1.69898956415341
1.7003702378236
1.69248782972044
1.77232195899723
1.75294868184384
1.73647687839658
1.69064900806908
1.69265875320341
1.70107268452698
1.70355949694192
1.72325841534822
1.74371288188965
1.7949502420607
1.80645610512245
1.70436041847928
1.73451864838838
1.71252850743302
1.70366985928903
1.67253702212692
1.69406980511291
1.70172859091925
1.74125339862205
1.77428399713981
1.76624868551116
1.71765783811159
1.78330217922364
1.68398587454828
1.69355065518507
1.66543629638028
1.62611127539346
1.63284965444467
1.68409665025888
1.63626670979096
1.56116396051057
1.54315925326768
1.44594406738839
1.39768602347187
1.35061184597816
1.31344723139574
1.28069149513637
1.21220931614109
1.21542518239281
1.11266317918342
1.06853592292665
0.954480051539112
0.986509401904416
0.972712265505941
1.07288492536107
1.05125878877626
1.00226252808116
0.889375784744713
0.947752508575606
0.821265477723774
0.79686517603085
0.814599810862822
0.654936354577206
0.596901006661166
0.57825042531182
0.538822859675333
0.580885387421576
0.540188732599811
0.743176657582585
0.774593082159881
0.893355329264897
0.664949386127127
0.698475881127506
0.789787233033744
0.968912990523228
0.988851850433454
0.963836714793415
1.04673529200077
1.04542137220724
1.08407812474735
0.940202030115168
0.829013796255368
0.798278931587001
0.884631337397221
0.79921014288106
0.751868051954027
0.693516573215564
0.739609368949562
0.624416964901071
0.58471467594208
0.532865709219469
0.558456609202929
0.532567730464265
0.544808928965343
0.829022860762288
0.80117875561396
0.877170227406389
0.894402414203732
0.725850707712799
0.861115533697426
0.826584109787939
0.686443770070205
0.730261445290068
0.799982626068307
0.755534503297788
0.897047565196115
0.849324529140414
0.844373077016367
0.871031773509845
1.00623643556146
1.05728169849886
0.887265001040792
0.821549945048292
0.909987891084378
0.994315790220163
1.06949018678378
1.17493260275938
1.12182394261649
1.27122267065251
1.22800347357253
1.2227819849168
1.16045557186364
1.14088456427335
1.07271367776889
1.11712751855494
1.30669875458109
1.16499000772364
1.27247385725898
1.25743184803639
1.17418225361634
1.19025495094808
1.216944437205
1.21189867199374
1.27161750734035
1.20645390712773
1.20235695146866
1.19507734076895
1.19924993118215
1.14953822298207
0.949918083187772
0.941466159238566
0.937716282256036
1.05329878626438
1.15517409782421
1.22356468318717
1.39911219840446
1.22914157962878
1.45038253219599
1.32899805361701
1.25382734402226
1.16041294835223
1.3031939284753
1.20577709271229
1.11015301142583
1.28292512993502
1.25907449634588
1.24619815760359
1.19135356967551
1.10318142066936
1.14541875709604
1.04397435490401
1.02808979444397
0.968035434374697
1.0198293734392
1.13543087308145
1.19588531375177
1.28972855449098
1.32717673211003
1.40441197858904
1.33528882095204
1.46574827485391
1.66473932053704
1.67210147488992
1.75751167285799
1.80825599377287
1.74007826665015
1.72500033540178
1.66274797202776
1.61602219306981
1.58394366111494
1.62048600226642
1.64383183346677
1.81931175598694
1.8111570956746
1.94782749704353
1.97906934106017
1.93298603712594
2.00416791559979
1.94256741222366
1.8962143286018
2.03369227253905
2.01726523999626
2.04163034418655
2.14784764946352
2.08299627552347
2.15559407741996
2.13522717354735
2.13906808156517
2.0090235956621
1.95128955067229
1.95447320665791
2.0054993713459
2.1524874856941
2.08904234085575
2.10183793557993
2.13906355771708
2.09043661926209
1.99591939983569
1.88224483849335
1.86765532301631
1.81032485988074
1.80924662965598
1.7204463939222
1.71820234309844
1.62677941586536
1.5845875749865
1.45673130317701
1.46004880649933
1.40933111666738
1.46982086252134
1.5012297381589
1.39543136869674
1.38157576643427
1.25980752853116
1.39916054216115
1.39189064115819
1.39766819612644
1.37647926026543
1.41647649204524
1.43875375693108
1.41641100048315
1.52855820118072
1.61624702082787
1.54916272683395
1.55275383039104
1.56940390505623
1.59722896594934
1.47420446454593
1.40319307386589
1.36351031558621
1.48688530589449
1.46319459624002
1.48080836729875
1.54168193334194
1.58907686577142
1.58215522932272
1.53991770120492
1.6590714100145
1.61892094871222
1.62103800293401
1.67188624461876
1.73879297331825
1.68126384766048
1.7283045628098
1.61511002998429
1.64062326080097
1.57263437550465
1.60206988296312
1.63611312696588
1.76746166639171
1.76727921155214
1.8435883073364
1.81142014415002
1.66767816243933
1.6932621971979
1.71360967608992
1.73078132304749
1.79804082051022
1.75911118675002
1.87257224867378
1.86641641155923
1.79522364072096
1.82626825541479
1.9553178463602
1.87540271069728
1.88628228949575
1.89914977343093
1.8600980016293
1.87760027767228
1.94210946445204
1.91877288301296
1.89972212237095
2.01326342205946
2.0807420015338
2.0121497070456
1.97972295522481
1.95132426503436
1.94792329771295
1.90490345453856
1.78472632734624
1.77031240856607
1.70307670271076
1.68616503064504
1.65187279981033
1.69731231052687
1.65918916232483
1.66751736341071
1.75433348377977
1.50868468863696
1.40145359205173
1.33557204629067
1.36733439258853
1.33241623504797
1.3330120817572
1.25592110808599
1.26285502016289
1.39733679833411
1.49229976565445
1.43713744099607
1.50586706497951
1.45295755911669
1.38103131986173
1.3615252819609
1.45983366346363
1.36076719606748
1.35021438916417
1.37322649640617
1.38956189556309
1.25495782974927
1.13646434042148
1.01602653067011
0.939486371005144
0.682661706003503
0.742656242768403
0.913721926813608
0.815596165273711
0.781368949610026
0.724887148480298
0.829767126899048
0.744726273788819
0.868768661937905
0.828844942937182
0.793570580831824
0.75508184759878
0.73539641388928
0.755835745061003
0.96038474732257
0.862577655407334
0.865415868908415
0.842298921222716
0.673176052591259
0.697183405614606
0.719984251453846
0.755199289127578
0.758212314630068
0.921694281284601
0.974998019023376
0.938769926931844
0.939923385588576
1.00268405139254
1.10398037292908
1.08612303922555
1.27344280952618
1.27663977232433
1.09661977521376
1.01186225992107
0.893579588682692
0.871164366090156
0.736596278436934
0.935165144855124
1.01396979856862
0.956823118503445
1.10268444130964
1.12515112026741
1.35382107486333
1.25888975045004
1.13322650533842
1.18461246687469
1.31865119707847
1.36368350019297
1.51586141457646
1.40610271295281
1.44272491113816
1.2874791315048
1.28855792868672
1.17815033184745
1.24534146337006
1.42070129353983
1.49784198963746
1.54746367067582
1.43770884268687
1.39276704445016
1.34344872362795
1.42409122712183
1.62008743503817
1.59227742361427
1.51809525535295
1.61118997691611
1.67099771137177
1.72263537812503
1.92685861721316
1.67571673249758
1.71461869687051
1.78118748833423
1.78697032208673
1.80515530600408
1.74959454924781
1.64711767622162
1.67268011339485
1.58808486672195
1.79877546524322
1.88487529211675
1.80249901542478
1.83495130172623
1.80480309829759
1.98675845145974
2.14208133047045
2.20241350585197
2.25490827251081
2.20225435714882
2.16388848488184
2.13823424324199
2.26178590230271
2.32548034322058
2.22334684160962
2.18524331214255
2.22055544560411
2.260095470957
2.14378250898637
2.13362364866271
2.22338677566029
2.13848773504286
2.30922105159843
2.25319811300468
2.2963705286058
2.21241090597503
2.10407280869963
2.13785975046371
2.29399985698639
2.33071102078033
2.27661384180334
2.13175883974972
2.03497526397627
2.02848983005866
1.92839168430185
1.8351560032482
1.93778148809646
1.7677039557911
1.78934431696599
1.83820033312816
1.87146883906399
1.93985517379867
1.84033717873713
1.75604969575996
1.72095050527799
1.79211062819081
1.85583860980811
1.99233942991388
2.03607536188584
2.20799676011389
2.14828511505676
2.09617768922724
2.05788723228755
2.00915893703585
2.11655891168313
2.13060575772761
2.08340450837514
2.03318594252564
2.08487172788242
2.02034107880433
2.05979548418606
2.08513646570022
2.08839889860113
1.96763440923126
1.99271644970915
2.00054119970751
2.07009995974979
1.97000991875655
1.82746426651662
1.82185749073495
1.76941295665678
1.77440923050117
1.82025639326067
1.85600570678759
1.68172192441374
1.6846128390525
1.72191259010272
1.78817573932062
1.68726965737483
1.47903984166885
1.40478991428531
1.50841458823958
1.32925010130286
1.37846043014368
1.39481469338437
1.44258088551196
1.48320662715003
1.5056790854875
1.4493419453775
1.44111714693978
1.38979443740188
1.371481995961
1.37923682603249
1.38924000572105
1.52324129977721
1.50442741848636
1.40002495654779
1.2850873866782
1.18811634447977
1.30318538133079
1.32145422935213
1.38693030946219
1.44233695347705
1.40469791448195
1.35785637887605
1.39376261568426
1.35354459123086
1.23763878443611
1.17340754415977
1.22244241244036
1.17721038603604
1.07395396097206
1.01241212324738
0.971476192943961
0.883357683995804
0.940917238482736
0.961253268310377
0.958305971009473
0.987665528163708
1.01019160167704
0.780534871692764
0.638633964963807
0.642574513244373
0.555541956190049
0.671959981742441
0.602563397362607
0.71213335313811
0.712132185132601
0.636042030162202
0.611490542906087
0.498909794201197
0.44781745531808
0.426251336377875
0.350698987549253
0.371218710955958
0.40778230988441
0.47099334596211
0.499947518426426
0.524158649011602
0.619300074387767
0.514917386894917
0.599671488667213
0.689956924028224
0.727927006346502
0.558049798356653
0.630966767419106
0.696748982763342
0.645093446081469
0.70658564298214
0.71614466274412
0.814928303014955
0.689884649817185
0.569555099921741
0.569383933475193
0.594392998721717
0.570658502924748
0.605688346661555
0.448726967564579
0.604977418515081
0.356544395142494
0.424392411127166
0.412431375331106
0.395873730603071
0.701214339452311
0.765210517459667
0.791649799549996
0.807674723987815
0.850585474323413
0.835692903299549
0.820612701751169
0.785048838206363
1.06780447175561
1.08352154452596
1.06674813709839
1.0496727830812
1.19245038489147
1.24384783784449
1.29038982618714
1.37282400898492
1.69437731645194
1.69685912454552
1.85164217715677
1.89112097332079
1.8625673445184
1.86096332740419
1.901488751672
1.97776541083282
1.92497453815707
1.99117902110039
2.00443757928844
2.02900126474385
2.11997741591196
2.15493852881105
2.11877867673634
2.17665190276465
2.31741312513714
2.29118504913945
2.28607918812835
2.11899064181135
2.00530160339269
1.82470112237599
2.04927917874951
2.12316350402826
2.126545789848
2.07891655792852
2.11245653890932
2.15009017215142
2.11991963511251
1.90046130138739
2.0092156683512
1.94161213313017
2.05055786212906
2.01068605761356
2.20467429384339
2.20029280998813
2.22570866897805
2.33025673980794
2.26577804364362
2.33950668683095
2.43376913106905
2.43115607341428
2.52348433610162
2.60590202868574
2.69576770835589
2.70499403009672
2.70279103066486
2.75673322363086
2.75068823091962
2.78974830547997
2.83771762426868
2.81623002391168
2.83874741422875
2.8549865985538
2.87282528710246
2.83780551491917
2.79671295602513
2.74535005862985
2.83771980156205
2.93024444322234
2.91646491663946
3.08081619747015
3.10705097138489
3.12402352859532
3.13217779074572
3.05444557366057
3.08346723454199
2.90207888228926
2.84592802104464
2.92250138131886
2.93293055810187
2.84590082277831
2.83611155902879
2.92887459160987
2.91699161433895
2.91112406019349
3.00615027850736
3.06524071515314
3.11003346279435
3.15758734943736
3.11279625717316
2.95736830439785
2.8916052520796
2.91229171194499
2.92459351875631
2.87108353240695
2.89730200223787
2.84466631637323
2.85336739828886
2.88224969467099
2.77757023562707
2.69617392588144
2.75023589322032
2.79496153735562
2.67551702566352
2.72498954331919
2.71544389015773
2.59590229905976
2.49879696032019
2.56871095411344
2.62488163778854
2.63447818777292
2.62260483314292
2.61307170770715
2.61095583899823
2.59452489738333
2.42372738304711
2.50820903019475
2.47825375754385
2.48003643209188
2.48000825812597
2.44899535857154
2.42296986777228
2.37585295658686
2.42425415810976
2.36672872388831
2.2625401248846
2.27824604771243
2.34489606759701
2.42239685344102
2.39806650109558
2.40611831814991
2.42492786562279
2.34544612251672
2.38962051206822
2.36959802805042
2.35816519885816
2.40495712766193
2.32654569202251
2.3843619475544
2.34453035128208
2.24994031238501
2.24102318365099
2.18618927049947
2.11900576456546
2.10346764253019
2.12314376814273
2.07193662868216
2.20367365638755
2.19795485480696
2.14689322500434
2.08762684826959
2.02485799955282
2.00468489467422
1.88359891961797
1.80777671576402
1.70565331025392
1.74430047323993
1.65992642215623
1.62632847243787
1.59189527925242
1.53496391002758
1.60180848689567
1.66805763571084
1.62119987391734
1.73302481488652
1.76674247159343
1.70067129532624
1.61541063322571
1.46211839038669
1.40861450025434
1.39794025856232
1.33776202986183
1.30252866182809
1.36739904682769
1.34023549395142
1.26538698793513
1.11374849413771
1.03520221778498
0.975896746059966
0.90219797079068
0.840404046535971
0.785210026578153
0.759202865122148
0.644272967079257
0.595574305211309
0.548331461412287
0.58116384162522
0.58076251584347
0.474383115231315
0.425132750883724
0.312574120999992
0.320312077070731
0.23282433409057
0.148943671588788
0.102506719016076
0.0921781396746922
0.0259434456218721
-0.0674206417158423
-0.160762947610761
-0.244368416141734
-0.218559765749057
-0.209305005977371
-0.294801838322487
-0.238404825833413
-0.236590124753408
-0.309148768288006
-0.304266878175864
-0.349569405452122
-0.392202366866943
-0.524456878637126
-0.496432427712741
-0.508555419388754
-0.573640634048828
-0.581664205777843
-0.732788520891006
-0.79941984374651
-0.907751587272754
-1.06426939737855
-1.03130821164608
-1.05896192751216
-1.02481261062331
-1.08588760096699
-1.07406795531625
-1.0488548915061
-0.919110731547003
-0.830050186792261
-0.758724001157415
-0.795517104348062
-0.693493860942224
-0.810527171883682
-0.750610419780689
-0.895848985285228
-1.01116075072388
-0.899969359014233
-0.90766814187303
-0.811224692522005
-0.638566972814837
-0.63794715584842
-0.536966772171233
-0.462657474405535
-0.462103154882789
-0.245577000848941
-0.0734138876515371
-0.00674466617338942
0.121072861594772
0.101521941774916
0.0871032960965352
0.057548901983085
-0.0488319709258509
-0.042241044015533
0.0752197222477276
0.0897189401407674
0.124963203454334
0.0401498380328189
0.0811473568068224
0.0518361665124014
-0.0720652160575084
-0.0998796369123418
-0.151178234141568
-0.310443303273998
-0.23124691932385
-0.228610330276551
-0.228013123791978
-0.153187879377211
0.0653779409279309
-0.0179310655238762
-0.0703044602414895
-0.0389210594222857
0.047221250685936
0.102825702028818
0.110062319625979
0.104462007765151
0.0768925846151343
-0.0734305473273427
-0.0620199768420679
-0.0556886317662799
0.0161066309920923
0.116365757718644
0.236411233139384
0.197581977312323
0.313901297558721
0.398581009960717
0.408702075119672
0.624599101678744
0.696604407284729
0.851742952436857
0.815000822377423
1.13250895497963
1.22864936842549
1.23529793174867
1.355617681264
1.39742431081777
1.33365720208049
1.27229621987755
1.2487393709596
1.38967854344283
1.44776766063843
1.6312752326508
1.6749385000307
1.73279797630773
1.89221014949452
1.96099875745087
2.11748956903406
2.19069691974621
2.20221264378843
2.30799576569572
2.37080451452061
2.36481323896296
2.30820458506019
2.27254628366212
2.28816638848906
2.35345715400063
2.49220400934398
2.56542998204801
2.56604690024611
2.46809599363155
2.48256262782495
2.5159119285197
2.48484862810694
2.60169098989949
2.58062615523443
2.64234792155161
2.70157271547016
2.59413547939492
2.54315126111834
2.53067224697823
2.56169279824486
2.56779118664497
2.6363061135352
2.58790587952525
2.59713428954717
2.57544146613083
2.55413999624045
2.54729898405889
2.61658333894477
2.47947584257823
2.43500498611813
2.45545317456155
2.50219851686718
2.55203151376454
2.52659770694141
2.6314532667227
2.6300570095743
2.62622467830784
2.65582925307421
2.66095121518456
2.69354075633761
2.72586284213982
2.70865564359891
2.67916389922975
2.5132023114481
2.52253229305217
2.56306146532796
2.54448990395861
2.59262083069166
2.58712037584822
2.56640852996965
2.58632789392154
2.61056793895916
2.55539199480848
2.60857096023449
2.67269430034156
2.69639642157265
2.66685513383418
2.75995168877344
2.77777966505401
2.81522197060737
2.86947908174986
2.85581820029304
2.82063366059326
2.76020847420738
2.72425516422927
2.80804959837328
2.86436098444747
2.92370559705602
2.97937683761089
2.87167428171673
2.93132825338315
2.92163896042702
2.92810555436077
2.92255866201102
2.89368822765717
2.93708821426198
2.94612238676647
2.8830353337628
2.83024778146169
2.87983976055007
2.93484259976408
2.91452613888249
2.97687120821584
2.9884126891292
3.00543792341288
2.93799685458218
2.89500767877283
2.901564164372
2.85519664317331
2.82274356888236
2.75475120074307
2.75198192929623
2.75100776090159
2.67205601985666
2.61651325932135
2.58711868463392
2.60306772933948
2.61438493664222
2.67118717825616
2.66183689786273
2.66475612459132
2.64598371153513
2.57611426874228
2.52519251090671
2.55020396922877
2.45227229675904
2.45329675410059
2.41731695456546
2.40403353512013
2.37369469916558
2.31570890054276
2.34171123432509
2.36692589004975
2.44466988684758
2.44893216240065
2.44615930361308
2.41452370999206
2.44379625321167
2.3901898003845
2.40075550163574
2.31074715438293
2.28637229977089
2.32124973594208
2.25628083270225
2.26297983854348
2.30505458138136
2.33117774766001
2.32296118846352
2.30193446371471
2.32776535631654
2.39449673255554
2.42090530054038
2.35420051150636
2.30644567380015
2.28341445283156
2.26451915642558
2.324920614199
2.34741960033366
2.27491809670134
2.26377540462678
2.23942734191156
2.18014402120606
2.16179930522584
2.12889527963669
2.08137219300239
2.06006726009538
1.96461599793549
2.00562257442616
1.94578896190155
1.87710906317849
1.87202652814099
1.80354820446207
1.77112954559424
1.76041232561637
1.81240742225632
1.78574467167349
1.81288986813963
1.88542582977501
1.83177934393616
1.792419226664
1.81230386473626
1.79809947607291
1.76226782510605
1.71120009120636
1.72107397188708
1.72319901612125
1.69501704615444
1.69765222897684
1.72870337496805
1.6729189430421
1.61286808385816
1.60079341752462
1.57864916433824
1.62823312690878
1.63226537448622
1.65035369828123
1.67591274775403
1.61462035083411
1.63122527041529
1.61199830160682
1.54076130503982
1.48854191799579
1.3968186930853
1.3974949091135
1.45736005980485
1.48987547519871
1.44949721690443
1.40738816024714
1.42301613473105
1.40931549526247
1.44573751170066
1.51118374438268
1.49162743202197
1.50176010345214
1.50479241785529
1.47720249312072
1.52970003966974
1.49804398784663
1.41516174128458
1.37663092710109
1.32629512381125
1.35809130417907
1.33627631421166
1.35430938874159
1.38153186407787
1.40384737865611
1.40837422218273
1.50726858207931
1.54169182449348
1.56209562465562
1.57888369753678
1.55370361151902
1.53867306351502
1.54514911241289
1.5983722301795
1.58321774448526
1.60906183143741
1.62181813065432
1.60434532434317
1.56953592857187
1.55010780405237
1.51625024237168
1.47593017048976
1.43692376762699
1.44909844653328
1.45317669589967
1.42280604208978
1.35835875491715
1.38435717170655
1.35255910735234
1.34536249831287
1.3415801088776
1.37562382648101
1.40896988239756
1.43736599002209
1.40184251856672
1.38665521942262
1.38161373688391
1.34236423624167
1.27691306894746
1.2334715775442
1.24773010165535
1.20647150650729
1.2432875496675
1.27317679607565
1.3038213178761
1.29975737366064
1.29099505180067
1.25029036747279
1.26222507054451
1.33933974313692
1.33968614557543
1.35449634793064
1.33328622601708
1.32795394572484
1.3444018239225
1.33730990518704
1.31084601831611
1.304182808452
1.30558810433955
1.31809437683651
1.37893352006506
1.4061300289634
1.36231459186801
1.36841849192791
1.34368067171609
1.38207276500329
1.41470573842142
1.44329312777127
1.43488347234266
1.41982333242228
1.39756809536469
1.40206293690383
1.42079651338591
1.45803648390994
1.41832909875679
1.39545568874116
1.40741951663153
1.4113042232266
1.38150887586633
1.39485444234001
1.41295652971355
1.40631433800434
1.37700714655524
1.42441894074355
1.40632891356072
1.33784961829831
1.36506853782394
1.3599069080737
1.34009818930849
1.33845078653432
1.35906259072173
1.40455835741789
1.42974720719084
1.45149398574706
1.42701742176475
1.44600393268482
1.47127344004487
1.44122357675485
1.46048056917018
1.42822592903492
1.41489839684613
1.39766576721612
1.38747796337277
1.31882477570856
1.35026973525651
1.38802592204798
1.37979248144721
1.36545894911721
1.39656376039668
1.42891942996518
1.45857561874148
1.41862222927138
1.4355382511806
1.43091082898228
1.41010190103378
1.38008957699046
1.40989951953337
1.4296310409611
1.42299913634561
1.45729060633032
1.45090623932479
1.42296698441003
1.4875652551303
1.46169260612679
1.42670983169296
1.46253175281579
1.45500518767612
1.48306270017995
1.48608446188159
1.52189189135494
1.53223166246961
1.52370508643019
1.50113494088298
1.50316299915294
1.54641476378325
1.48062701852666
1.43877519733729
1.45721099228167
1.45523617419596
1.42245518294213
1.41661717942757
1.40570823810438
1.36370525660654
1.39834140523734
1.37773052892402
1.35045024028536
1.29845709619515
1.31010887669058
1.25300771522508
1.25814741907166
1.22728389410304
1.26842535157498
1.25078050538222
1.21461905390135
1.25174792709729
1.21657918419138
1.23719582797955
1.2532916716712
1.18496003090128
1.1822153642062
1.18263223479662
1.08679519703611
1.00937701933893
1.02325128523277
0.991947245059006
1.01757229937994
0.969955358928567
0.907941853631456
0.953644381915235
0.952749183262946
0.955531581017126
0.881446444978493
0.871893414520615
0.80028177170045
0.765632453576957
0.707501090479545
0.697083283524842
0.64856289544106
0.6618771717524
0.658709757221284
0.616791676010827
0.657604734322279
0.677215817315119
0.786299577143517
0.778466958906173
0.856514145846447
0.870438138576084
0.871743618276765
0.904717597315088
0.844447393215819
0.735008540795994
0.778037545384623
0.744604308597184
0.782573034938387
0.820871717742544
0.852984494980202
0.820673757353598
0.916729981048701
0.773964292068464
0.756807287453828
0.793870848680203
0.820346214483131
0.761811789016746
0.738749154768465
0.805847787694791
0.843777083061544
0.837390714691686
0.846755598204643
0.872519844264359
0.876043866987599
0.87469105008645
1.06499163623761
1.02844061813866
0.959846581711576
0.961093342450837
0.870450641384789
0.860330571178047
0.899171008296606
0.897380811126584
0.810473071074866
0.768654089916806
0.715109436408217
0.800725213751739
0.749871409402394
0.662659814347699
0.563511761346096
0.522550044929258
0.515737996853175
0.567673505119867
0.421925485959683
0.445379718025297
0.27331670068869
0.324886491330143
0.235968365328132
0.170498827236407
-0.0783360030239444
-0.144614092555066
-0.205528989864808
-0.364432723331058
-0.379293961407286
-0.427128964566698
-0.36364420436603
-0.32777414367371
-0.380793579073438
-0.37828201916427
-0.348192658541161
-0.262585428278404
-0.22069634237059
-0.23009560840976
-0.207529930668383
-0.335536409238486
-0.327343270870844
-0.408039849323006
-0.326086682539206
-0.322922583548744
-0.247788512753166
-0.275058667422483
-0.240471827062267
-0.130849907556622
-0.152066830286661
8.27480505383171E-05
0.0745726350354579
0.212702652785328
0.250286099482608
0.301657297535243
0.423102287193931
0.500675085850269
0.412311680654285
0.582775794464991
0.494161794779562
0.548613007656537
0.67036336831113
0.719696111280305
0.805582745935595
1.00064718285968
1.02003782917912
1.16361705946279
1.21371150872701
1.20251337367735
1.1752316476703
1.22167534159983
1.27313421297585
1.33832574408755
1.28313580699065
1.19894502806915
1.22880582688396
1.20990004942517
1.20044095514797
1.3610495439619
1.3365765847226
1.30284408729018
1.33707247605332
1.32047069366042
1.37690668748725
1.39886278449768
1.45794516790063
1.50782390157666
1.55761959578402
1.65999963381027
1.73355330483755
1.76396375683361
1.70047137152758
1.75828614826649
1.80621007453702
1.8973783560326
1.87038048917915
1.78706554827038
1.80218161621339
1.64346876283195
1.69217128322275
1.55659810654339
1.59244220956845
1.5431624145432
1.50222921667115
1.47936549827294
1.44545612219503
1.45082636029184
1.47643677334283
1.57538293977933
1.50775465338278
1.52643657029554
1.57099968127015
1.57718055552083
1.6363728669272
1.74646095826093
1.7693696909656
1.78653751626947
1.71007073352405
1.74830548481947
1.7580817198177
1.78790378180364
1.6698929069596
1.64674267348947
1.66882537593335
1.63039158174505
1.64068651606616
1.68070737014709
1.64625294571459
1.68802734223251
1.77245775804361
1.67168599332305
1.69843344011304
1.74336763637767
1.80631117378377
1.76932224968936
1.89202863509455
1.87073360528439
1.90421419903726
1.94800475609108
1.99288807032093
2.04172286539924
2.13451640048382
2.13023917741804
2.15019011826031
2.11890103963344
2.04593689769161
1.98609566018462
1.9362322727504
1.95425533823112
2.05070810223025
1.97115669790845
1.9668164602709
1.95229462859566
1.93073912730568
1.93712471614538
1.9521783950913
1.96191245420159
1.95796601913055
1.97211594917734
1.93725948355249
1.91033970788406
1.95831837771323
1.97396273671249
2.00111435037214
1.98414510008985
2.05162562016031
2.05004914653951
2.05593135295521
2.07948688858348
2.06845968896837
2.13963860766213
2.10753496149172
2.08138929935416
2.04348397849105
2.03653326699896
2.01278204515714
1.99053188004653
1.8992505330382
1.85715510253008
1.86663452418917
1.87843891354872
1.89814300131833
1.97357281412998
2.01177294441635
2.06957237229814
2.04814221768819
1.99458210689785
2.03063053363098
1.98254441977649
2.02634543572452
2.03264594718062
2.05008350846665
2.09402573782336
2.06929235827436
2.09824553296053
2.09020428396138
2.14737694486563
2.16187526334659
2.09016412493318
2.0253275601117
1.97407475658036
1.96459528992784
1.913624730987
1.96540800279706
1.94596329584477
1.96005819351583
2.05369089792877
2.03110406837879
2.13939065089665
2.11302127163173
2.12621990696139
2.03357615746267
2.05708591449238
2.01059920716197
2.01208755878162
2.03401930237993
2.07991888895695
2.10177744337527
2.10127270903121
2.08227627697226
2.07903114955543
2.00955419064371
1.98068223685011
1.94035223825964
1.95413315798672
1.95307059335865
1.96859022215505
1.94790874690756
1.98627806478642
1.96340780882509
2.01682395270148
2.05093910573883
2.05104052809362
2.02830359764125
1.97204599572637
2.00040031748044
1.97299868314519
1.94606502024948
2.02477969692536
2.04212273094444
2.03263194134826
2.06443014201817
2.09197172684196
2.14170751588474
2.04563111148289
2.08505578760321
1.99459669273583
1.95845391376638
1.8892137781799
1.87251971008014
1.74042321059818
1.77391695927876
1.75191884733731
1.63113371424105
1.66574789018815
1.60011550912678
1.57076989691454
1.5369948586626
1.50469197340958
1.58627607039017
1.57576702784515
1.62449572039445
1.51547720453997
1.507313396012
1.54135202087615
1.49948083148341
1.41741629972926
1.4186874446285
1.42123685507033
1.37739901889639
1.35557360576305
1.36390868832308
1.32429530871347
1.35035753527502
1.35703616443412
1.30919748535734
1.33086042284343
1.28070896022454
1.2849828937337
1.25947120200224
1.21373994504143
1.15058750974272
1.19507458745978
1.16622365299517
1.16522307069207
1.20513259262788
1.16729488346434
1.22797711961509
1.2243768288078
1.2067000778634
1.19599337494557
1.22470246373717
1.28209240531194
1.25653988656798
1.23051452480932
1.21246902231646
1.1759384633236
1.21513667787048
1.21079025553334
1.13676692868888
1.19037789705207
1.22604427538836
1.14596131584671
1.14386881366938
1.14176647347509
1.16445669845994
1.16730500062184
1.23478255855076
1.2201734015067
1.25648591763268
1.29782305174182
1.21986045558475
1.1990688481753
1.18075936642659
1.18737373896572
1.18960105330805
1.16209579089862
1.10006121036782
1.10621571119237
1.09905662859653
1.17890241365744
1.19221941235943
1.159257881332
1.08913163187646
1.10275916477422
1.11676814823525
1.13724060743993
1.10377720955151
1.16305202290358
1.13136323600809
1.06784996780972
1.11126246769499
1.13934251763902
1.20089504392615
1.17777514451983
1.16308283488436
1.2202640922222
1.22608877298558
1.21709506633758
1.18214629824257
1.18686858005994
1.21680000596002
1.16478051910703
1.15626220362094
1.19922275225877
1.22333490110547
1.20583846608376
1.22313493200301
1.21180557046939
1.13454583729988
1.13330042533671
1.152476169187
1.13367383990543
1.11876258470511
1.07810035285738
1.06776299749799
1.06718425348127
1.03818680008106
1.034444235793
1.03152790047505
1.00978971651352
1.02671432328921
1.00314279426837
1.03809301598279
1.05299825882359
1.05383316467244
1.07270316508011
1.09129033732358
1.10644245929806
1.1323598721355
1.1271672219123
1.1015596441656
1.0941997861498
1.1118324639452
1.09944184185634
1.12489226059281
1.12938630993804
1.14125017128799
1.13343585036866
1.09178086447905
1.11285889386518
1.10959315383628
1.10141965649151
1.10901377173726
1.11321208288951
1.13035780113291
1.15930254321321
1.18008898082772
1.15654547228905
1.1376134849422
1.12412805780941
1.13009111207074
1.12341135945546
1.1519915411318
1.1585284072395
1.16810303685295
1.13285248068071
1.13830694298253
1.15320197282167
1.11980817710153
1.1169615328074
1.14440512433471
1.12459292916894
1.11256763365199
1.12501060601607
1.16074540063524
1.17625707161061
1.18172531649623
1.17183351195878
1.18402502766848
1.20104375628744
1.2192366783011
1.20648687431872
1.26439418421906
1.2702353271676
1.2318936373088
1.20750905132303
1.23643948748018
1.2793509945486
1.25667566911363
1.26727507980079
1.243205028832
1.2525095895602
1.27300123141054
1.28687987857165
1.33088064393103
1.3005897620959
1.30656351927448
1.30695579150507
1.30902956919202
1.28555345798298
1.28219442165105
1.29701395370656
1.29723888054366
1.34502686332433
1.36601439196291
1.37890232423084
1.38076839796565
1.36306301298553
1.32904914649575
1.30526218723691
1.28468360088719
1.28297629365421
1.24912681595164
1.19782853440635
1.17810585758425
1.15910214524788
1.15656193982491
1.17015751906992
1.19066890513742
1.19257584341515
1.20040486092169
1.2080974894375
1.19740165642437
1.19411836221166
1.24274026768478
1.24153827307559
1.24356810578121
1.24255995944277
1.19988960323134
1.16857827722887
1.18709056103211
1.13869039232232
1.10066080751625
1.07172796111849
1.103232310218
1.07814193081604
1.0708999534748
1.10324131495179
1.06374193372541
1.05613724548283
1.06025803638642
1.02791442661306
1.02199280277374
1.00917261928538
1.00541759534622
0.995251481459288
0.984377276347224
0.957282081787387
0.961684434632808
0.922393772661738
0.950500988197117
0.93590681846525
0.910045152831463
0.959525739528513
0.983314159778915
0.946540179178659
0.945633313794011
0.943079685785553
0.93468816121797
0.944263057244203
0.918147417663364
0.95303163999489
0.936894534124313
0.92137911891916
0.943106046228102
0.954902704293312
0.967929661289695
0.944523631772399
0.943105772070271
0.943474238518728
0.983095026629677
0.93468913220214
0.935430710922859
0.956525546079177
0.952344728265224
0.97062556721872
0.984581628383097
0.967969021070781
0.930229164903146
0.969449777797216
0.95542433262736
0.926843597665947
0.872324434802459
0.870879609729462
0.815464011330842
0.771815110150842
0.771832521019649
0.755428996141363
0.721184611842925
0.774317220417745
0.806759940634642
0.803550208356118
0.808014671218744
0.840856210926419
0.822571779438488
0.769433587502929
0.766531978854472
0.755537791843325
0.76427492890828
0.734058345619658
0.751193124310509
0.767002646468192
0.80563446998699
0.790062202411644
0.862763527493421
0.771289934370535
0.713087610460692
0.66458928591696
0.659921271233484
0.625210010948821
0.657069906914534
0.576405852835347
0.525027696456829
0.516519850387022
0.512715639172596
0.443208522958092
0.37502672644617
0.38535443939779
0.318228774138019
0.352436317636241
0.376827825176881
0.34488260740383
0.313037293001124
0.332572149880813
0.389151796769935
0.422509926979638
0.521926754112717
0.547691876875707
0.620178345446246
0.594198016048924
0.521316384882329
0.571675934214392
0.53093532669581
0.591216571914242
0.474912478415945
0.491359097757091
0.464304141208197
0.470427195768496
0.394659979781585
0.438230557573436
0.39053195079005
0.404047023626045
0.368962085439322
0.370846136202524
0.380738339218988
0.337276382091393
0.394437649523449
0.400300700052094
0.435978050693105
0.451123337473594
0.471826608336473
0.456432275889824
0.469930159437071
0.450721806056305
0.381520594143797
0.280530535997
0.347334687774585
0.400131491488067
0.481951302477618
0.613345316166337
0.676051247691564
0.632228249348819
0.591915086458415
0.625066380500411
0.582784264391004
0.49684410335029
0.475043754423884
0.546861835081507
0.639360260312868
0.613839395305502
0.648240748816133
0.593071445834431
0.641639611696716
0.610765123226841
0.531149418217896
0.50602189950368
0.36865928191831
0.317219804470543
0.451436004059103
0.473896977485049
0.446125970999794
0.470135932974304
0.355845176090135
0.387393932667515
0.376778458486254
0.362557187180984
0.399426110521635
0.499927062309352
0.543620196710877
0.56675580115503
0.535144804343358
0.542141070279289
0.557978396773906
0.484862692768682
0.346043568179629
0.328923614124014
0.267190125450696
0.237745167033768
0.330289059737507
0.287396897740115
0.306176516122707
0.290043219436975
0.343212775921201
0.383197816259535
0.465586079029057
0.524792512318271
0.496871686074287
0.504775816750123
0.582969807290361
0.580819893900653
0.607927548129955
0.471175929047743
0.514458758521399
0.522620927475301
0.622586526713516
0.594113071519117
0.634146525950911
0.640908438731882
0.639411955249944
0.676121051978936
0.666245783188769
0.703012241820979
0.733573099622736
0.792831417434261
0.858554891740988
0.981950190016289
0.979832432194948
0.995528213573892
0.993600375918863
1.02988908234649
0.924181140979056
0.909204628859305
0.850014968642174
0.946272764085159
0.921450991697299
0.935333198108736
0.925845109250017
0.932208872182371
0.927340605581273
0.937946050096462
0.96300202198592
0.932943834868689
0.894872314073491
0.902948878464996
0.926737669758052
1.07177172296818
1.06104133293932
1.06888896457986
1.0563179071398
1.10654997423722
1.08723914658852
1.05759755171698
1.06196359018795
1.00410105811611
1.05463271785039
1.22587400734417
1.2098045075224
1.13476781876601
1.13325170570348
1.09560415087467
1.11475059789308
1.18920311131723
1.22449668554093
1.17414139541454
1.15268241792111
1.15781079299103
1.14398031480826
1.23248076306561
1.20830416621368
1.26238307030691
1.20755648029337
1.19162387040257
1.253564089589
1.23598553121508
1.16829751214951
1.20219825917948
1.11321714241266
1.08813391652072
1.00810885015755
0.972208779650581
0.995254407609637
1.03616219818279
1.04933887489601
1.11762522453713
1.13032829867958
1.12286175295998
1.16689306474766
1.13924995101268
1.12149159798581
1.16437071026732
1.15104824026069
1.21097058304541
1.18213700764189
1.20168013205208
1.21507838288959
1.21751876796283
1.26138037244013
1.27280165390303
1.26820266788427
1.27331149169095
1.33853128745609
1.3831946677837
1.44229176148823
1.47238074822781
1.48390688675447
1.50164606472571
1.61976702709567
1.5570960319106
1.58978399307192
1.59234055286811
1.66122290192406
1.58469481703463
1.5871137090098
1.51024397755833
1.49864284423277
1.53288463699953
1.4686425211935
1.47842154083095
1.41547946955915
1.43954878309523
1.4507688640692
1.45979603925159
1.52737126924314
1.54279284358908
1.53255451716345
1.61131755391732
1.71218015095155
1.7198810498367
1.7274305583895
1.70556269586862
1.70087788384863
1.76574480947516
1.80682759636975
1.80291117525018
1.73640833910288
1.75863050865628
1.72890543800946
1.73443356859578
1.74083929559291
1.67659340335653
1.69572493892727
1.66970958569908
1.64730518855406
1.61554203258657
1.64446222551068
1.66196559442755
1.67816645299252
1.66075077695665
1.69952242944254
1.70947532756518
1.67141468825543
1.68484456206162
1.60536332920048
1.52848198023896
1.47339443305283
1.45529982797796
1.39360290632918
1.39795082682601
1.41206216959583
1.38071359074901
1.36475915184786
1.40414214281895
1.4612211604023
1.51856009217545
1.49302925471676
1.52441638692496
1.55943952603648
1.62128478449058
1.65305082935721
1.59382778730325
1.61142145231634
1.58926838377174
1.56537144641924
1.62351596424011
1.58521086541068
1.55265822146155
1.57034917167406
1.56442308721314
1.55210465269492
1.6030959977664
1.67847172857836
1.63554624922929
1.58159267740759
1.56927626033721
1.52299034348283
1.5064662346491
1.60064147479931
1.63712350038758
1.5354314059588
1.53715923285393
1.48727477110464
1.48899097441408
1.49661620236966
1.45536948160985
1.46794972357866
1.38232295482819
1.36067179147177
1.32912376383983
1.3085884109005
1.35437022731289
1.34922326895595
1.36698037612267
1.34036063561824
1.30050618536719
1.22608491545698
1.2397504924238
1.22557693839626
1.18341858350785
1.15796157917138
1.11275142392082
1.17027200738033
1.23322488557242
1.20887478147457
1.11322067152431
1.16167413337131
1.21057472552391
1.17446298826844
1.17886619903211
1.20690569874631
1.18614522748966
1.25536261783371
1.29595069833068
1.28266247608681
1.22850111300604
1.19213936501479
1.22874440100154
1.21769626408963
1.08964339970844
1.00629118363436
0.952157786972672
0.936219313404546
0.933619790433708
0.954485550981669
0.932081819711094
0.921147074997034
0.847617996215514
0.83618232418716
0.787554108084463
0.700010516395547
0.78137075072255
0.851119377214292
0.859661520062663
1.00056876987234
1.06545420550703
1.18473262717296
1.14824480754746
1.14142327190195
1.11228721896015
1.07051451459114
1.11766094644672
1.22118942838968
1.08291205894145
1.08762248194354
1.12236709506608
1.13756142785436
1.10971087708304
1.14831568032438
1.18170142499797
1.17155272371684
1.09938962039806
1.0810230300633
1.0867449378103
1.02187882989005
0.984340054336052
0.959646691824444
0.836342013301642
0.919957695215585
0.866314000674134
0.94892131211705
0.987238327954922
1.02277588437712
1.01933238995678
1.00122826065723
1.0375556985899
1.05928821198812
1.04614730462027
1.16684295714541
1.15867760491862
1.21246880703338
1.11294997414981
1.06723598045046
0.978509145236062
0.997173663910183
1.03925162794219
1.0041724875658
0.999847015629168
0.98827874820979
1.07928695064954
1.13655648831325
0.973566486753938
0.956974372917446
1.01227940931428
1.0288377686618
0.979966518861749
1.00563550682926
0.927139656832334
0.884624229459535
0.903786766801039
0.897082624482661
0.868139476492314
0.870292870415876
0.832048398231931
0.858369153561879
0.815738979393339
0.746008413720647
0.665957344582336
0.668138982416293
0.708473317340179
0.75267473067616
0.750573556293318
0.769801036411058
0.795979020454534
0.752976920555179
0.783599214080359
0.750388228427451
0.797815173712348
0.834048754321217
0.902259663437481
0.903294602644921
1.00728441231312
1.1351205779993
1.19786441570895
1.12282176928409
1.10746388442009
0.984035283100686
0.972868024765844
1.0627563742767
1.08575213850857
0.894707713920631
0.829100522870445
0.781084857830714
0.740524856690244
0.696411662522896
0.766658783337632
0.80133846532286
0.882174536649677
0.928563989432318
0.929284034819655
1.02926201296357
1.09981233271001
1.04060224144616
0.964842886145352
0.944894663937854
0.970136724392145
0.933860866761349
0.970241192512987
0.983140326516941
1.07984659925216
1.12148682928468
1.17745573077616
1.18644268885461
1.16034369913361
1.0992074214932
1.14687397091151
1.21282425878035
1.1840070781639
1.1910373045168
1.1603384257182
1.12736237875473
1.23422458943918
1.2430055761217
1.31905946027512
1.30505543400917
1.31945567937499
1.39702308844788
1.40366374897551
1.30029131546373
1.30966425811371
1.38028454388403
1.32619820603535
1.35869587171518
1.39336249883507
1.27055534392135
1.32162591412425
1.25202209466515
1.29290715889355
1.32791015803361
1.39199082978549
1.37739271792371
1.43178400493935
1.38492799813956
1.38640169985458
1.38763097212864
1.36763311345138
1.4553384531694
1.47282000259653
1.4248650602333
1.42127333422381
1.33397717110242
1.27251681634753
1.21385918573159
1.2603426082097
1.29564747437293
1.33879226234321
1.34105735737893
1.37236502768619
1.43483720053648
1.42521096427365
1.41406735685012
1.38167227079257
1.3772975881913
1.36917167773281
1.38843363589793
1.45740987039025
1.48932105705841
1.39062403402527
1.36373280799658
1.36177041389051
1.32399118649133
1.36987890318612
1.46420916590035
1.48350408797222
1.49901965464651
1.60287760867733
1.6057973124185
1.71496331244304
1.74619952650466
1.79331362193802
1.86834740476233
1.8525749605286
1.81894472443113
1.85130664850697
1.87747051347713
1.91487391642972
1.99044329210594
2.00573734675651
1.95221130398457
2.01519868832687
1.98707740497821
1.95800213456454
1.90458460859526
1.90252429940736
1.86424955097705
1.91521905452167
1.96979209835848
2.01801625186532
2.11456399918908
2.05264162461395
2.06436913825678
2.07934375886429
2.0870477910363
2.11687024329231
2.11685587921524
2.13506557144577
2.149025275635
2.14507420967762
2.13451363722397
2.1665344060496
2.1737417398745
2.15078825892075
2.1601511450009
2.20075898879631
2.25395815968857
2.28398316292433
2.26726343011015
2.26684387886189
2.28663709883547
2.2542650110747
2.22576346620221
2.19390569114605
2.17353885984981
2.25531034957885
2.25486270664601
2.21658020144275
2.20835336552522
2.0966157944797
2.0169188657914
1.97027783850901
1.96796539384171
1.95231989602813
2.01421675089255
1.93444625121151
1.88903228110051
1.91248709704924
1.89741382407099
1.87179845038777
1.85986272269771
1.9075637020876
1.93752565694535
1.91615408911208
1.90719690839696
1.81765185494477
1.84648618759021
1.90128819119728
1.90190759189709
1.8801903718884
1.89049283353924
1.92941077205696
1.91834551917246
1.97911897201729
1.96294932004514
1.88247484324935
1.86050933058597
1.77866106423126
1.81381585179722
1.78343193552195
1.75801655462971
1.67926684157952
1.65754627328157
1.63945981689997
1.69206617403614
1.70867924481396
1.74618128536561
1.7008120754407
1.70988821557053
1.71413577330921
1.69856299302204
1.65559794977358
1.61775926579058
1.55829542246799
1.49200954879746
1.44688263704634
1.49337067025224
1.53585277255508
1.46796239395808
1.40296713973086
1.42142918312568
1.38700357695575
1.32645354730031
1.38283732785846
1.39363611896036
1.45041680800958
1.49395631180937
1.47606033596046
1.43365237304281
1.39970171238618
1.37425585869104
1.35953712043963
1.3785343219884
1.37815223350309
1.31711394628709
1.29402922403155
1.24902264855672
1.22500303930979
1.25373700552155
1.2104809247782
1.20086787777441
1.22484301037318
1.25964311077905
1.23767187679796
1.21618518895479
1.18304320212259
1.15968742799564
1.15989529483459
1.13926465100247
1.08933740984108
1.04759029468371
1.0583399914259
1.03444381154943
0.988687365588302
0.995853711010326
0.976733307430975
0.942623438923631
0.982376903648877
0.983103637884291
0.914884707735589
0.959022628272237
0.986061916553343
0.94508667524692
0.966185037106961
0.894407064192281
0.873809160642557
0.830151349944701
0.874678516124558
0.950688720020126
0.992654863372794
1.01130022452354
1.01121168846911
1.00544159231915
0.965819342080198
0.955287830207244
1.00371539591709
0.980779874382505
0.945138344929328
0.936671499085498
0.962647191541104
0.918033531713901
0.973658662420618
0.98053471277708
0.998401924021009
0.982194232405287
0.946659071318733
0.96479470658464
0.949100988268771
0.891330419774509
0.808423111182467
0.808053059590104
0.740883968164709
0.687660176236737
0.676853990292232
0.706347797490023
0.740829616099032
0.700286519826873
0.774452113009961
0.758110894255029
0.781575609214489
0.832152149953946
0.812902806523625
0.778278982397948
0.79541159573735
0.82427895109326
0.750080962817189
0.727829129824206
0.794492473162041
0.847561741496713
0.867950839662141
0.878013466866987
0.839400637697769
0.883306183968434
0.829545163183282
0.844858234236541
0.783949914546546
0.827779185141842
0.669093488906584
0.603656409191648
0.609589733826098
0.460078843327533
0.432787098010724
0.443203944865312
0.433785686335037
0.456719688226259
0.432684660616459
0.400055468531302
0.344845489424646
0.342572142584722
0.366505177191858
0.439732480102579
0.436444406552588
0.36040318392965
0.351280926847255
0.29688296562223
0.356376947290719
0.378519065925841
0.415793647141168
0.642452822371793
0.778583890489107
0.867393634532522
0.718921661319337
0.841675154656287
0.713960811464708
0.705492192405049
0.671755808059369
0.811404204830984
0.916436846573906
0.853682896919449
0.870528522799618
0.988885754666369
0.976205482530266
0.955040857278336
0.977857168275647
1.13729735314443
1.19674715638452
1.24804279935203
1.28305554576556
1.22930681134166
1.29580895638227
1.30590263204772
1.2045467609861
1.37749471945698
1.33463648254623
1.40688614981236
1.34094407204873
1.29734387723563
1.37692361554665
1.36875257134229
1.45110167143301
1.61648675774273
1.64742612061345
1.66048902163857
1.59695630692779
1.78311113603541
1.75799026966921
1.83881423871303
1.84670319507686
1.94136980386996
1.91552136567906
1.77565584243299
1.97898396357361
1.82606887067825
1.840555739327
1.93843561952179
1.98202859238039
2.05823323075749
2.09146562121078
2.24009963148603
2.19810867191084
2.20137594526835
2.1217806920147
2.0818750171819
2.10524228707196
1.96275981427836
1.88400801007683
1.92316137294344
1.92898980991039
1.98348912072148
1.92293922024709
1.91448402513752
1.97081324987786
1.97240371179295
1.93196951566812
1.95074195802493
1.86328525547923
1.90142004947544
1.84571895081311
1.88662535890688
1.90279347364412
1.90351695943768
1.82067483079799
1.84138654211322
1.90346513749257
1.90959298742007
1.9586734790458
1.99004918807941
1.95260349268286
1.95263018221011
2.01259745505307
1.9747095980568
1.93421435288188
1.90190418752502
1.97651112565335
2.04043149086822
2.00699826422714
2.00382239077011
2.08883130239282
2.03677413210978
2.04784700323633
2.04158456661658
2.10040042469201
2.11793707177059
2.16277635836243
2.19732706867148
2.1546807688971
2.15450901774014
2.09538322520738
2.05837153134281
2.07618374957198
2.08733927251223
2.09139801570492
2.00222192580582
2.01600537282101
1.99999414091718
2.0117195232295
2.00482349232014
2.10686612836564
2.09632741317825
2.06810389439973
2.08112215816214
2.13550436733384
2.13456158292072
2.14353027128195
2.15692865484179
2.21129701633381
2.21655937024748
2.21016060105422
2.26063094946841
2.21158491910979
2.25363423718834
2.24416732268011
2.25698582055881
2.2656437146794
2.24356842800378
2.2627655168283
2.25065973789472
2.23719990037937
2.17372403300893
2.19797001623468
2.11113861635942
2.07731757407613
2.08315743515407
2.06724690582675
2.08921313777978
2.12820046882354
2.07600751240233
2.09531300720577
2.09546992530481
2.11155371430733
2.11439944605078
2.13767918596636
2.0556033028155
2.02405363561912
1.98128901983566
1.99684291569529
1.95560885766759
1.89407683557967
1.89509268386835
1.88768102099023
1.88667731862798
1.84446337997103
1.81635180184042
1.8266258959407
1.76521542531321
1.79486090384112
1.7143311441838
1.62543604844235
1.58890329114033
1.53539531248245
1.56540979936994
1.53404750253654
1.50610405684017
1.49085123641483
1.48242684180608
1.4698354530083
1.48996811307433
1.4213564494879
1.34968172780068
1.32131393741626
1.29505277407249
1.29419179992295
1.26016071429956
1.24170225732525
1.11656443727714
1.11349497672527
1.09178048505305
1.15872181647535
1.20239892662002
1.12802034624726
1.09977249150217
1.03992281775478
1.00105877285164
0.936615056241147
0.961771736573173
0.943416630240243
0.939706257243837
0.95840830825085
0.900536461069133
0.892611381423157
0.793413908812926
0.762502174099443
0.773089190408261
0.777673979896619
0.759769173547308
0.710436175236414
0.724474668724392
0.743472079434809
0.791871201500653
0.80743391644568
0.754929274016579
0.748158187686689
0.773160832016884
0.778346804534624
0.761434159182253
0.732416053737711
0.764589089067988
0.759032301166958
0.789971561700962
0.78086686200874
0.777092320763055
0.812492114385017
0.759416101221662
0.772811009985578
0.746737821984339
0.751577191440534
0.756808533597511
0.78768303779934
0.80670877466104
0.784578949223884
0.824446670087962
0.776733498310756
0.817716745280262
0.808646429197419
0.834822893001217
0.826775644862241
0.77887177405949
0.820928367081554
0.800313794964552
0.769298743272368
0.742558736546939
0.709261600084268
0.75983449959138
0.735422781013044
0.734349849438248
0.756277572132384
0.758920543860486
0.86932028280197
0.836125094821304
0.858563685990843
0.831210771334924
0.860421771740409
0.83726116811372
0.831801155220795
0.843236183948823
0.859297909766438
0.936498512092224
0.959270981154346
0.915734513068025
0.909806778979473
0.926552592353541
0.978442695798054
0.92977794376338
0.919907940151962
0.906786176441558
1.00127720083836
1.042767745767
1.05138849114715
1.07615289121344
1.16582100836462
1.18732803845622
1.16903004257106
1.20472037229321
1.22253655716188
1.18302357188149
1.24971835667695
1.32983366187929
1.35959204109602
1.44828315564538
1.49563297017823
1.59348998897545
1.63621905552258
1.66120736452027
1.76453548588299
1.89567391972077
1.83540771985227
1.91707252957029
1.9154726489247
1.83845761368766
1.79686970270625
1.84358285281019
1.89865540533054
1.90049134039366
1.93800399605507
1.98694690395865
2.00656465322239
1.97509985503201
2.06136134698472
2.17295487757437
2.1915893160777
2.15548979803062
2.15682654758398
2.13838352183333
2.10315265257578
2.17640532187224
2.12120146493931
2.08200804211406
2.08168465742237
1.97480539468545
1.90903571380594
1.91831388485069
1.98570597409938
1.99892184129452
1.95237668662242
1.92617155136132
2.02963488274869
1.97568214377169
1.92993241341702
1.83532718345551
1.88314319487684
1.92731863855739
1.96860270633589
1.90677792190515
1.86271626036408
1.83945212137546
1.78722581388812
1.84136989237927
1.89020662985675
1.81990319324967
1.90644027034905
1.89335209637247
1.93708836533333
1.9089900786351
1.98054015019226
2.03269027963845
1.98727998609428
1.95744491259704
1.84003030510628
1.83798828906779
1.98127801458091
1.86868876375695
1.86431486271248
1.76473056444135
1.77782970426819
1.87386414078959
1.91441292263296
1.84485293717127
1.91632729801807
1.72010689921445
1.71229106314707
1.6222809413303
1.39815373954323
1.38925550686338
1.3814577098584
1.27800997109368
1.23187431066527
1.28275122341353
1.34154526984953
1.40901867396531
1.47404748633876
1.51741189179386
1.60392546403116
1.67394545468125
1.66159953439221
1.51501957104791
1.39599523071092
1.37996458336669
1.46461534576546
1.48291441162472
1.37965087481651
1.22569853949195
1.23923459338311
1.24618908315336
1.20939230618925
1.28551247149768
1.36799549033771
1.31562062220246
1.22128615177779
1.2388312675038
1.24832931732453
1.19406974267836
1.28125898958708
1.23293845285288
1.22160257996052
1.14316657466593
1.08855393052921
1.22012797022901
1.12818485703092
1.2165756909998
1.23043914426553
1.1915781908992
1.27373753863953
1.32761458039827
1.32197056983649
1.29830070896169
1.36534636331187
1.19543598603067
1.23768656344379
1.21665272052308
1.26213027701645
1.29058527851667
1.24285012503353
1.21737913103173
1.30082592365036
1.39753968379645
1.21588355950959
1.20297250234198
1.32976176970182
1.32659958392492
1.3234945138895
1.41263221815962
1.53714057556309
1.45572319056688
1.50036412788871
1.41990284367217
1.52017606993486
1.53478327467343
1.43488573736013
1.50907638206029
1.47005603030296
1.42154093243241
1.52819326629265
1.50643125384793
1.46328770267179
1.43885931007144
1.4220560876043
1.50567009992447
1.44625784285455
1.36613106836548
1.3896564460745
1.38900857857009
1.34164098113689
1.2213424810266
1.270072818209
1.28388970228478
1.17050730615037
1.22837035183962
1.31443886198242
1.37927281178738
1.3883772237549
1.45052423770465
1.41266077284869
1.40775605344478
1.37893000745585
1.47035528029266
1.49131564288213
1.53464606246142
1.60013583638996
1.64139704965587
1.56251354373913
1.58127485665079
1.67283576478841
1.71977103766589
1.57911563687814
1.63625086836546
1.63152188121949
1.71521378695984
1.77211441554607
1.834858431964
1.9096352443743
1.85933398413164
1.85292516524065
1.88017044342798
1.95177177791448
1.91968342291047
1.97941551301889
1.95832635061521
1.93210617211811
1.97995255737594
2.01823984178736
2.11601932120335
2.0268882454696
2.05670555556968
2.07990454497108
2.13391179994975
2.09322769285563
2.13326223114789
2.16332544739152
2.18342983198131
2.18248214284392
2.29027818727528
2.43506617941418
2.43490927284783
2.47223340822512
2.55721648136597
2.62234089316831
2.60559297059066
2.70845090169152
2.75123107136074
2.61819887467972
2.6160231433085
2.64409648800523
2.7117623071342
2.75135331844393
2.64391206319129
2.67481321817295
2.66229889557412
2.69340076646009
2.78629633318332
2.78501679684296
2.70691753418085
2.61294035495185
2.60036071632829
2.58692045901104
2.59088850987376
2.49271994984469
2.51112816541419
2.55783811816075
2.51224331510613
2.55825400649845
2.57410406435617
2.57890304332277
2.42243649772244
2.33673516627804
2.40756218377236
2.34825715129438
2.32097522634265
2.29195877428756
2.14889565543453
2.14266547810539
2.09558545014313
2.03796839405131
1.9962066211474
2.15361314291816
2.22555033566386
2.12535646710303
2.12952816318587
2.10428023992879
2.05681175466339
2.05078605400112
1.96099100988842
1.94047301105293
1.81204077449677
1.90877202148539
1.86656697369543
1.71275673854914
1.69317684616495
1.55610009561736
1.5387515754707
1.36568119816197
1.33273781494646
1.2308883832254
1.29740473494188
1.14269982344021
0.963279169623523
1.09762969939544
1.14292253151391
1.04417601168839
1.05675368380773
1.00508128072075
0.883947147082972
0.825423622938997
0.593063159777781
0.74409901397453
0.796829349874945
0.868672518574573
0.900607363549247
0.942467724416423
0.962256700261363
1.09883305480221
1.19248943861693
1.0325648282692
1.07396829023476
1.03196112009356
1.07862062648237
1.08522929783249
0.983996357720035
1.16290809640424
1.18769814845394
1.1142082557488
1.2320949571146
1.05144678855068
1.15683249932903
1.18678109993971
1.29884526692731
1.22660721837589
1.2221281509681
1.16502138665611
1.15039251967786
1.01705544808867
0.949682137793409
0.98672092724819
1.16464089604306
1.12138610917334
1.01737950288806
0.855417610247676
0.809486718921138
0.69432470286403
0.681551468683979
0.525923688829634
0.416417116124676
0.419972814767323
0.342589031720264
0.243212226618742
0.287651449168849
0.347827994491575
0.349432956416658
0.325856923996892
0.281309117917824
0.220494717541932
0.326540885897958
0.459172094035553
0.251142014680609
0.223742940759735
0.135591648457764
0.107570661827997
0.12626834622418
-0.0307142452174947
0.150900798916589
0.132108475706511
0.112154671723526
0.0874923298084497
-0.0543991654438126
-0.121464018518417
-0.213142144427656
-0.177013880637297
-0.115224781505435
-0.222347265166041
-0.300003180274267
-0.30781617314428
-0.260414070531525
-0.412891569618619
-0.394576500576071
-0.370473837978515
-0.42815788375668
-0.249215486998656
-0.285158223825526
-0.465850462179431
-0.401649529048828
-0.604497183307537
-0.491837982754174
-0.35655697261044
-0.300949151445917
-0.128138308512299
0.0566730997464112
0.000993173115785173
-0.0955151821791995
-0.0649750286524678
-0.212522278279799
-0.134374463399911
-0.0508704208836022
-0.126998002944258
-0.181257414849089
-0.126814567024964
0.0799303197550995
0.0466476017227596
0.0466048431322156
0.114386049411187
0.0219478668427495
0.0600722338667464
0.0774774516548683
0.0503396780822724
-0.0036357350702857
0.188367373027704
0.278417043286502
0.319549586697313
0.21088487670071
0.266691887805053
0.169109069423523
0.250990088475123
0.305160804806633
0.271746608497394
0.13973115404327
0.0444359699982313
-0.0230887048720281
0.019129271579065
-0.02192474776882
-0.0272905733374491
-0.0851960943392776
-0.0913137326033104
-0.0152581565473557
-0.0181924111181668
0.09865300523042
0.0229030374030954
0.11035858743025
0.157385835579217
0.182534842793931
0.266360308841717
0.243158158181815
0.342819771179533
0.427953095269286
0.442069212415775
0.466344437198124
0.490618895098752
0.444197068743361
0.465566090057405
0.463634148159909
0.513975895677754
0.559509379777207
0.56438146552876
0.549512956821576
0.577463883955655
0.644436075784971
0.674679601460384
0.641297509410816
0.636147632055495
0.692450925432443
0.676975293469086
0.639246325585136
0.724434493408434
0.726533110488516
0.739213451928125
0.746722736770492
0.887240914065391
0.897107625424715
0.918021548430537
0.850338159582822
0.841251914346019
0.888460343892216
0.8349693729555
0.807690379528096
0.737684548117464
0.709376767168229
0.630651976235594
0.738027980590279
0.743356201707044
0.779302222615225
0.832644301156522
0.767048754790564
0.699651025059947
0.707084650531897
0.752069794687791
0.701810357285356
0.783182552932998
0.615931657899458
0.647894728239249
0.666989917292961
0.620340337940289
0.616862675114206
0.68227561282436
0.847751722889499
0.927399790597525
1.04285729478038
1.16339514601652
1.17067372795684
1.25370158653305
1.33433113509628
1.46584256616893
1.52388937003387
1.4850419716683
1.53571600715124
1.55475814995206
1.53780624666892
1.61902121498425
1.53710225802648
1.59682356920955
1.66823234739296
1.8612847240822
1.71511487473127
1.89095660775792
1.86061830159915
1.89108736513156
1.98935529625082
2.05674920665921
2.10932427937264
2.03701157263077
2.07225415861376
2.13357705746603
2.15882003602549
2.14749567637264
2.19926252911532
2.29719159425346
2.33439316021704
2.44688422992758
2.5260933773999
2.55850761982127
2.56977658580633
2.57763215316572
2.73195515014476
2.74473493482721
2.64452884507463
2.60038924133129
2.54418944561223
2.5621062257922
2.417263416132
2.37089482722679
2.47352325368065
2.41317220610427
2.39646462625795
2.40046413551447
2.49314608502004
2.48612489240043
2.53397374210369
2.45405565905888
2.42311993256938
2.4525141034392
2.46490234251646
2.39840147431712
2.2301124054011
2.19373074516175
2.17307663405225
2.14039514045808
2.16186859435296
2.16601045609795
2.18395406264037
2.15560363826407
2.08278238709549
2.1035148578144
2.11665086801709
2.08850218393645
2.13400258324672
2.17434988151611
2.1969683295311
2.17954310848066
2.20754910072102
2.18032454315524
2.30099267335696
2.30919611703385
2.27434469525357
2.24088672839646
2.35949264528926
2.38946729090519
2.43261633553066
2.38213622518614
2.41306700136745
2.38995708299853
2.40462171336822
2.37490149221816
2.36361755331465
2.42217961971158
2.45283922436388
2.41791932692707
2.47541430226482
2.46848414707434
2.51537045823751
2.47015958963338
2.53356319714432
2.56044490581173
2.56082883636199
2.67305595514591
2.6703591671104
2.69747269896094
2.64545114431477
2.67655377517427
2.71858548553451
2.77495554680712
2.7451372502759
2.68517074795045
2.65581079315718
2.6908730493658
2.77804050353759
2.80157216768891
2.84983378203129
2.89218748830018
2.90529034570806
2.98870809289349
2.93597736505713
2.92914125072237
2.94551361044906
2.94769020509668
2.98684853645773
3.00147019160905
2.90640979834138
2.9027390901084
2.89640485106807
2.88123149550458
2.9146728847188
2.90125325612664
2.90425728386474
2.98922135104485
2.9080147480126
2.92234551137571
2.83141370984529
2.8500970619092
2.84241972017113
2.7656310698043
2.75210398790007
2.73501704380815
2.72623062377465
2.65540654381166
2.69665654032468
2.76570137003537
2.77213690550324
2.70323567869365
2.72953701369066
2.65462191272723
2.60417924834971
2.61169580335903
2.65819863375196
2.59289864002299
2.43211177632979
2.39781607583719
2.3641515703437
2.33967544455352
2.25502011829962
2.26192267990714
2.14702764536073
2.09452782442294
2.08775733945894
2.02900844833271
1.94891177361392
1.87783753462892
1.81883612027097
1.89737360391039
1.81241777259529
1.79694871096355
1.88186305944274
1.80035145120494
1.76691245692407
1.75512582641461
1.75266268608988
1.71355868777046
1.66803771133637
1.67576150551789
1.59388313135187
1.60540351153546
1.65437040653754
1.58634358248069
1.61276571331282
1.56304592537817
1.56311219991947
1.59783915311961
1.61673575445743
1.59000639672997
1.49793135992081
1.4771091022249
1.41630499804826
1.31437203815338
1.2803611665641
1.24076571485411
1.26938600173158
1.23901827596104
1.1998858058497
1.09502498554366
1.12033474855625
1.1125497774944
1.10164842296113
1.12572820150076
1.19516082527668
1.13679063823067
1.11435072791309
1.11980550702822
1.12896575441691
1.15900393629213
1.13166753913568
1.06577380587691
0.919743011325272
0.911333278434388
0.896425179198285
0.793639091474743
0.764331924757513
0.8104176071822
0.670470986606817
0.614992208366015
0.574852939924015
0.57396894114176
0.454828808133206
0.441088238086214
0.507954000823737
0.394109327116178
0.40870364980155
0.322125194107577
0.431480632133821
0.284050888659867
0.12821208970413
0.0225305971429494
-0.041067873645361
-0.193872381050091
-0.298601631800454
-0.233286098783538
-0.292083750154059
-0.428056456378978
-0.297042200539811
-0.384571317599457
-0.522103304440498
-0.569363635605863
-0.579709655540857
-0.677207523799392
-0.757461776753688
-0.853191019612011
-0.921219831190001
-1.00653853247828
-1.04508935741786
-1.16840779641145
-1.16445173274769
-1.18274260550472
-1.23145676560621
-1.17030520057446
-1.23979045307118
-1.34778940935745
-1.23349678380451
-1.2287722613091
-1.07545303443608
-1.10759149727398
-1.16398961545977
-1.1344313422912
-1.24441495473877
-1.22405074154702
-1.25130422617467
-1.37193104794079
-1.40285681521227
-1.41896803505088
-1.54513688157466
-1.74088554511656
-1.6256121474767
-1.6739114691523
-1.59954264621029
-1.55032638558134
-1.5416791237572
-1.55480904666002
-1.46588186502214
-1.45918018148887
-1.44286188977869
-1.43259116855651
-1.34041298886247
-1.45679967372976
-1.50966831647853
-1.54611058108186
-1.536144006055
-1.63846543456945
-1.65079971815052
-1.56185760623577
-1.57139360602943
-1.6443786854123
-1.75969847178949
-1.79745401035418
-1.85174314478909
-1.72564113757618
-1.64063052201111
-1.85499734063805
