1.4008008248556
1.40788266280066
1.38095711116175
1.34841103938314
1.44334056197053
1.50222619975265
1.57819254003318
1.58322177861844
1.59002757739116
1.65106079076079
1.73115961539338
1.64595650333593
1.70209007299832
1.69822411033657
1.71975828875292
1.79626720059411
1.81837268870839
1.93824976535384
1.9471836526789
1.97524785128052
2.03343520918577
2.02970292056491
2.01476209695456
2.06954306440821
2.23150159570281
2.22494819176478
2.21686047624133
2.33816393396723
2.27680245284722
2.19802975374502
2.19804932667696
2.12133241101568
2.04369173840824
2.07101905182879
2.0289125921562
2.00852363859802
2.02503491119975
1.95609412485414
1.95692679951977
1.94776477929599
2.00588016401815
1.97864236613044
1.96224461415494
1.98854737938961
1.98223348408624
2.02020706351561
2.01143553712929
1.96977612000748
2.02847452277742
2.08657399920664
2.0886450962687
2.02215803054341
2.12628315835364
2.11137252885096
2.14655746777296
2.2190351900132
2.26058329904956
2.33626443504443
2.36283467992431
2.45501070137232
2.42854470050575
2.55943386532681
2.61721242488244
2.65329372698588
2.65592921777373
2.59866586241036
2.69583614269286
2.80576873561756
2.83015876896279
2.87532981363804
2.91262164803846
2.93608991448885
2.94196433951393
2.98183228544447
3.04279262720645
3.07352532293036
3.1617470218538
3.17300849133109
3.23955245585454
3.21609081472057
3.18857323350356
3.22425568959374
3.23929996404998
3.29115458660424
3.33601493105033
3.3624796848666
3.43593399161346
3.38975657214001
3.36321301232475
3.38055802894738
3.34506850628118
3.34874970483555
3.44803855677091
3.53703995249964
3.48542473121806
3.5079086464102
3.53212899430276
3.59707241825112
3.5231771345109
3.48481811939529
3.52935750408679
3.57752071603244
3.54056681302886
3.62933995499839
3.58595355479924
3.54005444993715
3.53841848512821
3.54550917945187
3.42365946754201
3.391608841244
3.36854406425894
3.28741706567456
3.28631381071878
3.29371448159006
3.28593867261649
3.24136399515644
3.28321902113541
3.27773191797848
3.30197174050543
3.2676447250163
3.23984374774584
3.20945008353694
3.18937297587545
3.19501549785967
3.16082502683541
3.25459396368708
3.31154997884229
3.19860068278631
3.21528409917743
3.18967351601218
3.15030363910757
3.1517154104914
3.07881561332512
3.02852522661722
2.90512344153713
2.80521239796422
2.74706288844369
2.65262879948296
2.62223175996715
2.60536959611412
2.53749972155355
2.50038416678411
2.43457778248606
2.32186568361904
2.30468890404858
2.2084148763305
2.18226088077987
2.14990556958328
2.06799271337427
2.08116252800987
2.07849961047085
2.07909017573258
2.04139568498854
2.03728394589225
1.94715983867185
1.92443749400781
1.83668475947454
1.79224627256636
1.80922171456445
1.83024569726444
1.91757073553196
1.95895980508921
1.95355588523723
1.95729166207507
1.94280614080236
1.94747314331785
1.97986535551238
1.92676355151579
1.93501014907874
1.86216047252542
1.86104522899157
1.83082705025115
1.82769442487141
1.77387488009374
1.68957301091834
1.73060188023393
1.77834454840381
1.77714456062552
1.82810540418228
1.79587294927345
1.78916307048918
1.64723799716908
1.64254593000568
1.61637351416802
1.53982928644159
1.49486496836005
1.48455470753356
1.40160589486156
1.43572591113304
1.33471506978071
1.28031828597349
1.23297906543378
1.17479941293332
1.08622220411412
1.07317092940317
1.02897769123308
1.03441107060763
1.00021653545783
0.952275742175158
0.814626785337488
0.754022798148085
0.74131017284812
0.673645098598761
0.646266798833248
0.58334637908843
0.624069147955209
0.601688225337202
0.614428736563614
0.583362523496821
0.688717010764216
0.615440788214209
0.494030397521642
0.380704677884437
0.362245248330056
0.318521110740908
0.26777802622622
0.292690735105518
0.174568228284667
0.247383009400827
0.258442634284726
0.229013520851301
0.237914912133042
0.182538693693862
0.212616814915746
0.232040111933603
0.20145299078288
0.248192234128778
0.345219306014149
0.279644199111081
0.234414167188086
0.24860580534206
0.239149374950889
0.259191110562684
0.237700917164354
0.243472910650991
0.303393726020321
0.349794318167467
0.428428208906718
0.487897760592631
0.484787874305979
0.492112665393989
0.572170976590737
0.579056272918514
0.652658610775101
0.619676589707604
0.609997313302173
0.695968854085219
0.752136998298439
0.673463500918402
0.673879451674362
0.711174815722764
0.698668124881406
0.800215840177853
0.894545495666722
0.856112473252075
0.868213370699325
0.969925059338207
1.0384361809464
1.03434751934944
1.02092225266746
1.12868652699615
1.08033989454995
1.17647459366145
1.25278102617615
1.28699591209185
1.29101073174603
1.24752097974314
1.27240781107435
1.25622814416465
1.1990055170804
1.16735371035575
1.15097904541017
1.25456879154811
1.31967417463502
1.35114965297835
1.30363652331105
1.26785137843324
1.26120813007425
1.27975241017479
1.26674065262227
1.27124629576567
1.32756233597475
1.37603841750004
1.41939972726315
1.50017812530394
1.52247934929887
1.52195402443596
1.59818739850016
1.56888416549244
1.58509505409107
1.55025927716358
1.49799009604782
1.43202761687741
1.42816981329521
1.41647142468259
1.38405223020031
1.38681169281101
1.48461179989967
1.57442748557577
1.63684987399481
1.65541931767111
1.62582858216691
1.66236424002231
1.63970669541036
1.70149119037992
1.61801799357634
1.66929818016939
1.68902051590647
1.71897503039781
1.63562359953147
1.65031515895476
1.71855396966512
1.79710037550527
1.83574376617678
1.89375045584373
1.92777083589486
1.92424262758872
1.8930578898542
1.92958583656743
2.03591350660307
2.02181965674509
2.02985742271659
2.05182746852521
2.08102634204897
2.0849285844714
2.10002815191545
2.20138275756062
2.20177445048462
2.19363264686805
2.36603470610109
2.34800772790849
2.31397831570129
2.26271689615136
2.26457867015343
2.23463328708459
2.26107337569127
2.35033376506458
2.46265574183834
2.4339513923653
2.51436853501623
2.4978503919504
2.52760407539541
2.53978537355057
2.4454411893524
2.42351590762579
2.47823839777758
2.50286738230494
2.41272832290408
2.48893938119586
2.46866473205971
2.52388531990681
2.61195011765498
2.56384010524245
2.53381061429216
2.47320544050158
2.55421813914078
2.5407085115031
2.48290989386234
2.51167708794268
2.45072822925902
2.48575086015521
2.44325729462635
2.37799264577467
2.37614393699443
2.37266143596784
2.35942961368887
2.36156284451893
2.40736964099139
2.38393851715744
2.385819634004
2.34725514235892
2.29966870066517
2.29867540340006
2.28494562367288
2.1916090113138
2.22803971613545
2.33904157767271
2.37240188312379
2.41699062213058
2.44050414516509
2.35415733553383
2.39586160303686
2.41830870403372
2.40692608242143
2.37517081273921
2.36492259616504
2.3147240402381
2.33472933510178
2.23917631392452
2.17288434374719
2.21224682089626
2.14824858168965
2.12205097179567
2.07470435313652
2.06742579085758
2.01106810900376
1.99216789688992
1.99736708777989
1.99674024118164
1.98345901615703
2.03620448780992
2.0515321605104
2.04920541845561
2.02122188410991
2.01784094526458
2.06033609379885
2.08450308447746
2.07613819858053
1.99709209928507
1.97315239358985
1.90855260380075
1.95905987457936
1.99013039380758
1.92270172919192
1.89294603999997
1.85168359763924
1.80396509329717
1.80436657979052
1.8404871571816
1.85801185300962
1.81247820665298
1.82874816909212
1.8908013512628
1.95204163202793
1.91044170041347
1.86715689763357
1.95294074147414
1.92449572213007
1.92471659601019
1.94854728301243
1.96106317952359
1.89828920778594
1.90562394920765
1.91616753116522
1.88117175404949
1.84941649842373
1.83344060268937
1.80324105908606
1.80718886844183
1.75085433746937
1.75105719083559
1.682588612697
1.65920276268689
1.66691592495574
1.61879530297559
1.65838755649512
1.7183045464424
1.72246798088736
1.68646654505034
1.69089100179483
1.69609539753791
1.69939210434075
1.68789918615715
1.69765330859124
1.67278303733022
1.67860603269869
1.61696702639176
1.65689759441953
1.64659487157638
1.66122943920641
1.68732610877714
1.64238167552565
1.71460968291205
1.73249196966606
1.68912664442698
1.63793562419814
1.6281517672874
1.6119705681096
1.64821291130351
1.66960557678332
1.60507572565012
1.56097076240348
1.54553380385351
1.56323272660049
1.51155931120423
1.5274222410108
1.49051095423621
1.43895185697043
1.48622640155563
1.3743346670995
1.3696122106427
1.35753056930514
1.44278693829211
1.45528451697493
1.48872288369993
1.49616438712934
1.54564969420756
1.52307196893567
1.55083426307129
1.50272284116528
1.42033684562272
1.4459075564198
1.50221176184215
1.46887836392888
1.41093808591389
1.4812407032299
1.47946939551854
1.49831026972236
1.49989255440921
1.47854933342352
1.49792808868024
1.5308067955774
1.55962939667074
1.55542303616309
1.68236173272193
1.70870049820193
1.77696374382665
1.75069640660402
1.77564865477036
1.73839285616266
1.79281991943614
1.84398158181097
1.87045644723573
1.84919467090852
1.70096806073694
1.62393060139152
1.49236350374079
1.48718481560768
1.4572402722041
1.44678707566878
1.44142437640287
1.40361391538425
1.33348028847292
1.34908364994896
1.43294763233954
1.3975521994045
1.33530712883015
1.37727189368556
1.36267615056239
1.31139427367541
1.2608795868968
1.28616544487716
1.26961851222627
1.29414217846329
1.3157149394238
1.28688383701036
1.26363059432511
1.30576261170162
1.31042866262114
1.25856124540362
1.32574808110679
1.30791544313864
1.30714149018502
1.34008661605747
1.34541315468487
1.34596782395384
1.23836412155586
1.11641070905264
1.15287991527269
1.13844966486397
1.16976634794966
1.1517194197783
1.13063665340537
1.17547176873962
1.21356353501231
1.24066537214114
1.19382760215515
1.19043873054242
1.21558848539112
1.13216747904473
1.21767254754709
1.20430784533887
1.20078876134911
1.14475265723905
1.05358741800758
1.00888251531554
0.99915357774552
0.972901220518775
0.956236717007299
1.02840737036151
1.01552237294437
0.935961400494063
0.883421755107699
0.908393382307586
0.864134688521678
0.843972843648166
0.811888957200652
0.771209014674464
0.746060146229912
0.837606930940962
0.8531362224234
0.855638016447398
0.863398120840826
0.91799334641916
0.871306961960648
0.872693504531522
0.847999929964347
0.871154132459401
0.907638651057237
0.887525618783743
0.782577978045803
0.709227388692455
0.670304306508033
0.606003636928652
0.678380033300507
0.715789556359982
0.668640217439174
0.63821005999127
0.668347722680396
0.61482213510087
0.542291119260403
0.506964800030682
0.585773535814451
0.525137473508046
0.56174632565875
0.508044401243611
0.46400318938084
0.522697100718361
0.564983750589157
0.634880435246551
0.652427379706989
0.623906390710451
0.639679350640196
0.623428988102125
0.584236416297716
0.564265347758674
0.577414838155148
0.616390831992757
0.593892133971661
0.635315752533501
0.716528685726534
0.742398609969292
0.755454958674348
0.80696426218437
0.777238017261265
0.790052489552787
0.881526055667618
0.947922202109143
1.03435406322602
1.02132031424007
1.07657516108999
1.12728153445275
1.09049634682588
1.09339695144902
1.10274932709173
1.11718635480975
1.15154290900517
1.19414648093528
1.18824173322536
1.08937694485947
1.01391819512762
1.05562391445309
0.973988261332402
1.03771391527871
0.960919239397051
1.02024425049812
1.15168119136548
1.1786266351076
1.17859452451372
1.20892701773259
1.24581482051243
1.34524244352375
1.37002327856285
1.41044099096004
1.43426972104176
1.41411871375452
1.50357416016896
1.46906027202485
1.41293829697699
1.47571863016121
1.53861335008818
1.55215613349511
1.66762073840366
1.67866120940546
1.68749096860411
1.76275802508122
1.79203353162075
1.83675683311546
1.83081074782762
1.78885255867759
1.75624511642432
1.75775194353232
1.83132502493061
1.8946804007161
1.91419185071414
1.96164662408233
1.9588567569308
1.97265404801011
1.98528676255288
2.05076221116122
2.08288849165715
2.12946069405429
2.09492055987773
2.01030182189963
2.07884822224854
2.04114683990195
2.09865230967085
2.14064926847281
2.199457815978
2.28732369205444
2.28539569637958
2.30315374938269
2.36278915317555
2.46901531713464
2.48616236010375
2.50164650341181
2.51588779255744
2.44204647476852
2.50534961622419
2.49400343068119
2.56708539062024
2.56887475019209
2.61991603404774
2.64137370437434
2.63530415791453
2.66486435993934
2.66065096437696
2.58324952261973
2.57469039979004
2.61538703305819
2.66461146400789
2.68121925223349
2.72165008747273
2.69923921792338
2.74409186423341
2.69555614178616
2.66402281522422
2.58706109666687
2.5620438449981
2.48868247041016
2.41997663033917
2.4457841126255
2.45709028443692
2.56382160323763
2.55781036490713
2.55682861341907
2.62129066661562
2.54392918894832
2.54642788061186
2.4816330491687
2.48471452718371
2.53308127799508
2.51648405830271
2.49499665539601
2.51834271590023
2.43871891596186
2.49739415266373
2.50037012424462
2.41384612525049
2.45045740735018
2.41556365506056
2.37824591729872
2.36257447271594
2.30278491937339
2.29172948833803
2.22023833399183
2.17166745697596
2.13446217151278
2.07246031922733
2.10679650597646
2.0555266674896
2.0059520303236
1.97351156296679
1.88339924368317
1.83834401583555
1.83968855724183
1.84812067123327
1.84141130006875
1.78080207683774
1.75474134543586
1.64052293089675
1.57603348240138
1.58996494521909
1.66046246204171
1.69110013147825
1.69288611038432
1.66112210040409
1.62979084396994
1.66687195534559
1.63867754965078
1.62405189053047
1.55144327684851
1.51605955724851
1.53299304424382
1.48689074055847
1.47017900403738
1.44695948712011
1.41650553602443
1.4768095671791
1.44943338905513
1.39192822411234
1.39306557784396
1.4045031089694
1.27057217343055
1.26024322657682
1.30367036248085
1.25321722071183
1.21826736453318
1.23487770959723
1.13928769532923
1.20655992002973
1.11548745928414
1.14602800848315
1.1349597145904
1.10220628114338
1.09497800397709
1.09353047676221
1.05869189004508
1.114921511819
1.25279608123102
1.32136867030305
1.28100848920745
1.23673932547761
1.17595170084484
1.06569048482624
0.943832217986208
0.977045120802996
1.00099999562239
1.08423072533343
1.1003298973252
1.14545500435069
1.21080136671653
1.21908531767663
1.23018518860442
1.25455381272548
1.18330212390304
1.27781628336462
1.26135297418061
1.28122644518654
1.32014807333665
1.30585167917521
1.3133316516709
1.31796605136137
1.33888734579477
1.32466889644124
1.26782915023051
1.25007499086187
1.20812593827884
1.16873392150569
1.17803741229015
1.19031783170151
1.1948644164984
1.13930801239188
1.17517816363763
1.11141631208255
1.05119016526752
1.00110311168746
1.06206633837272
1.02603285345623
1.04935258046925
1.05960517332683
1.02013868377012
1.01483474742106
1.01042724102574
1.07526950690273
1.09644318088855
1.10880866589303
1.084739348062
1.04564385362882
1.01397580245485
0.995877772062947
1.05890670797091
1.02116258946893
1.0795363715832
1.07675820130518
1.07045798280965
1.02465715630289
1.04735556652709
1.0757522291238
1.14267101099445
1.10265178079493
1.13653636308706
1.15240705363116
1.18570650794449
1.25309897921933
1.30956545515485
1.33514584633902
1.31475492612255
1.30900776792877
1.43108561980053
1.46587932463737
1.49254488669633
1.50588695160445
1.59108869420758
1.65565791060827
1.68164818348414
1.73240546373777
1.78232123764941
1.85722925644897
1.86238253551671
1.84234893615296
1.8183784945662
1.83513495538107
1.82950019708197
1.84661274034713
1.93283715160749
1.90790172435379
1.89220590377165
1.8709559052881
1.89831985000718
1.97318653636475
1.92444968798922
1.90412542725203
1.94795788084444
1.9211045429285
2.00833439981482
1.97606179564438
2.03594767045144
2.03536187452964
2.0388372148461
2.05797857049004
2.05862992085437
2.07654134233056
2.06769932032942
2.07728265044994
2.0849027362608
2.07394194519513
2.0723603262209
1.98932133167444
2.00804694214378
2.03430908941931
1.99799665275275
1.93052351209522
1.95754127911057
1.99285318684081
1.92706956190274
1.99403746618595
1.98470388426114
1.90046644782118
1.93944253529335
1.97380271539205
1.91880914573474
1.92739761412018
1.89417756332356
1.8943077207046
1.85184287395253
1.82868361423657
1.80881240901172
1.89572274201927
1.93203884635187
1.90285271153992
1.93689778741571
1.94421146655442
1.92325393842816
1.89168016159727
1.98295188973351
2.04675962165206
1.99496285404133
2.0074618534509
2.03950209625199
2.04937358179979
2.08826939322509
2.05969772514943
2.02934444341106
2.02768310640411
2.09784483784463
2.18238218700461
2.15998385449332
2.22985963774939
2.27694861050894
2.26849817801553
2.29819576133772
2.30156043608512
2.38738936457849
2.33476577324283
2.30296906967119
2.23158712675592
2.24329867804659
2.19571532059151
2.15160593794471
2.09208214392179
2.13548595338706
2.11954414778528
2.12461353816378
2.13829235053586
2.10512203801473
2.14540894409011
2.10851889470616
2.05078328325806
1.9440760753867
1.95542612933863
1.98227164844326
2.00427665781455
1.99735971346842
1.91227713873786
1.84851096637904
1.88142734846871
1.89309681755508
1.88921319516076
1.78854162035492
1.7323222225524
1.66509517297601
1.6775185472713
1.5899276686787
1.60727921547466
1.58368536848798
1.64248256688951
1.71100350805911
1.74192004927278
1.68452732740293
1.69280921700315
1.66603543730767
1.70765871279654
1.69932290247899
1.64693888458111
1.69287342719121
1.63788763507828
1.63857264870266
1.58338595440838
1.50640884034091
1.45355226111715
1.48210942334168
1.47939677809792
1.45339569135013
1.4538350784535
1.44867107311349
1.43156760651948
1.40377540859831
1.36278724673506
1.44458870776986
1.50827043264575
1.55448582412018
1.5961229994098
1.62617848352778
1.6000258099997
1.60436340530542
1.57902355563304
1.53173475264426
1.50112559680373
1.44553571842007
1.46563532933838
1.51610768148759
1.49172528957795
1.53965743267696
1.57032286144494
1.56641958153902
1.53083587656982
1.4710043092685
1.43614074235812
1.35650392516695
1.26772456766968
1.22638801520346
1.21849510722573
1.17211373211903
1.14678807200557
1.12860149144159
1.05047051128729
1.05501917229903
1.04818619363347
1.02029691379204
1.04320537474291
1.17875951498312
1.18488253556972
1.17976052037156
1.17980493448382
1.1665960360166
1.02587600173384
1.11344398950966
1.04161562909113
1.09967526911686
1.03162718463104
1.07414093563721
1.08641632304825
1.06975782912135
1.07310558320179
1.05930553152646
1.06982531282216
1.04283582821578
1.06392241679348
1.07645030566395
1.09703095660282
1.11683073775405
1.03428682040731
1.1086869445844
1.09632838259344
1.1963655534975
1.21008044495051
1.23071789082916
1.24038436939411
1.21173426843425
1.28808175012555
1.26162754977883
1.22416624541528
1.20748030540378
1.17335790998663
1.13455490838956
1.16194359118113
1.17063440619305
1.22517505276555
1.24376137857504
1.21737960522578
1.21729055349705
1.24324857007395
1.28138902720657
1.35090498166778
1.36391821638562
1.35057325441129
1.41936119128851
1.41857248036482
1.43913948193263
1.48350085245436
1.41707525366066
1.41455441113461
1.42799040507908
1.34603948384585
1.34025893815818
1.34103003144912
1.31159411539825
1.41394468458512
1.44537201604588
1.35548088574559
1.41564646790676
1.42966570876363
1.43976568377699
1.45955073774571
1.43164626555101
1.39162292619258
1.30191664523361
1.36989228990955
1.47144429667658
1.4647898686551
1.46950370211382
1.42456007125821
1.31033528683641
1.327554531805
1.31990782696132
1.39052957742429
1.38403176358985
1.3680192278565
1.40557842598896
1.37963701777332
1.43658498266988
1.41854568078148
1.49338506283035
1.48213919651137
1.46714715388489
1.51916796755983
1.56575555072703
1.60693165503754
1.62828348801619
1.61783605553504
1.65581701688891
1.66346858161999
1.71595811858611
1.71475052158914
1.76832825241086
1.76609903423705
1.76363302300627
1.75503026569065
1.71391284477138
1.6849183128101
1.65171674484221
1.65355755582401
1.61134421642201
1.69110014849769
1.71538284803299
1.7272726520699
1.7211457892317
1.74065881802968
1.7485765216293
1.77441026333246
1.75575148520189
1.6936062075766
1.68555148940106
1.71414487264877
1.72930227369724
1.69510944002202
1.66017185845189
1.70043586529216
1.68943754217022
1.72894221277361
1.64529550911566
1.56376347908008
1.57452400055824
1.58510944916284
1.64212198201225
1.54985776869418
1.55507368802015
1.48023314756034
1.42506914788897
1.39204768924759
1.34792208349486
1.36149607935153
1.3772405944239
1.31934629575122
1.23948773661445
1.1941654484168
1.25590739444584
1.18550684417572
1.16850291521023
1.18359374490428
1.22180177785696
1.20679412304561
1.25497683761359
1.27276356864487
1.26649971614423
1.23621645233095
1.20631568910002
1.17575537091504
1.17431483305816
1.10657193558566
1.11563367860868
1.14139011170214
1.11299060021625
1.10933360107467
1.1132263682511
1.13588072979021
1.18147116324463
1.17424338288223
1.18418385729279
1.20241117235105
1.11836215188839
1.14944015502864
1.13354304509214
1.08886372656703
1.07143217526733
1.03072880142377
0.991505021950286
1.01148393104587
0.980923615471522
0.924512965665228
0.899392610574911
0.941162735666941
0.918337161201989
0.848909252505351
0.839918946811598
0.795729783397119
0.874258489124509
0.827096369493245
0.917243888604244
0.963766880483429
0.915116481185515
0.94832979583407
0.963182836981064
1.01771560946546
1.13129058828687
1.2006950250218
1.18750859052275
1.20904925582179
1.21408302824482
1.20063328738388
1.32683695103773
1.37854066648896
1.43351279933896
1.40707717070161
1.46056001397075
1.44193158314311
1.54731970779131
1.54447381803393
1.50949208922294
1.54177769608859
1.58682798026718
1.56239957847202
1.56087967642433
1.69768336283348
1.71521466743843
1.74841905240242
1.73016440629959
1.8796848003991
1.97013553020276
2.13718427197891
2.19859264834822
2.14704818750802
2.28656063696736
2.32682382187224
2.40490480271742
2.43286645433
2.43856165803431
2.47401811261888
2.50077435525759
2.53008619318087
2.5422748541786
2.50042725358252
2.46298422685946
2.46358355709107
2.46156192941917
2.43226672712516
2.43280231849742
2.34414901867112
2.31571338434221
2.25322499799494
2.30918005698236
2.36397173629108
2.36973251398237
2.34260383743482
2.38180110216171
2.46098955517828
2.4974090790205
2.49603489632015
2.53694942794857
2.53725646132003
2.56948566551146
2.51493089333442
2.43720741981155
2.51984588673529
2.48778735700398
2.5000103469021
2.49420239552687
2.45499804466504
2.50469795280774
2.53796187959679
2.43087777668689
2.42485454811479
2.52884384633623
2.56916007948764
2.61174364972283
2.5524060549191
2.56310927103643
2.58017317568072
2.5649783953769
2.62502409355725
2.58792191482463
2.66839368302432
2.75091736842127
2.81438660050386
2.89640799169119
2.89172939051971
2.86382003194172
2.8476823752915
2.85059181769424
2.90879640963856
2.90595356764031
2.88980695349138
2.82596774202088
2.86083112627186
2.96453606268141
2.88720602923228
2.92432002337118
2.97833818344102
2.95003538024229
2.94951284918862
2.93654488509825
2.99382660668501
3.02092869889687
2.98148472233733
3.02426403370856
3.06471827374576
3.0790443732512
3.0601596358959
3.02673598869628
3.03822638690128
3.01751421327191
3.05643995692616
3.00662548866171
3.0096602985299
3.02167527654398
2.9780073148986
2.95327589362367
2.92781383041049
2.92182860945912
2.90710129091098
2.84394254393486
2.87121786612823
2.85697083109062
2.75341440609927
2.72063646747888
2.70089206841145
2.64026309975859
2.63368909432613
2.6003357804263
2.60462866142898
2.57877727654996
2.64574435909705
2.61298432203884
2.59662879670692
2.54552578500481
2.47802070460868
2.51468068973427
2.51498268969406
2.52706941569377
2.42905474933266
2.52557018038408
2.54780558584015
2.48256991298941
2.48314514909405
2.4622061249728
2.48042597828333
2.48802843048205
2.46864893871276
2.45920585025169
2.44680114595398
2.44058648710603
2.43328487864715
2.36483705463253
2.31839962545736
2.31339813818943
2.27235140804339
2.31122352277561
2.31866019153314
2.40185609121439
2.42901512238495
2.37689813284305
2.36061726390388
2.36409398002348
2.3672714972286
2.25751530402495
2.204717525387
2.17334410893434
2.219488465951
2.07170202366818
1.98359077776929
1.95442791628992
1.98167500542259
1.96478635253645
1.86384213192348
1.80209823161584
1.75161869261896
1.78380836936476
1.8167338526495
1.7495558690715
1.7272901064463
1.63086776785426
1.68977196435796
1.66490219095162
1.61818043766581
1.55831816361738
1.46351345629169
1.41718411610287
1.37252520636036
1.3647728904455
1.3262486698187
1.25019183039542
1.2000225729758
1.16871428235669
1.15565348642212
1.19121521863992
1.21229920413235
1.19594766179253
1.14832861279136
1.11585981759296
1.10482612163277
1.07030311355226
1.11560133772342
1.11694334314306
1.12592998011515
1.0298413850125
1.04046511825565
1.09732247573089
1.10818582494006
1.09656722024103
1.08792647382306
1.1354727642522
1.06246436473749
1.08156180226922
1.15137546047344
1.05321815382648
1.01672871939573
1.0330622029239
0.995602361833854
0.980917751501872
0.935164260460904
0.97149640252304
1.08406747440558
1.12561082353382
1.19785363167099
1.215726860349
1.26663270304457
1.33401887621891
1.34798183407569
1.41952353184192
1.44711996210093
1.44622266319337
1.55357238780325
1.65931274965402
1.72711822635525
1.76422105651781
1.89800855536418
1.89830579379036
1.8948516813877
1.9357333861335
1.93162157090211
1.84339003167482
1.84568805059053
1.91600533502607
1.87547209626889
2.01715320644601
2.10606956311898
2.121012675859
2.18887874828238
2.23178653459691
2.25349405993372
2.19259776725182
2.25559515053638
2.2156681254241
2.21761013231267
2.25021544061608
2.2281181992326
2.32453322750536
2.23152275283164
2.30132121126508
2.28269105322096
2.24581546842208
2.24055970011942
2.29254339237821
2.38124299205729
2.38905278565245
2.42695591340084
2.4279798213617
2.41518043459217
2.46940873801871
2.5070272612082
2.55963300320472
2.59788907168597
2.63275172680544
2.63161788595206
2.67049277692402
2.68308415056632
2.7071280286135
2.69500425267006
2.76690714295694
2.84302369666065
2.8918621513318
2.87165499106489
2.90291213153992
2.92299293206416
2.90309338273062
2.85379692634786
2.87906602852139
2.96979305600939
2.89942355770045
2.92922460592407
2.91922656522912
2.90570216654192
2.95181506473301
2.89866216959452
2.8721363851377
2.85202730683966
2.802522380338
2.82266183713035
2.83440330376837
2.84770537625692
2.7622572423084
2.75953486475474
2.81149023492909
2.82217763341823
2.89480458321003
2.9680404061898
3.03283187257684
3.03877192767403
3.0634806559825
3.07985965442278
3.1576850186871
3.13215572050947
3.14514002139396
3.13722029989185
3.1371136651873
3.24253223267577
3.22700789359914
3.16849291645758
3.1705450902257
3.22798946248714
3.29063759147202
3.21513310591088
3.25389116776545
3.21780162268702
3.23242090415439
3.22017929886229
3.20649626675122
3.22063223329683
3.24755737018765
3.17046164590653
3.1315007106673
3.10730168093158
3.12321497219705
3.1961908911107
3.13972835059235
3.12774133752592
3.08871882120089
3.16435899435571
3.11438114706529
3.16341238497573
3.20138320561377
3.17856082546893
3.04639333780176
3.00371087077457
2.97551306024111
2.96284194026008
2.96088814292974
2.95819937080046
3.01500906906593
3.0009000927605
3.01827102298381
3.03591846021937
3.07360885958996
3.04574855057844
3.02207490966319
2.97711399858188
2.88321961464988
2.73180919198582
2.74884582491578
2.72953544819214
2.69773865191334
2.59866725040901
2.57839544867886
2.58601170061243
2.4923767622544
2.46245221664359
2.3851559744403
2.41041580670271
2.36244641924595
2.30620862543463
2.25965042224126
2.27139245080597
2.30577675891943
2.30154998976147
2.25481404152442
2.25225695738709
2.1772110134159
2.14030809824909
2.1598690805184
2.19435566370526
2.13354325030846
2.1174036548303
2.05711109987661
2.03151144935248
1.99704461793587
2.05142380305108
2.0035669121866
1.91837420906964
1.88064169493412
1.79340052687735
1.78800750703734
1.71463198660865
1.67824256965248
1.72090211790188
1.66773429949787
1.60369940192696
1.64760392274192
1.69299600042456
1.69455549836568
1.65997617245098
1.67171712362481
1.67838816641285
1.55899838191611
1.55426489009785
1.43223699098074
1.42592319148988
1.40055009623268
1.31299861049445
1.34691148052552
1.25652621235637
1.18612580765951
1.18695647774279
1.16662133234657
1.19514117364243
1.24881607280853
1.21757543555388
1.29634507535104
1.29142285551242
1.33105558410917
1.36545732011587
1.44469931334741
1.47790466274413
1.56316563132485
1.45088728248423
1.40273874056449
1.31779396569181
1.36875817819361
1.29520032049699
1.23411492812239
1.2125097950483
1.20483851952875
1.13696904385353
1.06211847506934
1.0081255285487
0.924353353584685
0.870101084080681
0.949991951196384
0.99399869845417
0.993414934558622
0.944460235875891
0.941846636051538
0.875541964400935
0.818924793862777
0.688605492700563
0.685032199666194
0.696951210992862
0.705745029495871
0.68319107708251
0.654735750742837
0.59660120758807
0.593912163789699
0.520238565688651
0.535465397533038
0.473770001801914
0.47036836092395
0.434439580408455
0.55145730453595
0.613402674018022
0.530613994509359
0.523922119072915
0.54490877226514
0.524608796160317
0.472414056384599
0.429858981443546
0.448595610521435
0.471449430599486
0.491167634779504
0.469204184597499
0.452077613644514
0.462367240622217
0.464271757875552
0.449494889871008
0.444034105192773
0.528767264589539
0.426723153920908
0.404291064286642
0.358805150169675
0.377659689478033
0.459418800590108
0.45591791154542
0.529852198588643
0.456691441298099
0.507181659725747
0.559877604404078
0.564511861818966
0.577421558962813
0.518918227338937
0.461788886705894
0.434528389572375
0.437714603026954
0.567575357323564
0.55105987891959
0.611241002089489
0.667377032796471
0.709626559102252
0.755326812295399
0.815416299409598
0.88845653256181
0.907097820702932
0.991981918038158
1.07385502854733
1.07783670818518
1.08306489853949
1.0946731422653
1.10345759785972
1.13974729092639
1.18951131149285
1.24460973170981
1.23522479537858
1.32394332341909
1.29084243431677
1.28958569858661
1.28685420634848
1.29217319302972
1.32490620268043
1.33356384592995
1.31573082771591
1.24957922742785
1.22546172373216
1.30135589583521
1.29965656654795
1.30015560021849
1.28478696124737
1.29539494741632
1.31231564200474
1.4120825646581
1.32461312580459
1.35334836790293
1.32034128150094
1.32257154492984
1.22547092201689
1.25843368002688
1.30941011331385
1.27218901902233
1.39032058878681
1.39988985790666
1.44648633968896
1.45911611775079
1.45844963446789
1.48218207115679
1.46815483424561
1.51097116558234
1.56417419211897
1.53565437464783
1.59897480131282
1.63924466542324
1.72818080507187
1.72953611242563
1.71895852071966
1.80915335545499
1.8083718059325
1.83867584201624
1.92846137748324
1.89710351646242
1.91389350835379
1.9781267291297
1.94184946985687
2.03702366458324
2.07954857767408
2.04077910177539
2.186985312246
2.15553122705551
2.21239244419313
2.20461078362414
2.2461708348547
2.35071816556937
2.5250881192618
2.60810906168852
2.68321011029381
2.71237037014338
2.86779776104454
2.8992165100589
2.92610436383197
3.03089278040294
3.11485981278894
3.15430381356468
3.17694179938744
3.15340135642174
3.23757467576222
3.27721543368256
3.35742247919756
3.43277289871417
3.41135867660595
3.44972839493872
3.55245398681903
3.59623799211768
3.57380334874188
3.63211729301587
3.66568095120495
3.6583562577484
3.72203978640491
3.7630182715767
3.73380743718054
3.68854867096023
3.6701440547543
3.66830619291648
3.6982641168438
3.73571674033274
3.67731852222114
3.70170680341206
3.72295687425684
3.63664451166092
3.67164519611997
3.71267900258309
3.71573037904262
3.6422529882273
3.69075768543872
3.62399602455957
3.61832526153786
3.61422525605235
3.59666518686274
3.59902407712173
3.57367876067519
3.5743287582997
3.57415068879133
3.68088139636286
3.72095671220585
3.70182919189333
3.69622987974849
3.67379890967029
3.69305539651619
3.74598657751851
3.70615236414147
3.72638312690261
3.70220222729617
3.55162192675957
3.53419242951156
3.49335097540318
3.39090224326413
3.43277923393771
3.38452082696413
3.32367883971215
3.28651396150075
3.20837849336473
3.28271998107983
3.26628719732016
3.20678684203659
3.20049616240158
3.15034178200249
3.1460420047594
3.08092179435212
3.11896270422535
3.14304141089259
3.16223903383025
3.17932166078279
3.13186796904327
3.095088797319
3.04881522466907
3.08775317089223
3.04806075872588
2.99279869824842
2.98375133329806
2.96205720350388
2.92153196357458
2.92276203363842
2.81746900003127
2.7666294797533
2.81469254914051
2.72869986387768
2.66777213237276
2.62888034522097
2.53277855969848
2.51424540026577
2.4473477346573
2.39339712510458
2.35217720187405
2.23463698208878
2.17934513263146
2.16966121654861
2.0864027915645
1.98717374004866
1.96568588208503
1.79600262100011
1.81738973996242
1.73880732948761
1.7091597334876
1.55108951532146
1.44319440738148
1.37479162369594
1.35049825249697
1.32655151290404
1.23810964402014
1.12122085589887
0.985221820101451
0.866782071000869
0.816118550348065
0.78516475607202
0.7416244106223
0.721194341341588
0.637543498881017
0.595108945679864
0.514747284541968
0.50469773794022
0.488431823209672
0.356633528045885
0.278423726264198
0.192109158036013
0.203175177209187
0.231781479971195
0.101486139838288
0.0707888340748577
0.0455127607149777
-0.0257761924040766
-0.0408975100805341
-0.112675183547663
-0.139964670532978
-0.167973694146215
-0.186365499744813
-0.255004977110338
-0.258711127110934
-0.233700730116924
-0.127217303455365
-0.239603395881907
-0.395792195020057
-0.436818692227705
-0.475538710789849
-0.49032623126989
-0.597731512819154
-0.64984998710434
-0.638790944293168
-0.646437705262752
-0.636329833687594
-0.671144413979729
-0.762614235482495
-0.756252042824867
-0.783604178863836
-0.808667026052773
-0.786761031543273
-0.802364054766502
-0.762565023145507
-0.752078692813344
-0.754054601798462
-0.807397790314931
-0.771287318873363
-0.766887499720397
-0.762633518190855
-0.673760679671243
-0.701324904382974
-0.720290550107867
-0.716199313287565
-0.693201627866738
-0.694918034096077
-0.60970087118697
-0.601114378971701
-0.635364352198989
-0.539015586163682
-0.563271287734577
-0.601143137595994
-0.673443299822185
-0.648449115753877
-0.631788551982588
-0.719984272053575
-0.709806075512559
-0.682005270676915
-0.750343625856782
-0.688504958375132
-0.583963511511692
-0.557881393262995
-0.517514132249866
-0.480161985201397
-0.550047676198824
-0.530651675461031
-0.600985032952543
-0.596663744770357
-0.556353977022271
-0.547513509269667
-0.478844449362511
-0.472757859979946
-0.437907842998395
-0.449509182175789
-0.419853198875228
-0.334473068600772
-0.268556770098168
-0.258428829437129
-0.217242964640155
-0.219031717764648
-0.137284069645813
-0.0430109801457545
-0.0811711473112514
-0.0407840747802737
0.0227330937294931
0.0394851805304954
0.0800760021425387
0.129381978193251
0.070156779259937
0.0653799701831336
0.0590064460838395
0.202435385492382
0.280006630746452
0.327573240909689
0.305407395586779
0.300958531465627
0.319335260367518
0.30014213437271
0.339979921448208
0.351375248082353
0.45862953915251
0.493019047557135
0.537570292379818
0.526100124106588
0.511987424747625
0.570315301855171
0.642464448271271
0.743599475391432
0.745295562091183
0.740383954811526
0.898469248247077
0.946522915546576
1.00029532410458
1.01843425744961
0.977167450494681
0.961869159277839
1.01642166005452
1.01447580077369
1.00291660000194
1.02087859535769
0.971720239470614
0.995397365711821
0.961144876382449
1.0029291612221
1.08171057103756
1.15805793543565
1.31111555566023
1.35564223545793
1.43214422130688
1.47284526166979
1.48397213315864
1.61452877795967
1.60273421953052
1.55128697184334
1.60325943896722
1.58613152228157
1.66428207414793
1.69252161855625
1.67480377482454
1.71795396462601
1.71201318103274
1.77602121401477
1.80533035218311
1.84051532694568
1.79932180333514
1.81608949903043
1.83025853915321
1.91394503940011
1.90016835302168
1.86426825002123
1.79902622586406
1.81728922007082
1.88782864326368
1.93149830931859
1.96238240234776
2.02669720495859
1.97059959682647
2.03923143172475
1.97724392978053
2.02906603643089
2.0337473910417
2.03712379707585
2.05406665225929
2.02906337508222
2.16362047100023
2.15383603980603
2.20656555370679
2.13518026669974
2.23478534473369
2.19078476006481
2.23050462668594
2.19320852136659
2.13664287582345
2.28062533616375
2.33663394451959
2.39751891037693
2.39595975860265
2.42295766660566
2.45295032766624
2.42229277992255
2.46508698358254
2.4385527719341
2.47339435202955
2.45514698537711
2.43038785349785
2.3587494885046
2.42001349400551
2.48470884307881
2.48763723713629
2.48158812432904
2.5310785039096
2.58357769578103
2.55795836305251
2.61992863667738
2.50485886725831
2.51704713521426
2.55666860932393
2.60861959240475
2.63792175395769
2.6623211626058
2.62512966510374
2.69291817505715
2.70943399650463
2.71558884530512
2.72761538541901
2.78019404262282
2.78171969470343
2.78803873061726
2.79654069447692
2.80617158297699
2.89949236192899
2.92623712695818
2.80697507054853
2.85788406256177
2.81401605093995
2.79590390221432
2.81990318856141
2.77289660196606
2.76112853980365
2.77787603315968
2.77727997007376
2.76654675041996
2.72789608584358
2.80214487396455
2.82914649012288
2.71294726521331
2.6702012772053
2.63527184597637
2.57895739780394
2.63313762353228
2.60069632491228
2.57787502559934
2.64196820197278
2.63950309756713
2.56697950881015
2.54635908963839
2.48836598671497
2.50368477820286
2.61001008944753
2.65599910745025
2.68249985605336
2.68463597732075
2.63478158932744
2.72183944311415
2.67843771846125
2.604419659644
2.6651602675262
2.63476745807587
2.49848818253512
2.53335270566137
2.48108414397676
2.5087447989864
2.45646912360387
2.42235501616232
2.33514190988551
2.2775217079533
2.24808181713164
2.1434186645863
2.19590223892674
2.18995169604024
2.15975039818255
2.14336512740876
2.09767910501583
2.11888109622569
2.09130666238152
2.04817418091858
2.05859976167917
1.91555677745476
1.91295295346134
1.97284025839468
1.91483487265966
1.84002639839362
1.8658847019446
1.81808256397361
1.73965009347437
1.76831291270822
1.76237161730711
1.74825952925719
1.74270804598909
1.82956294152802
1.89819345805771
1.90033521830753
1.94563567122734
1.92225156777961
1.95019588267374
1.93513002426352
2.03700463874339
2.11478446932592
2.15145816379998
2.26695166992328
2.25554363408872
2.26453921853645
2.22463133300642
2.28424097441108
2.17845081691117
2.28422899143189
2.27932556550931
2.24343353385657
2.24150169229544
2.31491639732032
2.31527453464563
2.31904767109986
2.31178778488087
2.44570941973747
2.44245615944425
2.45426225756035
2.51292058987521
2.50023324742008
2.54759851025237
2.55929906918613
2.54622242829151
2.55135425645467
2.65232482152056
2.61421872012404
2.6259817510795
2.6612270877102
2.72247769678676
2.73216583842608
2.75675018179716
2.71790969580004
2.71289258338989
2.66200649450516
2.67614613290909
2.72739320834446
2.71226586688608
2.70194503954825
2.74740417333357
2.7358635731941
2.73383027095244
2.83855446260313
2.88567180339074
2.86624459038208
2.84567935211459
2.82197183669317
2.76957778085072
2.8233071516429
2.82712201095177
2.81475279714426
2.84310734187839
2.81196611038242
2.77819156932686
2.87251325066997
2.87719062769331
2.90775789872677
2.86017990268335
2.88902760577102
2.90837765265443
2.86392483600088
2.83425956547
2.8164533271159
2.76733018722532
2.84937990268087
2.89522202048969
2.82768467645508
2.81514500803942
2.77430352346372
2.76756974552447
2.78465842976229
2.78328029429924
2.71955635178361
2.740497213047
2.78460333766343
2.83965491199979
2.82915336753057
2.84436492288882
2.82248753151037
2.79797139488877
2.72152298294736
2.64613394200092
2.63333483814294
2.62578990671237
2.62355299053384
2.60419764820375
2.54662901921269
2.52192981545692
2.48292597690701
2.42903473689543
2.41563973103708
2.36577646391173
2.40310520326007
2.4642709411257
2.40010003092852
2.45987343198535
2.42676959852656
2.44916847064399
2.45271580893804
2.52594980699329
2.4646618386122
2.47344489140094
2.47039936183141
2.48842910037803
2.45287441008939
2.44616178338471
2.4713624505235
2.43447390862715
2.40517615581877
2.36564452377569
2.26694202953086
2.1206041407158
2.11308547270766
2.14904531976592
2.09643118077515
2.10841771877667
2.10341963383066
2.03438946799005
2.03219172274578
2.06582561774218
2.0928677044577
2.04538375834932
2.01352889889595
2.01676545085502
2.00691928269866
1.90773976087714
1.8712354323826
1.84459791962772
1.78023148956641
1.74982306584162
1.69926074113204
1.71094313712008
1.71074751214716
1.7817697227098
1.807721764451
1.82104742168045
1.83884309771412
1.83979896991809
1.75870519681056
1.74291846273683
1.6761184043641
1.71934666229346
1.6858684697797
1.58434928801295
1.55856243664517
1.60411643947291
1.61158848495009
1.59408636057446
1.62750151833952
1.5298853915795
1.41751702864057
1.47932395170313
1.44549925619446
1.42149526167254
1.36772285089085
1.33191738895843
1.29972940895025
1.26460571496804
1.22001981261042
1.18441277046906
1.27178823854296
1.21900517198751
1.2183433629394
1.12919750667305
1.11701582048246
1.18630249912871
1.21726438206084
1.16610978710963
1.12524418483688
1.13829527012705
1.2010051001043
1.21892661428637
1.23411312473182
1.33278426430376
1.38252733959659
1.32976817985794
1.30215901176008
1.27142759917692
1.30215559594486
1.32193162665672
1.28365803104172
1.33871500201802
1.33685180358817
1.38058521131925
1.35985218894819
1.3772856887148
1.39377388033467
1.32919852944051
1.28681226582072
1.32570224266097
1.38432183465481
1.34248585223895
1.37212539546079
1.40151427046077
1.35165079531806
1.31021540674721
1.27070694159343
1.27787815293245
1.23485321203669
1.25205266411861
1.27541944300993
1.30525461187351
1.35038927162159
1.3092197992957
1.36941257953636
1.33830765462689
1.30306655512501
1.27839603651656
1.24184766569433
1.27426925023876
1.22439401261635
1.17446958866059
1.18253222652247
1.15399377656196
1.17343641649677
1.20529575917304
1.26034615516978
1.20786111087992
1.30118531869937
1.32045929287039
1.32927867198751
1.33484275434601
1.37274874583424
1.40967781398837
1.45438839860838
1.53010200709366
1.51363470230036
1.49993655893721
1.59968346100414
1.67162991627535
1.66532669809862
1.74130388972422
1.73849022897491
1.65685526391114
1.70691087566057
1.82950916954835
1.90201261394334
1.94420000958243
2.02469464478275
2.05626170018855
2.06191013115336
2.02779589494481
2.06386456717504
2.16348262111341
2.20538188633301
2.19739070379863
2.14576953533371
2.15800229229723
2.11733532324819
2.23822514528516
2.27173141090592
2.29753524819636
2.35385097828339
2.26571459620344
2.32978254403286
2.3838780177956
2.51043733882943
2.49251398684836
2.47337413598897
2.4785539971588
2.52563955295096
2.53235041585189
2.55115289171111
2.56211060485034
2.61082849705344
2.56197941432876
2.53273813240601
2.56448323450774
2.61680840363478
2.55817708284702
2.56302661052735
2.5229512010815
2.50930047266761
2.50526505495859
2.49454044066154
2.52811408330874
2.5371489693673
2.60434310388123
2.58204110733967
2.60099293315593
2.60780395034863
2.61431977161338
2.65168987053198
2.74933415332147
2.7803043918178
2.82129816973615
2.83210887550231
2.83661285106381
2.87900291982633
2.87717790042025
2.79988876876477
2.90194096889212
2.95987765071439
2.9440885536904
2.88974333339076
2.895050873857
2.97855302730974
3.03082255187044
3.03557954371414
3.07434651763926
3.03288301383883
3.0835957689084
3.10112671122998
3.13448188883038
3.24346634549901
3.20372360769442
3.1988518201948
3.23205823250139
3.15025575865163
3.15322873340756
3.08031355067217
3.02544940956358
3.11469369766018
3.12914109155696
3.13038721270233
3.12134740861973
3.20850686404868
3.20048592746657
3.18939104026256
3.20763863897641
3.17137538888184
3.12816582567891
3.12544024978578
3.09540571095425
3.1003466134032
3.07113344946513
3.16188578496427
3.200430903155
3.17864854065267
3.2498161646555
3.17678932203257
3.18544904998944
3.1561001086764
3.20088778270359
3.17704167287743
3.1681021330093
3.09103228865598
3.07596477549907
3.03738616311636
3.0436779092268
3.11243327266885
3.04650798947932
3.00569249362327
3.01911491958488
2.97897016787541
3.01837415394916
2.99239939540836
3.02626108305019
2.98955105703808
2.98414441603468
2.94109205080143
2.86093267690849
2.88345489958634
2.84925445413066
2.80183588052952
2.84146007304369
2.80789112149425
2.79602359499252
2.7916003313656
2.79778865061186
2.84158674707314
2.7641400754579
2.69854254841822
2.64642181639972
2.59142880506962
2.5395886070343
2.50031735421677
2.42487197085762
2.3927532156486
2.3165189320201
2.25848326296816
2.26152534222604
2.22027971831744
2.22624677499067
2.272018646509
2.17955774664583
2.23988992642403
2.22920337640599
2.23221970716022
2.22200523862423
2.17834774605663
2.10448963451328
2.10929112958874
2.1518908745238
2.14872932167193
2.08490406269359
2.08968448877632
1.98963417031559
1.99634384675425
1.89161388203971
1.78660745134436
1.68702335949742
1.64558679472633
1.62666544796364
1.57796396023931
1.49933828236647
1.45228494115739
1.56640356416348
1.54764851132187
1.49734808621433
1.52879976188045
1.54777854180812
1.58307704437029
1.55705593279106
1.52414238355864
1.54705583442863
1.51140828146201
1.48128493767467
1.5082185877139
1.42561370328917
1.43049604636143
1.44774936707279
1.46329715876817
1.46949492969378
1.41674395970283
1.422122946364
1.46755393394692
1.5197004947567
1.45227908157615
1.46053616307523
1.45717781515454
1.50024024363927
1.48139970764264
1.4132380039687
1.38425445105341
1.38065594844231
1.38255242192987
1.30719863759859
1.37425920796759
1.35359036937685
1.34118492529359
1.23914745904753
1.26806686045025
1.28712410505779
1.23678150308948
1.29619460283743
1.34684504310558
1.36047833405224
1.32898327905452
1.33853096905316
1.39480519340933
1.39901232278071
1.39182889609518
1.38578336332381
1.3760308555066
1.43572951408179
1.3556428419151
1.39038749179611
1.40612622288744
1.30468546470193
1.26594308466158
1.2947158250211
1.24460745751937
1.2190970703292
1.21729548086528
1.24846836745728
1.18273259833523
1.13673464017412
1.12194937381111
1.14473984238233
1.1268633661686
1.09157539857184
1.13738471491685
1.14686824766786
1.18590342204102
1.21527590299401
1.13133558543034
1.07184441460514
1.07629913477941
1.05466715313408
0.977936751829724
0.934281561025065
0.93506282900766
0.910724939858423
0.901562439090646
0.887774064146992
0.856372725254954
0.923762503637482
0.861000894287805
0.849111361835338
0.784480188807097
0.88960959363809
0.922567687556616
0.887783390295131
0.936655887910665
0.976285017595559
0.967797116815611
0.987572431279497
0.959646632664382
1.00715917402856
1.05418442292123
1.03290267448674
1.13795128579417
1.10595376926626
1.19954625521134
1.17670656220467
1.12698363407316
1.12433746973708
1.16711295543317
1.19881412103454
1.2479044645793
1.25774289898323
1.29627091147258
1.26424174083788
1.26287117422334
1.36190594356846
1.36197620895213
1.30909521445912
1.28385766848257
1.34077643195551
1.43338729010284
1.55745328972246
1.54181300147935
1.59228214316331
1.66979618461236
1.69197282666163
1.71167787481781
1.75699879298299
1.88880300426649
1.94694351252541
1.95792641476535
1.94771662637858
1.92121644072626
2.00330175883282
2.00418735737394
1.98484077697141
1.99642218639941
1.92970418726827
1.88035259480198
1.80973447400433
1.84853421913884
1.82938910535991
1.89105901604075
1.84204003217179
1.89104253699749
1.89848668752777
1.98008945572948
1.98727294924389
1.9889029030464
2.03229805956247
2.03552932899033
2.07330711247192
2.02967305247134
1.97024690184521
1.91809330999459
1.87783869348158
1.92720844337622
1.89594530003792
1.97924009010961
1.99312276620326
1.9676199511227
2.03396011989519
1.94582102615655
1.9970561994687
1.97643109174003
1.92718485201382
2.01290734804446
2.04086004993263
1.98860642979594
1.96858982962314
1.94362994150846
1.96168102142845
1.94957127380578
1.95123991456438
1.95192694648486
1.91231068767352
1.98610912871955
2.01341121181347
2.03742282812808
2.06466463745022
2.10540125860856
2.13881390860777
2.12609792998434
2.18857016841756
2.19759919871851
2.19196896587484
2.15948591488386
2.24720159512981
2.29471179946286
2.26638365196509
2.20887449164509
2.2053861177614
2.27161393814902
2.2961649926694
2.33320254562856
2.29002395224365
2.25592206456253
2.25032409787071
2.30631582273121
2.26374240721717
2.30172517814182
2.36157773413941
2.35836347851901
2.41985732176998
2.42205299604631
2.48690770933607
2.49478954360731
2.47555570571152
2.45721984249412
2.40397562773075
2.38512450981396
2.40740611348987
2.42371762443853
2.46967376912537
2.5438525822919
2.57076731848836
2.52500769969987
2.60606112137688
2.63802057660094
2.6552001597909
2.67430189365915
2.64325147187483
2.70601778349129
2.75884801369518
2.86393048510888
2.81924146710574
2.7953009762046
2.72779337844815
2.73433781596563
2.70175570307521
2.6457507006895
2.58918753626992
2.54081152987164
2.58865573703279
2.46586672876111
2.47528657219379
2.39281237796141
2.28255671164388
2.28677318886229
2.27882759734628
2.28159727920319
2.25144709329861
2.21704618266022
2.23685474555393
2.23205246322971
2.20143894928446
2.17704390046549
2.14980707826252
2.15100845978547
2.16950811825806
2.20067233999895
2.19882963235433
2.17359469148271
2.19791071812508
2.20143321087642
2.20265745529455
2.10041256895058
2.08804725378177
2.01869778776986
1.98724891108218
1.93253314834467
1.94966184969684
1.84526077462493
1.84097627490467
1.80405244342509
1.83120120902848
1.84690264430439
1.82349457384374
1.83686967310255
1.9585416905874
1.88039654061524
1.90108411683965
1.83832111663993
1.837394501535
1.87095909834449
1.80382262870417
1.71527152958851
1.66899484415657
1.73356982063098
1.60835137011398
1.57711473558199
1.55746245913386
1.56799079615322
1.55241418961809
1.56233741313352
1.46064337672711
1.42110789738835
1.43413013739704
1.34347413225169
1.2411965819057
1.18315841150212
1.18006732734089
1.09562576943165
1.01494216192842
1.03266061653103
0.981218602678992
0.912213514212122
0.906798237896901
0.865932326317971
0.93729386099961
0.961166260986394
0.97706676673247
0.814117735323218
0.821475870205712
0.790065342875654
0.807979098458525
0.801878969470318
0.738533476612978
0.655735499880719
0.674241924055221
0.674969638119331
0.627520303950447
0.517572749200011
0.378867462993068
0.356062109756053
0.311286622422499
0.303238988436054
0.162716396011408
0.0889741883775817
0.0851706683280157
0.152306241162782
0.110991020685264
0.084699741005267
0.0514494947461313
0.0158564739146013
-0.0575867664106911
-0.0920598837645829
0.0380659999460803
-0.0512516120105908
-0.0317792399205308
0.008550144520692
-0.00129885679893664
0.042263060205501
0.0752132702685942
-0.00210517400899913
-0.0195471883138255
-0.00180074984771299
-0.0746621395942648
0.016646143944895
-0.0218984061279089
0.0470774127848393
0.111038458708332
0.0891652180299305
0.0343948166639097
0.0706151833369035
-0.00029808113111769
0.0244827150804427
-0.155074267192059
-0.124970837117292
-0.191832377321168
-0.226388213860192
-0.211040679219607
-0.15125447931534
-0.125269766984412
-0.12103294204473
-0.123004304849382
-0.113609973857046
-0.111441801767608
-0.118684500500954
-0.0934212446268057
-0.0253321906967944
0.01237587189591
0.000818849954432307
-0.0970363262597365
-0.0926236923902589
-0.204020168052602
-0.162577904181499
-0.173996658272168
-0.242687856685755
-0.205448501498618
-0.0764369904105871
-0.152261888003954
-0.15357861166232
-0.155252625086395
-0.192657298229363
-0.186909364135125
-0.177982158019074
-0.190824026676757
-0.171661354179394
-0.139966257139847
-0.108691441750244
-0.0761457202785184
-0.0789453067122958
-0.0592414509052898
-0.0679484366505738
0.0298245853504952
0.148412089476974
0.149844679484644
0.103532776402213
0.0967139803868365
0.0628596052497282
0.0711061460746468
-0.0181581189956532
0.0285683958042272
-0.0239145369575498
-0.0779400781822504
-0.0230853086617622
0.104250157028863
0.0534307410995092
-0.0080306806726882
-0.0738684052622153
-0.114116063217883
-0.146624448034085
-0.135834889054162
-0.0698084356903007
-0.0241796318285128
0.00549625759320305
-0.0211444898622982
0.0577599602397273
-0.029252770957777
0.0436554596340265
0.0614533592349212
0.0757465848287192
0.118449444311228
0.0585084219857857
0.0680553406663004
0.120144439579173
0.146938795044906
0.112106613428875
0.120423399503348
0.124053421853713
0.184683177264156
0.196440242842565
0.214640045734085
0.239770666286943
0.273513611973472
0.266774540747355
0.256522518785925
0.372261186884919
0.390012464083232
0.43791864492764
0.508274368496526
0.565762387163259
0.722705724476258
0.806022813113229
0.808858724577402
0.801564547637746
0.888546997872882
0.995885711931142
1.00841953596494
1.02093679682496
1.10224377296429
1.08164364475219
1.12219005117961
1.08914411625191
1.10032487048961
1.19559484271511
1.26391725808937
1.26767727075079
1.29127014134074
1.41139096789139
1.49704255009898
1.6081378578778
1.61309046279037
1.60756618086797
1.61661047068767
1.69514371211213
1.72896280236236
1.86486573545246
1.93257585335954
1.92914138311233
1.96111725472266
2.05986692533576
2.1340558250768
2.12366435559571
2.12808537911462
2.09130819751414
2.16400858417051
2.19702799587558
2.17529398172408
2.19190488186089
2.12234203953651
2.17000748140925
2.1679611630086
2.20309469760779
2.12205266421495
2.13339051047587
2.14310135622051
2.15836999858906
2.22425127151124
2.25060569738375
2.20205772927411
2.19692482892101
2.26379570524787
2.30023507506827
2.34979122778168
2.32245093661316
2.32065589643384
2.37538011257763
2.42297466545468
2.4406766946397
2.33043466647476
2.27167448028601
2.29882024446722
2.24992491226478
2.18413903770216
2.09381265014394
2.09843671510092
2.05244473142986
2.04420408453059
1.99337304742196
2.03342454653648
2.03200604793738
2.06267993140039
2.08172136597773
2.08848338919176
2.09596912589068
2.08619750491943
2.09070511417605
2.02487516134354
2.04491079848265
2.01347156768497
2.00639758067464
1.9604037238051
1.91941417953541
2.0148242300794
1.99568089557466
2.00371255020826
2.04557623078932
2.06304567068952
2.00716013200596
2.02413343266339
1.99498415513992
2.03393460933513
1.9538804993986
1.94267975429164
1.9053360516904
1.95050486554329
1.9040022408165
1.88068252072951
1.89746144551644
1.95075827212908
1.94273781164578
1.97660149729845
2.02728010319269
2.04088153100343
2.06192113787481
2.04555594440038
2.07885612923722
2.11593036767001
2.05943449313556
1.91758124452926
1.94949787117445
1.83652165887834
1.8649601424713
1.84719318126157
1.81073171606962
1.80152043125808
1.82214539288327
1.80131964241715
1.81017927018242
1.83425148569462
1.75481963537771
1.72826129857964
1.66893391928826
1.69838175455993
1.65320006375384
1.68946196250062
1.64257296515502
1.63086869132542
1.53044577460419
1.55503908289852
1.56166473758739
1.49995547660248
1.54113032448357
1.45766083214029
1.36364652796161
1.40921458534012
1.43253407843693
1.44323714233251
1.35302790729261
1.34680095972469
1.36087372406953
1.38337105930175
1.35072527662666
1.29408777940284
1.36953406251673
1.35844164446608
1.33585483069216
1.42041731056999
1.45101511099175
1.4968767358518
1.46434547924363
1.47943292904565
1.4551714099695
1.40909685221122
1.414594706
1.41584760063661
1.47203367251985
1.42694495370366
1.40069694637214
1.3815475056229
1.4266614336048
1.38361441017147
1.36791973501873
1.41343323736464
1.39930778214955
1.42840414788159
1.4919049598142
1.48562533151913
1.46216301267103
1.40206423778537
1.36577119653194
1.36032300026333
1.33718351420044
1.28322354503292
1.2214340824213
1.24767898886072
1.23629558603562
1.18350360380319
1.22605770984432
1.19963136765139
1.20986924529565
1.16699541181883
1.14836099372938
1.22629210148667
1.24082434679484
1.22336471742666
1.19034777280597
1.28875586062962
1.3288603330448
1.26995728485759
1.18754329476169
1.18725622983484
1.26600605463695
1.29337552850301
1.38600153042456
1.44318152532422
1.43997783459738
1.46403090655446
1.49755703959326
1.54389453605592
1.58259011061665
1.57060086064632
1.6039397076884
1.60082843193884
1.58468556143365
1.59585212550234
1.61589572248363
1.64297227791339
1.69236006570539
1.65863833930093
1.67367051394796
1.61378090396468
1.65728739566848
1.75330003258193
1.80942814691604
1.81378783365501
1.90795545343515
1.88818136311029
1.92879218666862
1.90267726293223
1.87879731311813
1.95881301377313
1.99146301620125
2.03526219582064
2.01797509111825
2.04623362860495
2.07773694025617
2.09057817788081
2.19444839927182
2.18544567496445
2.15646083259113
2.15851782962142
2.145480324388
2.17797292408522
2.17861298679489
2.25432305048031
2.23417755750998
2.305863847252
2.30134531774774
2.32704540100823
2.3524670570843
2.4099063311529
2.44337405477939
2.40976481922137
2.41965247719499
2.49413724899099
2.54284566722325
2.53599943235384
2.55133461980002
2.61381035644978
2.63437801828758
2.66793045179572
2.70761291596643
2.71348618673828
2.69676455184555
2.6857014966662
2.69373359829139
2.77480808636986
2.81119938940133
2.8618675947753
2.89029726717392
2.95156187836109
2.90793833093136
2.9198056146896
2.93098786696714
2.89391954019361
2.87981943819375
2.81820676521607
2.87877556587601
2.89313224423397
2.87839393009962
2.87864835163152
2.86788931182926
2.85778727229331
2.83562358935878
2.85167282335546
2.81264828193234
2.88443784135422
2.86787914661937
2.81435161717454
2.79942818571987
2.8220745306025
2.84238056260991
2.8072484339481
2.7967687054534
2.77759328447046
2.75284065426422
2.84719518231095
2.76624069399856
2.85411571172832
2.85762187574742
2.83784668450475
2.78044713432021
2.78370029447932
2.67899953232412
2.71531839269867
2.65918325059897
2.68822711214372
2.63632989171731
2.50978083597582
2.53078470325768
2.45871008480052
2.40526811885607
2.3756657631934
2.26279118405051
2.25811795801734
2.23148768862156
2.17879981295211
2.13790067968358
2.05139061081117
2.12623616544631
2.1322125938327
2.0577552463999
2.04861231092421
2.05724635190845
2.06257304554519
2.05256436261604
2.08543503045909
2.07546182609441
2.09065896657023
2.11824707393875
2.13823092229979
2.05823820117184
2.02279763356779
1.97290695691483
1.97699887676281
2.00489323066959
1.91361854350625
1.96034940654836
1.87819091971342
1.80093344423604
1.73957981611492
1.69077988737836
1.72120219275607
1.69744647737411
1.67965326056325
1.71614437341618
1.66085037073095
1.66820799005472
1.65978094437146
1.54892465048267
1.51064612806957
1.43387931385827
1.46292379453662
1.3294057430667
1.31204129005399
1.33959342768494
1.2864382900106
1.20652169738078
1.162635719314
1.15426381413665
1.12649021182816
1.12340480852524
1.04907564009986
0.967337759448981
0.932305119252754
0.88225170495412
0.802246095381381
0.782156916669102
0.783293197813188
0.754918651154264
0.816158837244315
0.805688220507312
0.771455869836365
0.745585131724703
0.680160301055969
0.685129995367881
0.692626824362992
0.64473187638119
0.532474178434623
0.523211300284677
0.521986477769968
0.543966653729675
0.497566567999253
0.457955109952659
0.424816237363069
0.384094203934968
0.341973398246309
0.232567846668852
0.231726196953188
0.283069538260927
0.346046387163623
0.307843721559869
0.230190926310187
0.109935747482262
0.0929315877314556
0.0379610969360141
0.165746934105758
0.17049058510583
0.11075910138175
0.134006387240684
0.115889741198301
0.1022981779849
0.116471891173543
0.185056541412814
0.163460835998312
0.180775100214868
0.18521825988308
0.221344982764464
0.300191800581956
0.345144733865915
0.270577767871394
0.287683501313464
0.283088198336237
0.204345119400039
0.190654077588235
0.244131062212428
0.234792570557423
0.190785829937436
0.227414906154411
0.241459881582284
0.296907267918582
0.318726577240348
0.345019546503754
0.330830406459276
0.409639982294367
0.448096539769507
0.461070487923663
0.437714148075296
0.480608899375943
0.542522514087838
0.494469632950242
0.538192655994996
0.528377698284447
0.525699776496082
0.491080464782717
0.524867773624413
0.534933461772679
0.649112947641788
0.71214865523554
0.657481126138022
0.677305378238059
0.76561480635183
0.82828026306493
0.858647024600532
0.838002469451884
0.865554600800744
0.79788599172963
0.818413511340737
0.789309273505262
0.867962979135275
0.863382742770891
0.839597633000487
0.893155648749796
0.884178182014161
0.921818165456592
0.9660669393834
0.972678213532592
0.975919482881314
1.04305275045976
1.07282690159012
1.08300961676141
1.08055901950999
1.12400328947687
1.16824284602748
1.18140190697277
1.18623623726324
1.15176606016984
1.20362232530553
1.17468317000627
1.14546862868259
1.09384304851519
1.11129313623865
1.0715385711534
1.19873369137592
1.30977510709569
1.28776818086625
1.34671466447312
1.37195912234887
1.45385994961828
1.43096996707233
1.5100503196898
1.43248234621696
1.46492856953851
1.60565636777933
1.5893132981029
1.61366548880691
1.62590426685305
1.66573115675169
1.73144939488855
1.79355149901875
1.73506350302871
1.7564740073818
1.72451590565763
1.76503352975797
1.8095114948589
1.88083430553101
1.89175690315855
1.9695411228333
2.00312948128193
1.99074448925359
1.97929419312774
2.06338636769288
2.09207485761149
2.11162946676203
2.23136367136943
2.31419185467357
2.34121878736066
2.34866638001421
2.47256094781867
2.49316907102294
2.46587524085293
2.44207498767037
2.43304314504546
2.40310726950693
2.35805791653359
2.40405427703307
2.42949018424212
2.48623626737525
2.49545065429277
2.51085925233976
2.58127951575312
2.59572791214008
2.58905227135134
2.52833921599123
2.499865804918
2.53369765164244
2.57519771562966
2.60328284424163
2.56239503503681
2.54009671998663
2.5494689347126
2.58665057536803
2.65721204692267
2.62983739531817
2.69682361029062
2.72045238481461
2.74153273179826
2.73343090614462
2.72118291199381
2.6073625305523
2.67744663184281
2.61915569831791
2.65885978891316
2.66810070464468
2.64919993138563
2.68509401817259
2.60155433331365
2.61047258029051
2.6638227657801
2.65697299665878
2.62511047686947
2.68741090109866
2.70448261947826
2.67147609122724
2.6900303247315
2.63460417267106
2.69425100007887
2.71712600135057
2.73406399932773
2.7293065096766
2.77958511001275
2.79115070783683
2.75715245541969
2.76574163856663
2.86804409204517
2.94116094119415
2.95721730482613
2.98371903829426
3.02603913612898
3.03425204308282
3.02433240982528
3.00883748958628
3.04074315353764
3.05864896861364
3.04954633954084
2.97074386729571
2.98513990089731
2.97278785168665
2.97723791896911
3.01161320504366
2.98348665962587
3.03673959151936
2.98299246928672
2.94548501795324
2.99401411779092
3.05927746547023
3.00546202102825
3.02139323444358
3.07672024929696
3.10197243994018
3.07679694325946
3.03075100795088
3.03379858776469
3.09694733838701
3.12429323374738
3.10870324817019
3.07604973645995
3.09796723973819
3.07003000687171
3.0652788350258
3.10993796113144
3.06831388708757
3.06116434894339
3.11784913788511
3.10360940517334
3.12198620457051
3.12053147693849
3.12123481459485
3.14836089385038
3.16645100571676
3.10777719675149
3.09273612825087
3.05802171254074
3.06545208566498
3.05997020471423
3.0061684702438
2.98320215102731
3.04267119793442
3.00207642621309
3.01450119507066
2.87997428715165
2.85492098405106
2.88495389387462
2.79302407526466
2.74873137630633
2.76779617269293
2.72131235025895
2.66576184504883
2.67693452614906
2.68534384472101
2.67277557023277
2.60882737657645
2.62181669720002
2.5944330373811
2.43183480644471
2.48792654678344
2.46685400807557
2.42697276884163
2.39858478402009
2.40777746645335
2.43350297656538
2.46601892115642
2.36604671011985
2.38071245998804
2.36977535911456
2.38865703127946
2.32095339937963
2.29114336273495
2.27383548908995
2.33813285903459
2.29123067219439
2.35773186785374
2.36410510113466
2.33030485667006
2.29372306901625
2.35496654626705
2.34282934486192
2.32122012949438
2.28240229607035
2.23178713231648
2.11233200635412
2.1610577781726
2.22285314635374
2.24064687663282
2.28778991076095
2.24845032464889
2.29725967683649
2.30838191514669
2.27535930620962
2.25586687079997
2.35003467125437
2.34601863959241
2.37945401511878
2.36389499272922
2.36767215742089
2.2968958243652
2.25593484048488
2.19027949721978
2.16323093898704
2.11359581029478
2.16225764532951
2.2133299541637
2.19567259012548
2.21708317843292
2.11160701590328
2.13351784010897
2.13561698626172
2.14126874416468
2.08978981145899
2.02954654993852
1.91353497445624
1.9254737189127
1.78194050864015
1.7519720444085
1.67190291050065
1.64247646605588
1.62849249415226
1.62796256923892
1.6322680460167
1.59777178095753
1.52706581351864
1.54837337850997
1.51214154698473
1.44531834987254
1.34851122345208
1.23729950793384
1.2711513699477
1.23309119658054
1.22195317037891
1.19003263097642
1.12522121328168
1.1187079487798
1.16777578150257
1.2130855799513
1.12626661770202
1.08630308463301
1.06161152290103
1.01769920606261
1.01661244526476
0.959630294591163
1.00083918652448
1.0286913737028
1.03410367942973
0.994587714418434
0.986260720659097
0.950878068896862
0.921188359817041
1.03375638129094
1.02024235867415
1.04046943965776
1.0480364581704
1.02121210080596
1.01400783275798
1.01829199399775
0.97951301817877
0.966029057663436
0.896298276357857
0.83666973026868
0.838984522713574
0.858524573862321
0.830944657684715
0.932004611354044
0.857205669357811
0.870811451346755
0.875303529033451
0.917543803075189
0.916587420506303
0.915288173560407
0.875747356595744
0.878158894739583
0.932880567073305
0.946193595223155
0.92915136568057
0.916856138500295
0.907705017654503
0.950459317299209
0.984424625170534
1.06499025295872
1.11348576905844
1.07250714101667
1.15775707364698
1.18412691943616
1.21625220545835
1.10496129508557
1.12382767282221
1.08770552430576
1.09806623686299
1.01694978369064
1.02687965523934
1.03630297792594
1.08018645517491
1.05549569553923
0.973081672123356
0.992903790313695
1.01935140604261
0.97702462116335
0.897558920313928
0.923467409514489
0.983258503400752
1.04050745095812
1.06642178967304
1.05655959145538
1.01608199905033
1.02414592595779
1.01601638347467
1.0046305301412
0.899574764016766
0.92054234659313
0.864428426084308
0.876083840864769
0.875937590169808
0.769119916436183
0.796611021665317
0.804071470022654
0.816067445760081
0.865130876390887
0.870414866579793
0.881915656173168
0.886531021765631
0.849477791807834
0.801286934406398
0.817542226348384
0.811047950393826
0.718876226911492
0.735934365987469
0.722281777937099
0.790122574794928
0.794630114685402
0.807168542715393
0.795062210278117
0.847229852396082
0.80605438046653
0.816506627072879
0.827758722087183
0.895287738781869
0.880863286361225
0.884995961915449
0.917273343992358
1.03009090337803
1.0079163564663
0.980275209138925
0.994711357329639
1.04448483233202
1.08269775064924
1.01368555786616
0.988135176069132
0.966801899662704
1.03797426276115
1.07427317556989
1.07303031894087
1.07021780685432
1.15692371864281
1.14022462682594
1.13813386041785
1.10463955144336
1.09832709516457
1.07583286124682
1.04827867452416
1.04539138174251
1.08164349739134
1.03614182373327
1.02589226392656
1.05352044209315
1.00071801056949
0.982997089568449
0.950326025908392
1.00405874083047
1.07784092747264
1.09136102196277
1.09174963518877
1.05856204719375
1.10197832452683
1.11921860092978
1.12900759685807
1.07623568082919
1.08643512346478
1.16394002641083
1.15637301767194
1.15666471872997
1.17932274285224
1.18473337312883
1.20576909464518
1.182651773673
1.16026156458287
1.15247431702381
1.1596417915932
1.1670859540916
1.19850830959832
1.18912752049396
1.19506890846827
1.18153126242486
1.15831449710382
1.10220769855053
1.11794646656805
1.14540373606316
1.2224000136213
1.30680282180673
1.25984184842563
1.29181251118941
1.32359803225516
1.31686342659751
1.30252213608446
1.30207580593594
1.37722622904225
1.3885230668871
1.34271847274273
1.3159804140674
1.27964893575079
1.24584615909185
1.23356891762707
1.29589252514012
1.33852066433677
1.35629754634221
1.32733038263115
1.34361745975176
1.39089607078017
1.34626745014318
1.35906706113261
1.32888755894817
1.35647147625643
1.27049901198417
1.2548408646226
1.23009412297829
1.2095924703469
1.21828202778493
1.19942403292667
1.19032120025438
1.27273395930584
1.31509506615073
1.36414552810563
1.45819947519518
1.45622316644085
1.45744135324582
1.43323580143769
1.43132510619731
1.43873875219349
1.47223812603232
1.52292970615322
1.49204726899782
1.5782015636965
1.62899258399249
1.60656522811582
1.56216727509105
1.68006614665354
1.73897298179565
1.81411502072994
1.8329040896761
1.80036756401699
1.79004781456378
1.76650425269017
1.78770172034735
1.87750803624845
1.95242101092711
1.95505336016911
1.84526117509036
1.86347268685622
1.8859188599482
1.96038380131745
1.95156979827701
1.94806083445572
1.96372750553446
1.93669306359171
1.97634802173656
2.00878075931567
2.05792925918429
2.04699441602007
1.98727136548
2.0502232708798
2.06529536995963
2.01569458720497
2.08923240962341
2.12454858824431
2.1672089597101
2.24887122575209
2.21080400275681
2.21134646463863
2.1996362553503
2.23272673818199
2.24179086167665
2.18645699731685
2.26934500414396
2.28740252678463
2.27836627361626
2.18594919683728
2.18538089373714
2.24675665767059
2.22427538583752
2.22316162414315
2.2321433245274
2.20732117738706
2.23405381641988
2.34262469086151
2.37305260859705
2.31584924094878
2.2319354158943
2.21135347166421
2.24449319155199
2.26498092678579
2.26428276996144
2.24154669523465
2.40778309731309
2.46630136169281
2.51845071943187
2.47338927225132
2.4199311167882
2.34793424941285
2.42228357063563
2.37837191988747
2.32022182004167
2.36247701821678
2.37589599439958
2.40649027418023
2.39018370116684
2.38000500424245
2.4244535900742
2.40993609761915
2.44947761580713
2.53589852232556
2.54094534885143
2.51001771551152
2.46286692878433
2.41856271005681
2.36202822611822
2.28330245477446
2.21996324381676
2.1217958666542
2.08880077523794
2.09573660989886
2.16500860525877
2.1455253818532
2.13434822385871
2.09312583346013
2.12783872065984
2.11311097101667
2.12114837047324
2.02013267460364
1.91900586877863
1.9116191831333
1.872308822908
1.869957295838
1.86392338500768
1.89546426031628
1.9161272013075
1.89418833317961
1.96254592332649
2.00268373623912
2.02293940712729
2.09655676847772
2.00712237505737
2.00977965578548
1.96579676267041
1.93114333392918
1.84066790626197
1.86773525410771
1.8558228679233
1.86360512718397
1.82558105424811
1.83321103840941
1.80926565889608
1.85765626561096
1.80118181725367
1.84838724901639
1.89645529065866
1.90161516140272
1.85873798203297
1.8452991697281
1.94713806397072
2.0547900874735
2.10095999464246
2.08347533965379
2.09662549496584
1.90043624804585
1.84233035851572
1.91402343720775
1.83613893438888
1.8584756004015
1.85481869698732
1.84739913906745
1.83275848034245
1.85108643496542
1.8072415657319
1.80330566287575
1.81520737999475
1.84541220392519
1.83891511276704
1.78792764121941
1.79688522756009
1.81918742260397
1.77825888433984
1.78565296539584
1.74569441824827
1.79350736370793
1.80783282369042
1.79448009894648
1.7321868735912
1.69083820626942
1.68581474474065
1.71429412704473
1.6323486395145
1.63606618225631
1.64309883806904
1.67868432590207
1.62982829191026
1.6362119912815
1.68128150044479
1.68038911041804
1.69993141339579
1.72519884579585
1.74006082258105
1.7893495389285
1.9125273548435
1.90027183387048
1.89500089633237
1.91665000614477
1.92751221214001
1.90148038711758
1.93651177751329
1.90782334524338
1.9724241344756
1.95265594391135
2.00793822894279
1.92387521204697
1.97572319106894
1.979565448097
2.0818469066905
2.09449219071804
2.10521327761652
2.12453151671272
2.02192220067443
1.98114241120238
2.00914800412301
2.05754719957136
2.07102986008636
2.05537477599928
2.01540651938818
2.00222364244832
1.97602348503479
1.9482790741078
1.97412118284061
2.07639785298151
2.05953639471571
2.05263266872835
2.06052305614173
2.03520578817424
2.00256909705695
1.91804677239935
1.95915993689109
2.03035445030144
1.9668459024134
1.93632406948306
1.9665788718408
1.92343289813461
1.90115559959937
1.89762387486698
1.90371021624229
1.90716334643721
1.88814946059235
1.90512853089754
1.87292135132504
1.85510353440059
1.8695702099964
1.90173060074569
1.92225309261955
1.89964771472808
1.98066427194539
1.94556470270299
1.94772946827436
1.88748616903723
1.86185644860171
1.74416281525132
1.71588434091771
1.66619856002268
1.64160515404328
1.51320850838166
1.49283479458328
1.48151071261479
1.50421807946952
1.47974092461582
1.53728539764559
1.46501434844004
1.38296476041653
1.41877769381702
1.33114401909636
1.4226550441019
1.39384964035978
1.39795308177549
1.49121891398216
1.52521655714526
1.48420281900006
1.46893505252138
1.45476264930298
1.41140155968415
1.44214563864243
1.4549068627876
1.45129654196005
1.44664406210646
1.37945684749972
1.4060486989954
1.44973273617016
1.40203883263752
1.42684406770739
1.4352622651285
1.43321435313051
1.37892564361855
1.3982672113896
1.38504935490702
1.35890512063854
1.23883946075011
1.2529998535593
1.25818984499332
1.18473718869224
1.20339811527833
1.13121735907787
1.12300462608774
1.12494786639663
1.18752682294786
1.14078852349067
1.1363313240953
1.09651385634949
1.07938849419867
1.00194688043453
0.918205533200788
0.938249876273558
0.931914056242796
0.906993140250744
0.933604533524587
0.921498187489833
0.92607720622544
0.879693773018329
0.835195095901228
0.841955141553349
0.84238393071313
0.790324120702107
0.806709359887965
0.823982703654019
0.87886543905495
0.843303270608204
0.914532877450097
0.929273718856183
1.00115820596795
0.997851287068196
0.975410241282134
1.01268827273525
1.0283848275634
1.05287239017
1.03562828779768
1.07263999457853
1.09876996277954
1.09392847714877
1.12058209231253
1.0654772467821
1.08259339209208
1.14160424871537
1.17757052810145
1.15772245727488
1.14721886491053
1.08470879926409
1.07318785588534
1.06635763169875
0.993388186349046
1.04296742526652
1.10177429669477
1.08301574393913
1.15543814863673
1.11208875641648
1.15466372952462
1.17818388103223
1.22361359182969
1.20044105504254
1.25708117086848
1.2177449266542
1.18430658666912
1.25601048137136
1.22998320599158
1.22593496836106
1.25039258720258
1.33029950927711
1.33681720532723
1.31023961599177
1.30979328081812
1.29473604827513
1.27892124311392
1.30166370188356
1.26680319681516
1.31096735278408
1.39807153246015
1.43314514318304
1.30370447354935
1.35479687530253
1.31144946695524
1.35909201717831
1.46855793863012
1.50534671106706
1.47595403060459
1.4522545714663
1.50833208723373
1.47315063233118
1.46205262430774
1.54530611290694
1.559791624291
1.49085088096668
1.4696170175072
1.4700704874035
1.41036965811429
1.38195538425354
1.35617887656397
1.35276411071198
1.33618202160783
1.35887055862471
1.42009038915929
1.47669412939002
1.49682677275797
1.42498837281428
1.34628406652715
1.25904082116605
1.26191895098733
1.31854281426623
1.41727063120709
1.43103891339301
1.4425280457856
1.47426678321423
1.4693752388217
1.4523760550122
1.43532097076258
1.45006181564153
1.44848631107249
1.51911039855499
1.49714562737133
1.48750289183148
1.50883290150388
1.52302085876838
1.46804653979192
1.58104289661733
1.62466971910266
1.65589065663697
1.72020430291344
1.73740231378779
1.76069310322511
1.73436301874437
1.71887956876281
1.74476976750182
1.77237323843865
1.76775001321033
1.77112255328081
1.80173926257878
1.87390703399286
1.79896441521506
1.78668460279366
1.74236393647665
1.78499214037598
1.84232549824947
1.70986763066567
1.74601193101761
1.69213685637946
1.68263576207982
1.69306917029667
1.62148937288787
1.66270452322309
1.63748803968532
1.69196923933226
1.66828018496398
1.67631620130134
1.69175545079749
1.7393700540796
1.66876547956983
1.62287318406698
1.62256848689411
1.61277241889503
1.56386878379537
1.55155061926545
1.45961793178455
1.48048603964714
1.49269567939057
1.48180165573159
1.53249450887683
1.45089513747464
1.49074333361377
1.41614573702844
1.44993426321877
1.42248283614863
1.33020322430728
1.33829384403108
1.29204163801103
1.27287897622541
1.24028394199297
1.26289645932772
1.2020937317094
1.16536404039832
1.22181900650476
1.24412294816563
1.21765517130788
1.15854428547371
1.14857346424112
1.18070006368874
1.21894154911895
1.17798886936252
1.08364322084331
1.03434914611146
1.05204285579082
1.07892840606127
1.05319411964744
1.0937439826369
1.11454776460834
1.06020167819957
1.05663942146031
1.00166510133814
1.0977772584453
1.0989311091484
1.1353456974316
1.14818228235693
1.1316203267001
1.11324378700018
1.09813324034288
1.1641315284569
1.12272081814087
1.18326950559766
1.14210113630798
1.18114111493977
1.20245814602651
1.1839010017503
1.25022479194275
1.28375343385376
1.29420371229046
1.28927646649366
1.30608464469115
1.2908142956061
1.35987458200014
1.38151385641342
1.3921857190505
1.42669604307537
1.41529461460993
1.4239569574757
1.38223699445965
1.43833074940162
1.4332611966596
1.37564068248937
1.37768850241385
1.3769563027873
1.35860770731693
1.30924672178402
1.30708454066579
1.26782886934645
1.2730939807304
1.30635430283293
1.34612389121726
1.3452344739567
1.37283338492642
1.26628264013806
1.27444731295875
1.31478862686444
1.35741880569074
1.37555559484581
1.31055849017479
1.26672897457874
1.20789354116605
1.16524711474348
1.17694092095277
1.16964749096069
1.17863207666159
1.20434493484867
1.21806058076486
1.28886010024164
1.32969582688696
1.28706760598391
1.29584104920947
1.34277282990411
1.39947857622484
1.36647358262799
1.38856570700515
1.40853073691742
1.39865022013576
1.47927437340202
1.4825481745319
1.46972456657195
1.43417863232469
1.42988091766625
1.47617535388339
1.50951169180337
1.53639398533683
1.63984960843162
1.58307109641165
1.5343344633349
1.43301177896767
1.41468006490033
1.4479579286229
1.51366580525242
1.54422600899097
1.53928380451664
1.65927798661463
1.6293817688921
1.70211216369503
1.71841293379948
1.70086475157463
1.77444040301458
1.7717428789763
1.76667787956595
1.81538397606611
1.87954103807412
1.93705968157067
1.98985220905044
1.97596491488562
2.06349906153804
2.03660285929099
2.08318913700495
2.19382060816
2.24354840742793
2.27642813906444
2.35803811097489
2.40125446640802
2.40103461210212
2.41769907380198
2.38452492586909
2.4292386416108
2.41898078705482
2.49922123456657
2.53600262739532
2.50083156154829
2.51687245217195
2.4461698697556
2.49827372325018
2.51764155461645
2.42800214301674
2.36995300948285
2.40330605535959
2.37873172309717
2.37156866208885
2.43259805972406
2.52052592027452
2.54797033145354
2.55281378381989
2.42704137322587
2.44731136775439
2.40735519019467
2.38109165727272
2.44710918123442
2.4196214990709
2.39467995926458
2.41287457801881
2.40471977597484
2.44016137407668
2.45794226893947
2.49599185986782
2.48756392754941
2.41894152857116
2.40169197588917
2.28823080985537
2.32587629288506
2.322741009387
2.33020311119342
2.27232505546788
2.24464233656653
2.18816917343641
2.18968490391184
2.14102285758336
2.10163113394344
2.05581837557693
2.03743223057993
2.04187858978404
1.95129751454007
1.84781459725466
1.82445817436311
1.77648428180022
1.76917395185266
1.72575439918552
1.6006516910779
1.63897182056352
1.57453148634384
1.52569090717114
1.47059964111611
1.41975670660047
1.37572124980168
1.44324566949369
1.44130698884407
1.5158682247024
1.53690654907889
1.48705712901837
1.48546103548641
1.41634246602729
1.40975056977581
1.32941266652135
1.36437726454804
1.35439995672702
1.30902002693944
1.29636546286952
1.27191900343162
1.19800772123688
1.09885052309153
1.05584924210039
1.06081875926269
1.00773638409738
0.909486219163829
0.94166994699285
1.05553857923827
1.06542493859282
1.09409584195371
1.11350161160678
1.14080121369642
1.19555906236464
1.18601787390724
1.13719146859528
1.17434485979497
1.20239199118102
1.18202300296172
1.18502222826842
1.17279360967104
1.18808359150032
1.14840886423551
1.08873771110667
1.025086693769
1.05682075833227
1.01331960041339
0.965951943804715
0.998749164105714
0.979560318309835
0.958914739738613
1.02850400840336
1.07445827535014
1.06491606125785
1.08426915247192
1.14554795422748
1.1481749729891
1.24916942971175
1.22251834635354
1.33071744358389
1.39933575077119
1.42215006875882
1.38633748792332
1.3410211549379
1.33595582529346
1.36404330342783
1.32110145928987
1.40136379514934
1.33704585649039
1.27423929771263
1.20342471106886
1.14273204699748
1.17846118453852
1.1489996069484
1.23792616552075
1.30649658622174
1.29510812939361
1.25984998117668
1.26216353607274
1.31790708308609
1.22037728432266
1.24778971961771
1.30529393370323
1.32799740230245
1.52179983564414
1.55782459681522
1.55559226786275
1.56403566452122
1.56554878432309
1.57296241472027
1.60784825277522
1.58955227599955
1.59825293257736
1.65012433266435
1.64393925915827
1.67651284577302
1.7789081701651
1.78860351156821
1.89672247691794
1.88207203308473
1.90033135093074
1.90673419483021
1.83009016495912
1.88723859357021
1.93655514256824
2.0003598397054
2.01718919877934
2.12769658444832
2.20867339957039
2.26021927583602
2.25287080466943
2.20396249930439
2.21529545351933
2.19636486964492
2.18485792392695
2.26277680964235
2.32816732689416
2.44503271412892
2.46113051953762
2.46741770534941
2.48883569517482
2.50418984291658
2.64220726311184
2.65836924560546
2.65242649744491
2.694535631675
2.68766773454454
2.65242064612314
2.69960323351404
2.7107058264918
2.71891012964573
2.79515796381694
2.7729125321252
2.81060895469803
2.78816927625914
2.78676594001261
2.8644749564782
2.79167375794692
2.79136581015981
2.75368692544801
2.81886724527076
2.9030640574709
2.90572910047289
2.82608531915523
2.87824520274711
2.8160924179122
2.84129329677817
2.85391223826955
2.91180886081701
2.94885300388249
2.88951988938376
2.90641060673437
2.91906662470192
2.91365599000829
2.95120232603193
2.88912362196916
2.98992982532109
2.9946582548343
3.00749097932812
3.07745696161778
3.07876675076949
3.09620258750769
3.08683404286019
3.03719888208368
2.98232071517553
3.00103834071369
3.04652911538717
2.9970992779448
2.96417743963797
2.97901900736487
2.92810267483769
2.86531645725331
2.90639128821999
2.90293626331828
2.96331537901088
3.08119505130463
3.08261573469599
3.08711914833981
3.01771205335183
3.01451242914763
2.97850517134611
2.94794797291692
2.94463365096327
2.9010657129231
2.92264786414081
2.97502461724298
3.05120510124898
3.04027554482423
2.97335880301431
3.01822691780659
2.92728551724634
2.95491593042551
2.95804902257554
2.84765056873873
2.80076924383434
2.82045783631947
2.83994073662729
2.86501683920902
2.86897217557552
2.89321092961574
2.8777266403485
2.8370942682132
2.74002590742291
2.71162800801579
2.67648044997452
2.6514729687673
2.62057279722107
2.64971210529115
2.63941509286107
2.64282721035047
2.64374183611727
2.59670899270948
2.54805201455039
2.44338032050804
2.4566657054249
2.44008180170178
2.34647159365305
2.40625418790583
2.44018554905653
2.44203808121305
2.4422174975106
2.36331789963011
2.31818651788062
2.26314100564891
2.26651356930936
2.24944099799481
2.32756957148861
2.31536989728054
2.30081953006184
2.26947034180074
2.28188582239435
2.25115944661762
2.18832252809383
2.25147586190206
2.27966535195469
2.24692283766857
2.20868915107235
2.09145226178192
1.99764065517157
1.95044313798528
1.93771110858357
1.955301491458
1.95140789769224
1.90740624157086
1.88403680206663
1.8082339970552
1.83300415409606
1.78311104504278
1.69304294138627
1.68180134071741
1.69780583957131
1.71176319735392
1.69092242879011
1.62428938816782
1.56134854561006
1.54947149823032
1.46146425056045
1.42237487009591
1.38081861506515
1.38399300546533
1.37997139259376
1.4633177596504
1.48604399952454
1.45680660240118
1.56599835594311
1.51593892546288
1.41378855213245
1.35054432627517
1.27582257231531
1.22343466765848
1.16848036028482
1.14075986050792
1.14644655793845
1.14304588582475
1.11391014252278
1.05430774031738
1.03831739602717
0.984907067281395
0.969217314802945
0.935802768106781
0.918602943874276
0.909334556497951
0.8540915577235
0.728195508812814
0.698977622276949
0.64817280149891
0.703961435299966
0.678879177493817
0.712868942320731
0.659755052098767
0.621589300384754
0.607937213018132
0.620172006976334
0.603793230424137
0.613915648829238
0.561648796530496
0.471080394324588
0.451204186161278
0.491611333481604
0.564374979900864
0.61805404410883
0.622376443178124
0.574435017902975
0.644907325095074
0.657947874034782
0.699922961078359
0.641616416853725
0.661134336509971
0.611553863799969
0.712633539126176
0.786819925164245
0.784472602468901
0.787633984282221
0.679396598704622
0.579598671912525
0.621855876158989
0.62457676043471
0.616817488908258
0.557713091192122
0.54729592842426
0.534973842982882
0.50243856902105
0.507512621511254
0.540643019188578
0.485269113176346
0.432289298255144
0.411936391817657
0.403476766385195
0.400878649999279
0.413160400611834
0.439650894969109
0.433559346619045
0.377830731778925
0.422127315551588
0.363037826245773
0.413288868747737
0.502271962347152
0.460896340900733
0.46551439976177
0.550544124747725
0.574372195496062
0.577338754957371
0.562228847923621
0.52245269736384
0.550609012226174
0.516631378692863
0.451874614008384
0.505491061172202
0.516127156278846
0.548768973015864
0.541568433207932
0.572745822519053
0.599135616233217
0.62468928373551
0.693822957925316
0.79398918828715
0.876984060320124
0.969236391818405
0.999933676928698
1.04324534942497
1.09343851242603
1.0540645654262
1.05914577387454
1.1474356765979
1.14350437414612
1.10814167337035
1.10544607200273
1.07496187028044
1.09738791791878
1.17260729597967
1.15745778073557
1.19182972543082
1.27463810706988
1.26729652755874
1.25614130186583
1.31373391883048
1.34355547391983
1.34084760033227
1.33353467051805
1.30014762766561
1.32376071260784
1.40055559241512
1.41878727262915
1.53368458461412
1.57428838398643
1.54953444572389
1.53021073546863
1.57639996848009
1.63779453983367
1.71036187294634
1.69331064209505
1.6173330272779
1.61817441769677
1.57293443325668
1.55349174924433
1.57840673433629
1.61665473346812
1.74380266813473
1.7527612457678
1.8042290635048
1.78801550258577
1.74248116621837
1.707590088295
1.73958284882515
1.71591846311637
1.75807306304936
1.7900736459304
1.81487383831144
1.80955754267661
1.75372727359506
1.74279040390387
1.68754057130374
1.71523242475644
1.85867248599129
1.88352082695083
1.93095949429537
1.99652294220067
1.90652505408048
1.97615614948862
1.96385656665878
2.05377312021218
2.01669666292596
2.06191727780738
2.00412143096445
2.08297586890058
2.08085632250967
2.03182644185141
2.03463011599188
2.05021443005383
2.08333847461723
2.13336437493282
2.12755709717529
2.06984413798822
2.08006671205672
2.06310735682685
2.07906355086536
2.07070426526832
2.11231578211718
2.12555868504504
2.19571943460859
