1.24775012008792
1.26879907431404
1.14922210304462
1.13517788031141
1.24402442707563
1.2880819469034
1.3144834439539
1.29751561598578
1.24990840730743
1.32793436952421
1.3646248951582
1.24574461050348
1.3084068826517
1.27091617366221
1.26205195622572
1.32990795008139
1.33568467928538
1.38960565755012
1.45941338724792
1.50121207156964
1.6015972175786
1.60934303323411
1.61377339407615
1.66024713885178
1.82477844514837
1.84871106293591
1.86249436744805
1.93089692936727
1.91806524021103
1.82557971672948
1.84034243866661
1.77525919968569
1.71470088956808
1.73405017862068
1.71808872060841
1.66717047635463
1.65404504353159
1.5743243136452
1.58269869755659
1.55015255758344
1.57025775357199
1.528570293947
1.4937196696823
1.49361966185617
1.4676186569562
1.46355829559655
1.41217347087362
1.36326502682188
1.42456412406528
1.5272341078329
1.55081539195347
1.48762748642661
1.54204654828876
1.55859434928688
1.61174256462569
1.64403212699436
1.62619365319396
1.76914247614797
1.83002341397445
1.91854375382907
1.91024744513943
2.05579394718255
2.13046897317259
2.14662754719585
2.1276289573387
2.06194375192816
2.1520466983957
2.32936155561237
2.37423662313036
2.46063010496323
2.50878250524451
2.54786190523315
2.55579473049359
2.6488963565873
2.68616120727868
2.7007314858561
2.77380533384765
2.79338643051669
2.85219876359269
2.83111525369742
2.78063767989765
2.87667682227827
2.93485779009255
3.04343699486165
3.08945743438015
3.12753985556699
3.23055455177613
3.25773724964343
3.18036327191467
3.23430271836836
3.20802897214922
3.23268128677141
3.37383361289389
3.46850842735372
3.52422723887105
3.53775705551021
3.57585242332404
3.66462771264659
3.59698352775272
3.54984277147123
3.62879921198823
3.78603521136792
3.74394997706616
3.80911584852348
3.87027319423938
3.77749040867652
3.72195474090746
3.72507993457812
3.56405066323384
3.47746291738716
3.47918919793945
3.37482646902314
3.36519030150705
3.38922304849828
3.33499639320317
3.29629644408032
3.32979892423898
3.37457294664519
3.37832635121753
3.34100598347434
3.34160452502382
3.31514156618144
3.33379468128371
3.34064600905766
3.28300333899812
3.40440228471728
3.48587055886457
3.3873065975921
3.35282732400115
3.41603817344322
3.36568046199602
3.388731921101
3.38711017624662
3.38612982559236
3.32280766415824
3.25046380732124
3.26837471764851
3.16558146624136
3.23136746865669
3.25543180599084
3.22781816246615
3.20249486045813
3.10700053862036
3.08289934828891
3.13439002581937
3.06628185504983
3.06857255743923
3.06589726126702
3.01026739653003
3.02527408902414
3.04130020642815
3.09046347720128
3.08384850505229
3.14701283798142
3.07704384500182
3.10731424617633
3.01546827843211
2.96243266041501
2.9906952546004
3.01089046408671
3.1112212988605
3.17848054657112
3.19070670949897
3.24106363253258
3.18099727976807
3.17581396364688
3.20860270450873
3.13612567676095
3.14164712255987
3.14325309205957
3.20542045822386
3.12138999181385
3.13672271367561
3.10581074586234
3.07646674403062
3.05671311451123
3.07126268623375
3.09560804336735
3.15211250645306
3.0991096453598
3.16213431012178
2.98982495488035
2.9619556760626
2.94918969917252
2.8901514325502
2.77178669642963
2.75065317963469
2.65875372192813
2.63372876469301
2.54892041627511
2.50483706271801
2.46821564778156
2.38553233362222
2.34223902836189
2.31730554069992
2.30134333249882
2.28176910688929
2.22710169759847
2.16372179947745
2.02482731086403
1.97724757731845
1.94640800272458
1.95123268555826
1.9642816724008
1.8265548381565
1.88322145932184
1.82825389227175
1.8128142501724
1.78321490733053
1.80594042582083
1.69776815751782
1.49387583781228
1.32020008761794
1.24759031718373
1.14399158314571
1.06005823760209
1.06096137013505
0.903840191820164
0.936504141380353
0.904243524534234
0.7804779895463
0.762105813023341
0.640098688013624
0.6411370329477
0.628417529076261
0.538175568976896
0.586969686575956
0.663679625115647
0.598905995819793
0.527208545371511
0.523027340889944
0.445992951650571
0.436157483236044
0.355402485090869
0.329922122054802
0.390783669408516
0.445483871429155
0.572652592975524
0.647877458169455
0.637866093260224
0.637591815650724
0.704035128236081
0.715184922090958
0.800924803927702
0.738438326189817
0.736715161705152
0.742407167517602
0.776786198909267
0.698836009952328
0.693290422530065
0.681576474722954
0.599300057506132
0.727032787741142
0.848052190207729
0.809548852634163
0.855500402554781
0.922618099507018
0.962159750430269
0.862251277357661
0.852041564612876
0.921934621169041
0.822229789787278
0.885795904798417
0.945222286603515
0.916148837263995
0.955830363651901
0.842845430847276
0.822669084566984
0.772667429884053
0.686961974344623
0.587263979582749
0.56629427856049
0.616719998344169
0.680800209483116
0.686857990351914
0.614993177641219
0.485540482008608
0.433601711880835
0.443730311301665
0.369578162405948
0.345677770896679
0.362781795869843
0.430154904110673
0.457208248612887
0.540483212229816
0.536693495233312
0.628558756207669
0.647223762954191
0.550992794301444
0.494848606412323
0.462641156490506
0.398538436884642
0.312496619508293
0.331932899589791
0.244443710600499
0.277399931543553
0.296256622247396
0.376571585922391
0.46456415367481
0.490682528803565
0.533863864754815
0.529110081012605
0.549782995519796
0.56388764333934
0.690328576694854
0.572030972568532
0.588106949397113
0.618699884770042
0.650600268826633
0.60023829245858
0.608867950231553
0.677081038555728
0.786775107390859
0.851410144024592
0.947808152710537
1.01648415906533
1.01260620545954
0.992933679230772
1.08438161928133
1.17871422598522
1.21748441025475
1.20631297268757
1.21639860698154
1.31902935852025
1.36716816960957
1.32305778796962
1.4105171591185
1.4474199263877
1.44523154562799
1.65961708113667
1.70714243212989
1.65055059607785
1.60912713354163
1.6909256945875
1.72067199752894
1.75902844931867
1.82443069578379
2.00495250367007
1.95582744771832
2.0998450643979
2.144226604097
2.20662864021765
2.21283378680699
2.11510095849062
2.12333853458693
2.16474897588654
2.14995739873725
2.06404986288713
2.11779178831033
2.18582449786991
2.27985892376884
2.3822919879822
2.31198525298346
2.27913647828618
2.23185065563649
2.3156193304089
2.30681266861105
2.26662657708014
2.33939881167688
2.31895436684581
2.38317204337387
2.40492735149321
2.37079419063858
2.35064565969086
2.41404900676379
2.39486078571301
2.42262377768178
2.43582590845072
2.38055718155653
2.33850438553458
2.29841489444746
2.26453297687346
2.22741473701331
2.21458730605821
2.20943041407715
2.30551467191265
2.45188517267282
2.4887393582342
2.50031829421349
2.54975846370921
2.45291178473574
2.52014356426734
2.48580556402833
2.52009263471997
2.50524472918665
2.51778508047188
2.40854616630814
2.43731470965384
2.40550396145442
2.3998146577114
2.45597612912287
2.43598244805455
2.43148245398533
2.38883832466404
2.35788995225984
2.32562105514457
2.38868541108815
2.37251052456106
2.38156374988684
2.38849332433891
2.43984653635999
2.44695139102413
2.46753913126729
2.51968293927571
2.50990464920309
2.5389069872246
2.67555889098017
2.64253872791057
2.55536574266281
2.49612351809464
2.42691585938544
2.43639340985108
2.47948622388391
2.49140099252317
2.5337835348257
2.4820856431563
2.48711007058707
2.46353238751229
2.50921658903733
2.53405218433348
2.4280039556624
2.42004132516758
2.51479957548793
2.59229349777443
2.49111605807197
2.51382223316414
2.55456876545116
2.56264291978878
2.62355505101874
2.61342433043011
2.60292574709189
2.50330912007493
2.56745457029978
2.5657230538188
2.4908519105357
2.47600402613136
2.410485266688
2.40438925182916
2.36441413974679
2.26338872710956
2.26583173436831
2.19205609590727
2.16384075189643
2.16687467160561
2.16553268244771
2.18848311083137
2.24932669175055
2.22532765761575
2.15774324045694
2.16789659849294
2.16222539624621
2.08029064523347
2.08508029617382
2.16649630612197
2.16878491041833
2.21240705985148
2.17197708482103
2.1456054307288
2.16193356366575
2.20173548989491
2.20666301430888
2.14228595251896
2.19167558142008
2.18224949964189
2.15817148697865
2.03322641633528
1.96514521737488
1.97651580411619
1.95240641898689
1.9473740174879
1.85753384179549
1.81952729752911
1.76101303224188
1.74624073240196
1.71036623219718
1.72146425216474
1.67658386507244
1.67118347976372
1.72397082816556
1.62285343808193
1.58286643456024
1.57143721140256
1.67709131280769
1.68297492882938
1.71016286617643
1.66103026627649
1.69268908434118
1.6278219779365
1.69590775017375
1.6751469577841
1.54096097087751
1.52696826889146
1.54701144161704
1.47390446614782
1.42976420016369
1.51358956910897
1.52329396899125
1.51833815232918
1.53619621774161
1.55642965074059
1.61386411992385
1.6234716922717
1.60368495984236
1.67089815338563
1.75086449989932
1.76141219569025
1.84321253128558
1.83449497514471
1.81761820206269
1.78011355756933
1.83631447526477
1.86231726716642
1.85852916161433
1.83872206914708
1.68643003891684
1.63257689221214
1.48910942763821
1.48442113352159
1.41065001733058
1.38585610594246
1.38779495005112
1.31177459162783
1.28412808790875
1.34042415317874
1.42012343187486
1.37033562179856
1.319594123938
1.36109364722786
1.36788130740604
1.31287400570814
1.26294141022126
1.26109383564781
1.24381198792921
1.21595435966029
1.27613490805161
1.23899415371857
1.22487068206851
1.28361767386127
1.25896853806018
1.27159188029531
1.34687549172991
1.2966511404805
1.27358034468459
1.30595338714319
1.2933666060527
1.33188233066732
1.26124077632827
1.11619664253058
1.11410403668451
1.09920773533389
1.14494546915399
1.08923069142627
1.08373180388952
1.09669940616383
1.08271173453656
1.13873519906332
1.01612651313509
1.01679062781324
1.02927884964173
1.016018303326
1.09887935128952
1.11290477695847
1.12643507482065
1.11812139270142
1.03281789349061
1.00698410871786
0.958620864677362
0.88709724272937
0.899208036059823
1.00821208658569
0.98106021171481
0.869030699930608
0.872530977202349
0.890176712792641
0.87091487383441
0.851745988557319
0.800933528329173
0.772910789088815
0.779888292579614
0.887929691323223
0.883998468967086
0.986984846884184
1.01568746712935
1.10860161446298
1.04658073677988
1.07400524470776
1.0262182348409
1.08479119012831
1.15762223531687
1.16562776142124
1.06096386170566
0.892563862130644
0.799378764152487
0.652222812722632
0.709789732100933
0.728549662149848
0.683831465496815
0.652707234550768
0.658514789274063
0.554121262352407
0.495833319495435
0.527208209536596
0.57135690852137
0.472728124872516
0.534162618488527
0.473858083325149
0.400219820868366
0.413442565693628
0.472910601307034
0.520410894548508
0.563314718819306
0.547081718464972
0.541292739849478
0.508926439283449
0.50281019808274
0.495010267982007
0.456028636321703
0.535987053553767
0.510411824032138
0.549387798068519
0.642174096476155
0.671494092704326
0.67549234334483
0.634252445997324
0.525570523045467
0.570358009852782
0.63763779188832
0.713725248574914
0.781446655138924
0.752104107821541
0.837614915864506
0.918382228932973
0.901036729455958
0.884622334511285
0.88931230909913
0.922204722930283
0.877325371043751
0.975697321664497
0.955646866918574
0.865875872375234
0.752017844408302
0.720451371931608
0.615214560356004
0.669866428730238
0.594689802711564
0.627323069677114
0.783656803938509
0.800027792736111
0.748978686525416
0.725754033876559
0.77651299594757
0.823997478849892
0.830274234387667
0.845097839378832
0.833461274831844
0.79188734865773
0.930596211685583
0.916357278823837
0.850755505051543
0.905490176300712
0.99069906858545
0.97151605686448
1.06534217506287
1.06143683265937
1.07866009908524
1.16168339941812
1.16646459973898
1.12861037066288
1.08935477325409
1.03635877401792
0.978613797765944
1.03504292474178
1.12813117218921
1.14737294181637
1.14210120158236
1.2089028953004
1.17792844946087
1.13448264298321
1.10656461143885
1.22581468878346
1.21679352849267
1.27783277856461
1.21107508519598
1.11333496142234
1.22280348696632
1.21795231690969
1.32159329685667
1.36488967964001
1.39177615870793
1.48194865306207
1.47176022005463
1.45202430928926
1.48580566281983
1.59568315129804
1.63028478033567
1.62778985488736
1.67024871732743
1.66393552199389
1.73562947450608
1.73721098590041
1.85465622671413
1.85027575139001
1.89652615438855
1.98551169220225
2.02637072673951
2.11751130893813
2.10774343888723
2.0759957602715
2.09940669269612
2.10355471926664
2.15121302871422
2.17297036731054
2.21405335217297
2.23544557618139
2.29325649583525
2.25060631312392
2.15071362513863
2.03852975445226
2.06183977954673
1.94533717486121
1.93482790224037
1.90098114476548
1.95864544696069
2.13914346318802
2.15557326140606
2.16476780859155
2.25189622612954
2.21015503403782
2.29426375284269
2.26082415451933
2.29764955648694
2.36286555557483
2.33846285921277
2.37508980951053
2.36599299588069
2.25980860843138
2.35647904047165
2.39999819637216
2.34281589983413
2.46146780144336
2.44277768535883
2.41583775754855
2.45533424522614
2.43056477276075
2.46973037381556
2.41135136139619
2.34203969569564
2.2918961491654
2.22956402139232
2.30794568239778
2.31886415631931
2.295770863361
2.2986859976787
2.22577778853037
2.20878948054365
2.22703574324457
2.27084827142313
2.29644781167408
2.27579023957262
2.23510123983401
2.07971990139769
2.06641728660312
2.04455576794758
2.1367749290378
2.1928193654874
2.24306486350125
2.27907518681915
2.2527310797241
2.30439137611335
2.32860414891395
2.39213941299996
2.33947769244879
2.32417644214413
2.34326085900947
2.23755579018246
2.26741050574479
2.23697685426468
2.25514379171956
2.30880992635881
2.32336500700537
2.27676261702456
2.26410199792057
2.28300674034962
2.16743916757314
2.0938226802589
2.11818904483858
2.11195746262821
2.11814087141076
2.14320354709279
2.09115926926988
2.12342691224678
2.07598193085786
2.06570396352831
2.04702400056932
1.97063390087781
1.93692632395104
1.89125320245409
1.80064833840569
1.8787282812683
1.99472171881254
2.1153901594637
2.07239111828816
2.03212181990351
2.02260851905786
1.86621939218125
1.74856589433691
1.72380331974975
1.73970171370987
1.84189739417053
1.84511489895609
1.85644095314038
1.93511796659324
1.88991458827586
1.93419130284654
1.94902506570577
1.82035430033904
1.91079547197573
1.86845405060238
1.85633749903439
1.86717856955808
1.80500146213823
1.79347471988242
1.74322871610489
1.73001034872672
1.69364627067181
1.60074488832505
1.60178592416319
1.51694581673531
1.44253287029949
1.42004831852727
1.36204400067327
1.32785586210922
1.27836487176748
1.30791074727123
1.24261088320057
1.13990589667175
1.08148833313824
1.05888585877228
0.971691136746517
1.0085801816347
1.06387610055639
1.04750009878306
1.03474258632975
0.994727735095218
1.02614308013537
1.06799477379765
1.04781295115207
1.00144024635177
0.911942770306472
0.855584540839868
0.852027952209003
0.88396941779793
0.830714408065691
0.864900062089876
0.830986255339418
0.870469958369077
0.803596728401206
0.779204217160465
0.806833780521585
0.870387975313519
0.736163075140606
0.769922968913569
0.818482980692691
0.801609300359157
0.825455609174943
0.883681624425709
0.827817726830435
0.865964789733306
0.78676815472324
0.920415904758887
0.943444998386808
0.951025722061119
0.962344534597854
1.0422939570308
1.08291523696152
1.14123995560924
1.28811364264374
1.36968494531196
1.4046259025765
1.37626108069089
1.30529425296345
1.21447180304584
1.13991492710809
1.17052559661727
1.20391829162052
1.33339786480155
1.32640012933043
1.35230946122025
1.37881551843775
1.41854565379634
1.48353385652576
1.46165269378593
1.40430073517455
1.51049861220061
1.48093415836702
1.57558083055656
1.58182358860084
1.63174333742464
1.64038903541699
1.6574937410391
1.69555684220779
1.69021092301088
1.67148984076377
1.64747287606493
1.63377852030524
1.61871355928686
1.62239159151315
1.64375901288067
1.58422461490569
1.55882113520534
1.60823384637774
1.53171465216639
1.43937738389781
1.42779186871504
1.51820848693542
1.4464746335019
1.51744362156787
1.50805079653089
1.40355591281581
1.43426209887237
1.46724577226564
1.47397303053141
1.49246624264538
1.47961990358793
1.4667536323972
1.41244299960346
1.37480529689315
1.34202150689529
1.46736421076018
1.47398935511953
1.49612215898634
1.52913343771786
1.52177149828466
1.47508943108273
1.4739620852229
1.57203770883943
1.67512686957374
1.62086241525473
1.65594476473916
1.68814000690768
1.73043088274389
1.82064376862862
1.83680952028118
1.8455653351184
1.81790762485971
1.88775209808449
2.04529295056672
2.05371919963769
2.1360028536249
2.18597849620224
2.24133357627884
2.31784460395144
2.33308588665559
2.42359483903395
2.40873871760694
2.44369800876199
2.39346309683731
2.39897478835361
2.35447822818893
2.34714011131069
2.28543561806897
2.33140015982082
2.37158164672754
2.35435278427433
2.34643326280411
2.29354884761815
2.3450385642349
2.36971941145911
2.28027539064694
2.18237659931672
2.21135255326838
2.21528140911547
2.29544131430342
2.25869465721168
2.23169685315319
2.175359028306
2.20310687768862
2.22309317089291
2.22145005921092
2.15618812009493
2.10510243801702
2.05957205627407
2.08007996005398
1.99497748823155
2.00403521811553
1.91946019324991
1.99154897863482
2.06407144846522
2.07201433450598
1.97952854845936
2.01365813484412
2.00557272106524
1.99458086260713
2.03505102252957
1.98388645513045
1.96605275791586
1.94916316820149
1.97481292103358
1.87614717849398
1.81509012197848
1.74226056877561
1.76914152714926
1.73852745033007
1.70260781015241
1.69118357194764
1.74195361717274
1.75950213236254
1.70475090049823
1.69475205241172
1.77231821381525
1.81628603317048
1.82670845567156
1.92656116721262
1.99036965971056
1.93128778301138
1.93953894550228
1.94113436286379
1.9017539499752
1.89374742783377
1.81715392890198
1.80459508754046
1.85133610122165
1.88134875922273
1.96863990486037
1.97241775914171
2.01709068163057
2.0203180415436
1.95089084133335
1.93352403058149
1.86605216006747
1.85175566043899
1.77126911773787
1.72847431122067
1.63344457395813
1.62163294652367
1.57125564967672
1.46589522691285
1.42722592976144
1.45224879551133
1.40602700559123
1.43351298406576
1.56263802646
1.54777762886259
1.57030000665256
1.53158454337929
1.48495820813232
1.28683258540452
1.36584019180317
1.32879311603484
1.38247222141597
1.325628014338
1.28884832266478
1.2517792915902
1.26242066420477
1.27204402651299
1.25709249873306
1.18638726007758
1.12190614721787
1.08700349551952
1.10500472691826
1.0587606327985
1.08971429123967
1.01467395810177
1.11760660977307
1.15578478353746
1.26749007045636
1.24461894684035
1.26301161717579
1.24820807538028
1.2643073290398
1.3134461253772
1.25295821977758
1.26689109029711
1.20554746705464
1.17217566013347
1.10799485307103
1.07254010989532
1.04570170308738
1.11291125217345
1.13221816766768
1.09302630773318
1.09560508414385
1.10288046082376
1.11606700445017
1.16029500743879
1.13564892214694
1.18419743788947
1.2923964178997
1.33213204685406
1.36816046062482
1.42083586306222
1.3520964695735
1.35231729809705
1.34012179123657
1.23491231722867
1.20346509668931
1.16813839271312
1.16410594541982
1.28809620156553
1.28644494576752
1.23702347335351
1.31549332549723
1.31499977238982
1.29024160332341
1.26573684759974
1.21345618850742
1.11963235414868
0.964784501255359
1.00033264117074
1.08766456654898
1.0581303042839
1.04118962303971
0.996278153512065
0.848352846792945
0.874757894084503
0.857063608146146
0.900460162829843
0.910578734279238
0.996089257642081
1.03650564542286
1.00535541926169
1.06133560331314
1.04308260286936
1.01632591633946
1.07166895540087
1.0002602561547
1.08715655917148
1.07536241769691
1.15659765201752
1.19329188512843
1.16702815609334
1.20042921984671
1.19718793367262
1.2653117456223
1.25219533709717
1.32389665178757
1.32996845867711
1.35589429476859
1.36068802638859
1.2647563050259
1.2882314329404
1.24118947523644
1.31264841025647
1.29394214102808
1.3769396527617
1.40933702662286
1.38993128532515
1.4451931945313
1.44936032274292
1.41891677072708
1.43758879367717
1.39698578972168
1.32126031519425
1.34657389675135
1.38410289071154
1.4338274116463
1.41809135842518
1.3719360442517
1.40550439278256
1.41858821889122
1.4845440087765
1.46873286817438
1.41637544030587
1.40367971972173
1.45453933151422
1.49435340718952
1.42787754115961
1.46267979771016
1.35170542551713
1.30254732590946
1.2892796441402
1.19728425522951
1.20968460666138
1.23070961204996
1.15534629920007
1.15720019770352
1.14794837644458
1.1274809628708
1.10757116461659
1.10612249542344
1.13308130046748
1.18849947688785
1.16043152998252
1.1830222426182
1.14620486280711
1.19633684395746
1.24673659214993
1.2210751819209
1.2028172179688
1.16915334384284
1.03588745963518
1.05419235153441
1.07250386424652
1.10474171149427
1.0936762904382
1.06542173043614
1.11118396686624
1.13216535179285
1.16732316881941
1.16277951156933
1.25226901872581
1.15973092428503
1.18639105151061
1.20357688259265
1.21079650431087
1.21783282368851
1.19568874772051
1.1579891489863
1.20325120591172
1.18499324644914
1.17193814098862
1.15210177100057
1.2226338159955
1.20002543070652
1.13375273224636
1.11727799445332
1.06091464061949
1.09627282976481
1.03502794775942
1.09911824762107
1.10349017442394
1.11913792839639
1.16324060604175
1.19058753887326
1.22033490820307
1.33379256726204
1.4059438633166
1.41481200377167
1.42394346428906
1.38603956201267
1.36224253050834
1.48818335998505
1.53617546023476
1.55449854580097
1.50906754638088
1.58481734180895
1.55633201288793
1.6690377423612
1.59289206000593
1.49862644113351
1.53840298860059
1.5763267300698
1.6001364949222
1.52718019661427
1.6411739110488
1.6091535485991
1.59632804202832
1.55311861522218
1.657550765038
1.74431262474157
1.89635177345715
1.9101076120515
1.79264820742553
1.87118945638578
1.96610160229518
1.9715874039156
1.97997270501715
1.99335709953839
2.04762067203702
2.06206156855508
2.12674337063771
2.1606777267891
2.10954502220038
2.04002955213636
2.01812365848183
1.99192978144111
1.97238568421224
1.93685914419822
1.86636841287056
1.8622998094944
1.77684562103483
1.82313571166332
1.87876123481877
1.89544544058627
1.91018113317559
1.9298677820558
2.00707522542334
2.03708715845474
1.97693625813295
2.034945448326
2.01721546258263
2.00208801575273
1.93840555250182
1.83943673558636
1.88093577428166
1.86317634927378
1.84906697040501
1.79488719420817
1.74245779408783
1.80909981128823
1.82080362032956
1.67923100974175
1.66910743017815
1.72783478962269
1.82721583754016
1.83207974151193
1.85193262758667
1.90289218615419
1.86959050425983
1.87852441171505
1.93772243599687
1.95048541910569
2.1007434077429
2.22030034144851
2.26028332461274
2.34785709949451
2.35597992676265
2.32463479449007
2.40207631994628
2.44258995910389
2.5388613238325
2.52111345080623
2.54162674369462
2.47596628277917
2.58015900666064
2.68052455881143
2.60135460274864
2.65466496564912
2.73440802447208
2.68326402338709
2.69579745669482
2.78801996925271
2.85902959258917
2.91505347607998
2.87333303546288
3.02641565136937
3.12673959115243
3.26240806828242
3.30009304991306
3.24752451661591
3.36996944227582
3.37068944140699
3.47436470563372
3.45614075802877
3.46131070630096
3.49338716801151
3.47807722552726
3.47128210991526
3.45419358936126
3.42074415123751
3.38754637064316
3.33883156244531
3.36527391041086
3.33012417538723
3.24976260327662
3.15439663642566
3.11232404946964
3.02031619711016
3.05702554597973
3.06810854829862
3.07375593709045
3.02399853398878
3.11294259818419
3.14269043434121
3.15636119248699
3.12359549527218
3.0924870845802
3.12736284711336
3.16020834285924
3.13288865987822
2.99783043962515
3.14745429406889
3.14036437267081
3.09903028994478
3.10485645473814
3.06140469054853
3.10939191663838
3.14409538737097
3.05716744751435
3.04561724550331
3.11905899559954
3.13124636108126
3.16321539147618
3.04672250958821
3.00712060709447
3.02511497066881
2.97457320619642
3.05105213658669
3.02076080110249
3.13566786171498
3.21096922564374
3.21718778329436
3.26147618931243
3.25852717359898
3.24175774702893
3.11856303188371
3.06846307626958
3.07635357590081
3.11638519003193
2.97213447198816
2.85167130658431
2.838432935785
2.93704915809829
2.86727553812827
2.80523299531429
2.78676867111782
2.72801808018085
2.75237712639765
2.75022722830762
2.73187168139376
2.72684391139806
2.61702552556567
2.67613994440759
2.67244215640843
2.61923890985627
2.5436806474012
2.44290265728239
2.39003231593668
2.33297550382312
2.34173492892441
2.26687830401569
2.20412460808466
2.16628204895417
2.10261982219125
2.07015750662373
2.08030105044983
2.09927900150666
2.07841734061264
1.98959263562527
1.98189605834304
1.96637161482837
1.85777827805001
1.8848821401818
1.87617012056322
1.84622044138713
1.751431472266
1.72761893790798
1.77868549540657
1.77395444183531
1.8080977192632
1.76480993974678
1.78742696838041
1.68499656050717
1.64530953951809
1.73134511880744
1.6418793645639
1.62740970080612
1.57782776036769
1.60524010843944
1.61460685065674
1.5240026384735
1.55420587862657
1.63902988127399
1.68155809163662
1.74299315879537
1.75747768853729
1.79426406444169
1.82556651646475
1.82930161350895
1.87698819580366
1.86046682617067
1.8248453621333
1.90777616566834
1.9697290863966
2.04789706512773
2.0921732492737
2.25946712479651
2.26983524890576
2.21779977579857
2.22879945844779
2.22908622976369
2.16045743499715
2.08584421327574
2.1068629949646
2.04209902314292
2.19680133782231
2.16488101369559
2.12034246495177
2.15373311342434
2.19573777263556
2.21238392106888
2.08020742818765
2.08056495558872
2.01189137586331
2.03831266437389
2.09664585945139
2.01979913094701
2.08212826203745
1.93627410573253
2.03795736043559
2.00003291287706
1.93630744489604
1.89173875519097
1.8685963041807
1.91169818954165
1.88853615036411
1.91184370537478
1.89206752466671
1.82369852923442
1.83106811951171
1.84676107882307
1.88578586526211
1.94891291574109
1.99411992128181
1.98224575690597
1.98897708002343
1.97134614817398
1.98466568307965
1.96405799528795
2.06133311487373
2.12885628615649
2.18444511233943
2.09769971871527
2.138668261809
2.19787833463315
2.19190869494606
2.13268712640435
2.15471416240385
2.2709081092036
2.16431650572732
2.21496202713051
2.25366828644308
2.16964298767265
2.17809082238621
2.15777203796403
2.09545372265099
2.06305791430719
1.99687618903817
2.04138972668892
2.1380589086857
2.17913132129687
2.16090728829343
2.1721643369978
2.25576105643444
2.32056878645827
2.39427424072689
2.51273513918061
2.59630917393849
2.60754189848795
2.71078804946487
2.80962196162295
2.92253879448129
2.92624450613719
3.02721225247344
3.01872395548978
3.02571171667086
3.15053528913636
3.13353108910116
3.01635150887985
3.03490326712624
3.14409637037994
3.17276540909901
3.2083957510941
3.32925281850127
3.32113890553674
3.3893117764085
3.41007073450473
3.41512598068393
3.39721280897901
3.47786041482015
3.38930412091653
3.35283024805677
3.35076323696011
3.35910216556053
3.49730908398156
3.39269448209421
3.42661668247184
3.38386762698265
3.42671424968623
3.38826726843194
3.4821801423574
3.58739006582205
3.57976663083745
3.49787151202009
3.46649838807124
3.44428718909137
3.48190545608526
3.51171656037406
3.55007634678644
3.62098049567317
3.63213327649978
3.64816768510559
3.69752737965607
3.74454348372362
3.74037315974644
3.71321126946317
3.72196168085982
3.69893166210083
3.60439827084938
3.61737677224833
3.62163953869611
3.60144785163655
3.50029435036039
3.4494750785222
3.47481164863254
3.45583577534677
3.38680005372641
3.3386259916271
3.34324453210899
3.30667839943112
3.29966855888198
3.2153418722748
3.21321132418003
3.23028948382984
3.19426180953197
3.16434566883772
3.15391842576338
3.09438174068488
2.98816370192535
3.00003956079799
3.06055863106289
3.00601881519238
3.0445286346265
3.03732310517722
3.05866472252703
3.03266878294698
3.08116109331003
3.03613753930716
3.01311649942686
2.95692196454543
2.87494741859665
2.86476862869076
2.80104546050441
2.84243121331469
2.86770942439283
2.79193188337329
2.73583796018768
2.80434679678003
2.89476244523005
2.81969957551094
2.80216106110547
2.7805644676435
2.7862238921494
2.66960272683461
2.6520204430395
2.56501324875891
2.56850469412726
2.49359764458737
2.39071500211379
2.39766064624202
2.33395854500632
2.31404900419157
2.28349153446276
2.24854452974882
2.24531136773288
2.35189651321076
2.28705293511688
2.38042097912956
2.39040165161428
2.40455917920941
2.32845542720414
2.36264909361336
2.36928943199935
2.42256883412173
2.31964877472412
2.26877419524975
2.23493325532834
2.26300983353192
2.21340640736526
2.16807264698591
2.17510747222171
2.14382570095086
2.06985034644994
1.96332069928673
1.83579140858104
1.64424542517994
1.61131493099808
1.66051045540057
1.67260994354411
1.60102567714691
1.55088283295118
1.55067107223558
1.41213669257127
1.35021416507442
1.17813541584513
1.19740042175037
1.17064619894577
1.12782155395815
1.08252781789203
1.06959477907786
1.04850045390518
1.04943388647909
0.949889724164224
0.962512569518517
0.852957223768344
0.837094665572148
0.822245373750782
0.941278096228658
0.948706081055079
0.856057429999896
0.796408823248154
0.786489897172806
0.742724926929249
0.738850126286627
0.667652051367735
0.609815795996965
0.605609858622095
0.558338895540471
0.536756812106747
0.467371087602093
0.434515736625595
0.470342898698873
0.42389032705517
0.371479569577594
0.470201727654536
0.407521052732982
0.404711608327733
0.337810440535145
0.368847039648794
0.443221597650288
0.353543247567517
0.415381043470266
0.258348404246867
0.294693688348004
0.330845728341961
0.274612245491798
0.315351821323063
0.195232778207992
0.0860119376482054
0.0696686411155396
0.0605746247351506
0.197581038128972
0.211882966012052
0.247011939351624
0.348606788169445
0.377961032718176
0.450352709954291
0.54792833803092
0.675955948362819
0.720968102854782
0.860813083226317
0.847396287304865
0.816562703476962
0.749625877159915
0.800763490913972
0.750410256174429
0.734008597543828
0.754991485426494
0.800849763969522
0.745109916975856
0.7725967068541
0.720036480793097
0.679745103920329
0.634073638510572
0.702290133813817
0.768104874886994
0.789016247728143
0.738791255352871
0.680311749590531
0.626229909334562
0.65080009315549
0.563534859984726
0.556879978286822
0.560062853958777
0.585578075420109
0.58813578103149
0.649179502134262
0.525721579367496
0.547444943360832
0.471370174962732
0.484764357414756
0.367292232318374
0.395256371287231
0.408420016452128
0.460897322013642
0.616561086734129
0.566873638913938
0.612007628928825
0.643956873576367
0.633363953099442
0.606309261068265
0.569340417914861
0.634271760439421
0.70123140690053
0.704464612618318
0.742256824716744
0.774355504132071
0.865731013421325
0.861572113817835
0.848174650154863
0.930000627373882
0.987733034977631
0.932041920625444
0.988156987874818
0.932946490233827
0.958397577140349
1.07335012552818
1.05702549722901
1.19350817575205
1.19330846454986
1.19964337713375
1.36496796176745
1.3536198816227
1.40569246162958
1.36900833580523
1.37329875466293
1.44016751556222
1.59281408633363
1.75555737608903
1.80127925931654
1.87438547880358
2.03780033264836
2.09748637592368
2.14801993103278
2.27289881933518
2.38601229794224
2.42773278217539
2.49737028236234
2.55526021623824
2.63640170851986
2.68802168992396
2.75665564836437
2.83857012663388
2.85697413830909
2.93110995109264
3.05984243936485
3.09934626265724
3.15640475455188
3.1858207169973
3.22107794895302
3.22135238645938
3.26682580229214
3.31869587532006
3.29774874054607
3.25286482069806
3.18799842012021
3.17493712170656
3.26523594394079
3.31264019982471
3.2648672946214
3.27081090303613
3.29355734702853
3.23537501335799
3.34469822280041
3.32347343583931
3.34818158218942
3.27051043222236
3.3110698168188
3.18836861999721
3.20833162878614
3.24909235468431
3.18966125152062
3.26952305212788
3.2666015830426
3.30106957178997
3.30622718432777
3.39824742607659
3.45937879876472
3.43754825142637
3.45934143835389
3.47599811710407
3.46549614627864
3.56112799699335
3.55800678275277
3.63887381850375
3.62042430097769
3.48560040017397
3.53755588388388
3.49081581127493
3.44271518755683
3.5496730062777
3.49080117203874
3.44959643512807
3.45443185432359
3.3580331730804
3.48164964373294
3.50681607324511
3.41947277661839
3.51588573968481
3.44667561667979
3.48500773901845
3.42984079327982
3.49944926126072
3.60275096543832
3.7491590265295
3.80786068295243
3.82759115990664
3.80877626377898
3.88011731922989
3.9302563026615
3.91132935674323
3.93611465871977
3.98329564338895
3.99290934537422
3.96560777294175
3.93361952886419
3.90563833645775
3.88875681997608
3.98969645291845
3.96983087660799
3.89484328537164
3.88249409109003
3.8699784443174
3.88669767746499
3.79809258410816
3.80010140883421
3.78902132212805
3.68252209654906
3.68516263420007
3.70437542162249
3.61103331155792
3.49411492028236
3.47175660784253
3.32868962806712
3.35656610417131
3.31496904525232
3.24557833831336
3.13271329397944
3.0562211316553
2.93035809972778
2.92036604990017
2.94193030041056
2.86483565513023
2.71347035791737
2.63466571880264
2.4970259177552
2.44490250907483
2.40684561920017
2.36548402474214
2.33458543670435
2.24091041334135
2.19871736327046
2.12936238799256
2.20076195537717
2.21173652939709
2.08665299387687
2.01086561218203
1.91375109406558
1.94289911674478
1.99695504988177
1.85043719372442
1.82704930787608
1.78702582849116
1.61477019915544
1.57569346802976
1.48648750432367
1.37869233496755
1.37233140597808
1.32399174715042
1.2179829212238
1.17974250753709
1.14816833403161
1.28244825795089
1.16704985608082
0.997090495627809
0.937511586998755
0.872221295887656
0.848174078940416
0.708098349260831
0.685118077213761
0.696269646194253
0.678575259883259
0.691279311663894
0.614260952676432
0.506579475379121
0.455409921508191
0.458100158529422
0.404101077099663
0.367032468522547
0.336188427767215
0.34812758476202
0.325171631161056
0.330927517331504
0.19445265498488
0.181706397856706
0.209708541453268
0.13822906428507
0.172423572238184
0.115742067386883
0.0138287471075233
-0.00302088553252461
-0.0275137491006774
-0.0789304769271891
-0.042322153606472
-0.122041170768007
-0.202414602435068
-0.133358427436152
-0.212036479814117
-0.312293383349643
-0.388965838030474
-0.49546520603698
-0.467174633501308
-0.605995108206305
-0.61092701386753
-0.710326543475293
-0.852355937507678
-0.837940317085171
-0.769601937086669
-0.773723516735339
-0.805541340958794
-0.851419203139513
-1.02012500421933
-1.0853650445225
-1.18130876348297
-1.19858258782783
-1.19623767357796
-1.20141967389026
-1.2015594112743
-1.22706822060231
-1.25766809983601
-1.29080939367242
-1.28275633661813
-1.30676471324561
-1.3077651408922
-1.35933813886017
-1.31997397896989
-1.305860360856
-1.32734676749809
-1.27096381157326
-1.31867341659484
-1.31596799961042
-1.2682763192544
-1.30243261253627
-1.27183121536543
-1.25448115074044
-1.31209837108821
-1.35832536325771
-1.35960341230301
-1.20872689285223
-1.0715465765165
-1.1117082288466
-1.24052050367103
-1.27024830317399
-1.27736768383257
-1.30249810127304
-1.3397788871038
-1.37346586677154
-1.27451305727163
-1.2488776550802
-1.20429904264031
-1.2308406728703
-1.30563271259371
-1.24022388008564
-1.2046743934244
-1.13126285607763
-1.10239577708984
-1.11482053388924
-0.946496452770168
-0.891573366120436
-0.84890451572073
-0.855635780933481
-0.854958563458031
-0.869411603113958
-0.805141142676134
-0.731880486222009
-0.755843306031762
-0.737950812557455
-0.772576350008698
-0.726536161616509
-0.747041586411096
-0.640516258409371
-0.550087449265673
-0.500948864319581
-0.296190110658408
-0.265198976650854
-0.215339363701484
-0.232127707799108
-0.178744051855877
-0.0582529918769072
-0.121935695531827
-0.155258829283596
-0.0660438686014477
-0.115375830596292
0.00489526914032812
0.111431998530556
0.121174822613
0.201135793980546
0.239450156612019
0.262784394655684
0.318321370149944
0.30245705039051
0.27488345424124
0.325679365727878
0.346842480942799
0.480952776766159
0.47988261001173
0.487472128620916
0.427994696316348
0.469146855228646
0.612158793015104
0.709961164978136
0.755627039424512
0.840271421658528
0.788256781300799
0.925816357702729
0.948730218922519
0.967035142636707
1.0075775433668
1.05939981958177
1.095892910633
1.10594349797187
1.26197541828837
1.21061538602354
1.26006759950688
1.19390386205411
1.38044915680701
1.38736006143946
1.4726688686914
1.44604225936836
1.39982402732965
1.54025784822396
1.57509120516895
1.670687444135
1.68647049478333
1.78841477545685
1.84040265471486
1.84654119562658
1.87753721390125
1.85679632256338
1.92705431071318
1.97085439231787
2.02830044132871
1.96339664189944
2.01330582136778
2.18026278249576
2.216073861873
2.25193692640433
2.31191292580103
2.31840532126913
2.28546378271401
2.3754923602788
2.26165126936248
2.26609271363373
2.31268261022681
2.31841500108256
2.35595552249746
2.34922667922213
2.33507575682031
2.4471460425515
2.52161739131647
2.62711411018153
2.67211829410786
2.77718375888894
2.81917799741763
2.82424386167155
2.92766177905687
2.93754277744905
2.9760120547716
3.02887217598303
2.92167901348833
3.01297056535083
2.98070966321024
2.94714711549726
2.99139614735561
2.93851155471715
2.98273566104117
3.01292854612956
3.04787311693658
3.00635503777462
2.97896269331131
3.05079989567152
3.12416890887232
3.01314470579272
2.94240391985515
2.86455074907432
2.82544692375606
2.90804098413311
2.90137057430645
2.90138671058988
2.99817105299447
2.95478996745301
2.92921578806677
2.85025951833593
2.84506387199524
2.85437306964679
2.93746701583043
2.98485799754993
2.9823892234241
3.07707988268633
3.03591520025709
3.14847157787703
3.05910430280797
3.05106684095898
3.06081120422221
3.05471132286964
2.91007954388477
2.89679529677471
2.957063639393
3.02512270961764
3.01787618459558
2.98439341043044
2.91512450956317
2.88355431052504
2.8292040645905
2.77362128453485
2.79785503839178
2.81097438067254
2.75995970734648
2.71199507971594
2.62020917111247
2.68464704120038
2.68779756450495
2.64684095683397
2.64306267673476
2.55536253858497
2.60010598670142
2.63386493622993
2.62385156593306
2.47709992253566
2.50935941935922
2.49602798787537
2.4760878572275
2.51992831133805
2.53862962570778
2.49527730110227
2.53076625490566
2.60495148499724
2.64804481472413
2.65204425512535
2.71808034880929
2.69137050987423
2.71988454837558
2.6945394443978
2.78786666067779
2.93200735289556
2.97727620519381
2.98680710532734
3.0059139372529
2.97959926996942
2.93571566349865
2.99961656166816
2.8771024592121
2.94731580027824
2.95259362730841
2.91471225299837
2.91139228270332
2.94356199891185
2.99792599992503
3.01147891343276
2.92043988109259
3.00871881971563
2.98920703171863
2.9551901631381
3.03845703896453
2.99920368678116
3.01841695272172
3.06815837623612
3.06334668748859
3.006110640403
3.08838088768963
3.00379814255934
3.02601686301499
3.13722890584078
3.22210510184556
3.25515697473204
3.25932036185226
3.18867810636425
3.24222756566815
3.17679105170783
3.1223688684079
3.21972784218243
3.18017406398916
3.07471166749536
3.14792474726515
3.07824087733789
3.08851945821154
3.13076431354319
3.14599218020099
3.06303437568184
2.99887125103669
2.96241987180228
2.83276656954019
2.92179098684193
2.91697582975541
2.88878669734828
2.90723782000093
2.85692986414208
2.8350603680496
2.88912510317571
2.86153595803516
2.89779033575672
2.74329038733964
2.75655626286759
2.8213400716633
2.73231091058634
2.66732901538565
2.66962370454592
2.58665997676881
2.58813910425135
2.64472516908176
2.57828672659343
2.56322471580778
2.51648458520901
2.57595089312912
2.64500973916202
2.64502029944891
2.6195676817042
2.62111197627387
2.67858472187079
2.71644022002862
2.78273765570728
2.8387018638601
2.84491595391099
2.92834488625836
2.84924444570344
2.79873640993306
2.75986011634807
2.79563394826955
2.72068273456975
2.78760900074605
2.73322569025894
2.68676076076358
2.65255090759503
2.66794092289468
2.64619574999255
2.60469026658027
2.6476245454854
2.80515784861523
2.75157338016201
2.81983067136205
2.82923212027324
2.84431180013936
2.88705087932647
2.95012903130312
2.88706935747597
2.91051147809716
2.98448209864446
2.98143324858593
2.95769964383328
2.96247487516255
3.02340377691012
2.99449808614248
2.99140881700042
2.93610628912377
2.83721219467652
2.67920794017567
2.69654160399475
2.75494848566241
2.70420798415775
2.72567255693111
2.74877218022591
2.69333627710599
2.68757876870993
2.80400065945442
2.8672290626001
2.82544165854215
2.79216494793234
2.780311790761
2.74936729865589
2.6970504582864
2.67053521042527
2.64212705682862
2.60993591748595
2.56544035981666
2.49582509725658
2.58173873707718
2.59130538848246
2.6724973436493
2.68124217585698
2.71643620359809
2.73654703939874
2.71405869330812
2.63081088340244
2.60060725518114
2.51515212440249
2.62691360652043
2.62947958011422
2.49439724155804
2.46396792561859
2.47430089129542
2.46273774980362
2.44998371159439
2.4770634687464
2.3407209310044
2.26432693420051
2.34595901882072
2.3603820488271
2.31730870917209
2.27463985507708
2.22294083167508
2.15667405476684
2.07222660423528
1.97509197964848
1.94078505202578
2.0009309716239
1.96886353317173
1.93733469802032
1.81953266720608
1.79566109372521
1.82534742836849
1.79907160473618
1.74765228420897
1.67535096614073
1.71225858292368
1.7906161479519
1.75742236242035
1.81177273897836
1.86321589743322
1.92302289723142
1.8731031316113
1.90453431040006
1.83458087420781
1.86409980147191
1.86350568098238
1.84820084176883
1.86692011777482
1.85823171115473
1.90648146244479
1.86069741241098
1.84917968667979
1.83774478573032
1.71176640609351
1.57249465443572
1.59516472613951
1.66642470650628
1.59259232864353
1.62452054018299
1.64031000749545
1.54551093607402
1.5094742040516
1.48392001563965
1.50239071254073
1.43049894881574
1.42238078008123
1.44751281788424
1.46987437937589
1.42735447108349
1.36411506502634
1.39630459044348
1.31712451103653
1.26805722825884
1.21439088932109
1.17719138879821
1.20263193224354
1.20957289473263
1.18933879171651
1.20148747302301
1.18966367360275
1.21146664518239
1.18039396414665
1.21854338265817
1.12948332520919
1.22635110816245
1.2114399678073
1.15226829855219
1.13929296186208
1.21126595327827
1.25173769500887
1.2761015048268
1.36569735298935
1.28890763696457
1.18910337916069
1.31442424591259
1.34154375632043
1.3226297123956
1.34609045755835
1.32099404289978
1.23522260192442
1.26205640089739
1.3442387205316
1.37979379979282
1.48400692733252
1.51012035924959
1.54250407446766
1.48860535076311
1.45317593154513
1.54158081149265
1.65971410834151
1.6583936326624
1.62831498038753
1.58924070519358
1.64179308584706
1.63029738326649
1.73609915990918
1.8450396398014
1.90084715173332
1.90998740001181
1.80365913262636
1.84356008667227
1.91186679256641
2.03751963246418
1.99016713643081
2.02082323070452
2.02521759373688
2.09583537107155
2.09150102758041
2.12573772980754
2.15243449969434
2.15925806372884
2.10631448260551
2.1127698051419
2.17951617989817
2.20001739396846
2.17121704006362
2.19922030563862
2.13808875334089
2.09554067075176
2.06085486421421
2.05470585111449
2.05782446031583
2.08288998974207
2.15641046874404
2.16049480042439
2.22641547004147
2.20682985198558
2.26131558325726
2.28004190108967
2.34016955462554
2.35435129690663
2.3628800363405
2.39682528655038
2.35345782483105
2.34753994621442
2.35100544963327
2.26154762393753
2.36169086693344
2.44623310788418
2.47589778197376
2.39912121752794
2.4702775635533
2.56176203431456
2.62586534200013
2.63756908303276
2.69110220786729
2.68188004546536
2.76117861260688
2.82795836857636
2.85625542458202
2.95579127956178
2.98902389579631
3.04564600117145
3.0717523577961
3.06753379061293
3.07241535330944
2.95245657383254
2.94661229398362
3.11876457274567
3.1906260016635
3.20990969202904
3.27104736856617
3.36761055372417
3.37661407568429
3.34284063348737
3.37404074003602
3.41152288932546
3.41361931842853
3.40989140961096
3.34468466844569
3.34976109692011
3.28988153922116
3.45709021125644
3.4991099037444
3.49334210096962
3.60365473700072
3.48167829742238
3.54002374127545
3.55136612668408
3.68087810061483
3.65351086750817
3.62230324544618
3.5608136503937
3.57737635719579
3.55166725463722
3.56753381920311
3.63067015325839
3.61815543533533
3.54908181239249
3.53233269643424
3.51429024863743
3.59175157052889
3.52152453609343
3.54918955675355
3.4932724633613
3.48452722976809
3.45112974657925
3.37448469994382
3.42382166076981
3.39816969698856
3.40518931684557
3.41751094373493
3.39345645177208
3.39350459531396
3.38500376005872
3.42089666047171
3.53591397599169
3.49587037218161
3.47620153236121
3.43522882064704
3.40125708480443
3.39738834448798
3.36171293380413
3.244326476675
3.29110523708197
3.2630025012271
3.19341759242946
3.16119687793535
3.11706315779724
3.18081598983552
3.25503816618424
3.17866293089928
3.25491495433308
3.20957283842345
3.24309918930394
3.23738297013689
3.22541475836668
3.24327211471965
3.20428602975632
3.22479459737207
3.24747627725891
3.11900793739061
3.12483301185633
2.99660035913502
2.95303960356878
2.91226458343244
2.82229699637389
2.73515991440119
2.67965694878566
2.72465498998647
2.67419604442287
2.60395436978911
2.57465380631255
2.6307669538515
2.57474581063647
2.53030359371072
2.54223941421862
2.56187931060283
2.57678368070981
2.60514119456867
2.60435216672671
2.60491554461709
2.61832307120273
2.54970829247881
2.56901847951994
2.46974229476063
2.48951544196563
2.48763643835277
2.49876200632274
2.4453292734089
2.38347187124269
2.35765759582264
2.39885359056393
2.49382002932195
2.3785218927869
2.36163767888314
2.37441978863377
2.37762519725365
2.38258160635359
2.31472868858543
2.31579905796849
2.29003680211216
2.28840148331778
2.1915017300221
2.18984976122651
2.18328655577773
2.14639577313878
2.01488468994691
2.07339433107498
2.06346053565076
2.00983977002488
2.0578543015377
2.09943773550577
2.1285813245543
2.03860027439577
1.9903098930562
1.99823872439343
1.95797803794833
1.90501988871779
1.87084072577619
1.8163814152393
1.82830307725958
1.69586034782316
1.68572734847854
1.70822215901333
1.59296644276827
1.55302085215715
1.60485867268535
1.49245102609353
1.51121427389832
1.50880110216375
1.53141273694504
1.46738743752097
1.39061402667663
1.30669829348809
1.33812476545486
1.35805558307301
1.32074563431701
1.32628137043538
1.33757098798525
1.30403298000984
1.34369769186669
1.1843029755349
1.05508752778407
0.984544862905676
0.939059871401479
0.847716602794996
0.775879967110169
0.718147017052825
0.660043972463946
0.746058011535529
0.728167075059954
0.664071712003328
0.747785735414911
0.70810824987581
0.72751449503012
0.643191466740562
0.702295943444069
0.751196018226685
0.686295197707815
0.713599915704061
0.768159402166689
0.704627391346409
0.721993746951313
0.714523773923881
0.766923357892062
0.823038536819256
0.768707895508843
0.86785403890406
0.874330554218675
0.982928149512948
0.924326536221461
0.893056139602117
0.885207616658569
0.960426943337412
0.969035269942105
0.961428362279215
0.942936401894251
0.977391428722133
0.952283792035882
0.900983295973105
1.04693489677192
1.02929882255659
0.980307932527739
0.891064063946904
0.954392751610205
1.05242495360283
1.12199076126029
1.15384622162338
1.23500265191741
1.30754547733412
1.31515189107781
1.35015431908876
1.43874034756218
1.56235432777883
1.61551222500986
1.62600934382662
1.61911737795631
1.64913298654448
1.6712871182074
1.70595514661476
1.69956991682995
1.63890726266794
1.55458342475692
1.52893675983078
1.44513829590288
1.45092089797269
1.43349931642934
1.51000143956383
1.42063755265999
1.43507572373253
1.44434029013284
1.52831486906996
1.5140589871625
1.49037287839474
1.56818241020475
1.57741209191037
1.65193073411872
1.6340838525985
1.5379554803421
1.46451279785499
1.44835317426069
1.47932394347119
1.40030447275001
1.44501441120226
1.46888390874372
1.43633610682138
1.46725235061921
1.38333627027555
1.41058087528462
1.4385023724025
1.34688118910595
1.40485795264548
1.38580720876016
1.42641684344881
1.43008061104775
1.38973541647667
1.44456951885496
1.45995488875176
1.46608933728377
1.48141858850334
1.42362579943198
1.51956000646116
1.57486904897857
1.58639159570755
1.68647858063312
1.6903651998915
1.78330027238995
1.76307489705807
1.7765532077129
1.78332825121544
1.80303084443914
1.80290197677764
1.92391472253489
1.97690218602841
1.98147786800142
1.90821060439767
1.91409906550686
2.03251365522245
2.05688082022045
2.04937132428743
2.00713688062509
2.01802164790339
2.07904155825444
2.22681803206955
2.17005565936355
2.23265616138793
2.34035355590527
2.35650212624531
2.41987805187226
2.44592487460078
2.59768118201694
2.6473093234935
2.63901423397668
2.61543685405651
2.54000718938338
2.59506293309714
2.60794912613921
2.60527111360763
2.66684977252313
2.68509817701016
2.66764425978028
2.58045560351541
2.68372433744623
2.69668077286958
2.75284004593155
2.74161679116407
2.75744971932907
2.81571166059902
2.91895576564446
3.01751129455643
2.98576311012559
2.98999108448378
2.93387084771046
2.95944848511095
2.89523616737262
2.8120671838693
2.73063664157724
2.65579780765215
2.73564166075191
2.61831910346654
2.69402599950355
2.63211008468302
2.52155670057609
2.57999042218043
2.50880792088172
2.55286044740172
2.50283281639047
2.446456225973
2.5305930479216
2.55595284221072
2.4739748241411
2.43416779694699
2.39607892995105
2.40287872344119
2.40441646137629
2.43117923023362
2.42722704124212
2.38080892139495
2.45033666456773
2.46751104102728
2.48833932194064
2.40690799517924
2.43307739075624
2.38663136080227
2.35225390032355
2.36057415249964
2.38206569328898
2.28444214650459
2.25099012273952
2.27640977523067
2.33265050962233
2.31904396533323
2.26078593790833
2.2677678440149
2.40850387505142
2.35996367148026
2.41302051091799
2.32842723682236
2.29416678213008
2.30547667780469
2.27084713980513
2.16779460159692
2.15109752414139
2.23964936518976
2.12728506770557
2.14479448827272
2.12500792653884
2.16362423493743
2.14787335069893
2.14025564169967
2.04178262618161
1.97418710914057
1.95706895263956
1.89809205166297
1.82683753430421
1.80768910502809
1.86962067184174
1.82614984541072
1.73283899159666
1.80198988844259
1.78515774527524
1.73133573793356
1.74650185606796
1.68018722226499
1.78691296461279
1.83536040095564
1.92597344037239
1.7529331577802
1.73634802670328
1.6587371178672
1.6749076219868
1.65244974697029
1.56364326151918
1.45747885721263
1.44347961032154
1.47232161300786
1.34237410167124
1.24283813636754
1.06159491373594
0.962735188719749
0.917111005096653
0.917008115996585
0.791660460191998
0.711257672866754
0.687533417766162
0.746110373897677
0.701652157144933
0.667373710304735
0.624596214770799
0.576881929510978
0.514339993339824
0.501787471264245
0.635538837718967
0.558851452200382
0.561332363400285
0.604187430095287
0.595684510504165
0.629661738152933
0.579724663648361
0.497615131000349
0.428256354640603
0.421192022180385
0.307472254636513
0.39643636750904
0.287055505677646
0.348225893081813
0.363557070868346
0.358862414184394
0.32950347435165
0.350203666255771
0.300956340394141
0.406033854603284
0.19147577297385
0.225567113522549
0.127849699048382
0.10443262399398
0.146060845022277
0.141924134266512
0.102918241053391
0.0672871017416951
0.107494513467255
0.0225618091835185
-0.00774600355323019
-0.0280469517771103
-0.00455022590749643
0.042006234558834
0.0846135067788561
0.000782015288055438
-0.105238400968675
-0.08615864300099
-0.252330082804079
-0.297097895641567
-0.356333033109912
-0.429648956180025
-0.467069981932226
-0.413363794949452
-0.475035929733337
-0.520097314099419
-0.574309659683539
-0.614005199208918
-0.633607967129674
-0.581500335133318
-0.580007818495095
-0.56699527096632
-0.655718492481067
-0.619158761126341
-0.605115122042297
-0.594218392580834
-0.578682230763944
-0.626768977123389
-0.598974290071009
-0.478609700073492
-0.482408141358796
-0.539687748113928
-0.626872761404247
-0.747316059070227
-0.741794705943344
-0.849669761330267
-0.817402269963521
-0.966331136188938
-1.06407142367476
-1.0163553570844
-0.858191755832009
-0.930502619839065
-1.00004455349863
-1.07801800392782
-1.13546168829719
-1.21819198746537
-1.23823652507906
-1.0890252230541
-1.11726452784073
-1.07468804474728
-1.06868082291911
-1.00911499679607
-1.04960583859991
-0.947643459273511
-0.987401206671481
-0.977634900356205
-0.923711983114968
-1.01909749644016
-0.944639416652467
-0.914310973840546
-0.84026228256104
-0.814070890603569
-0.826185652879142
-0.867640306091742
-0.787006792630064
-0.832479175753516
-0.814974775057831
-0.916345317596107
-0.866779380884923
-0.914671288407514
-0.950502076141427
-0.846415949462201
-0.775615076280417
-0.70341625196706
-0.632817222311792
-0.593779577473928
-0.435271952699124
-0.356626359087746
-0.356874859722465
-0.344482428161057
-0.217308316907845
-0.0999982726745279
-0.0834665669126948
-0.141860749043336
-0.0725885862447955
-0.159667953534088
-0.078376552408449
-0.105231553134561
-0.144409504025212
-0.0220017638626386
0.143903774422909
0.0895825395689294
0.117265822105568
0.228313793101734
0.27443323367938
0.377824353992051
0.379961419471525
0.363182788511042
0.385896911891815
0.499119737359546
0.549340132685469
0.691767584393123
0.74449099023251
0.756618686660241
0.785220238293166
0.953344639830893
1.10151755665417
1.09476638896556
1.06725456165951
1.04696677917497
1.10126935201137
1.1357699825561
1.05657652527908
1.10723961067788
1.0293501431164
1.03940975083526
1.07866880617813
1.19429874112315
1.09310412320746
1.05995800767796
1.02307218821614
1.01036664072769
1.05269067907117
1.0889102441041
1.07898671724725
1.12211568280237
1.19772139720685
1.20297615759119
1.30577268101332
1.21061581702942
1.25598661953429
1.32659635953658
1.37818075253914
1.42180643631681
1.2920057616662
1.23625764463829
1.30116676079763
1.26971369176575
1.17674286407604
1.11014152123403
1.12556658307492
1.12636437189452
1.13913358179473
1.10928256117324
1.18632004797252
1.206351510039
1.23561808594577
1.24941256412871
1.34097337749405
1.34968337060702
1.37118134309668
1.42573311204284
1.41500996359054
1.54496495608574
1.5793435188688
1.57599661674692
1.52783467602839
1.54791767623029
1.70436105790052
1.69637869933778
1.72619682858355
1.8227623401404
1.835813067335
1.8096371076037
1.79896757308995
1.79222925966547
1.88868274937343
1.85085110216905
1.85550545821269
1.84004578646208
1.96684359043942
1.99699597291845
2.05890777925208
2.07727127775685
2.12071637584898
2.11774624485325
2.19631763350363
2.2604869954293
2.36882141766037
2.43848944856072
2.41906128640948
2.47105344510891
2.56010514976507
2.55114252178947
2.42258379437333
2.45914240543031
2.3335076485468
2.41372607727044
2.42219162993825
2.38689439527754
2.38435917387274
2.35329353233858
2.37743497276474
2.3753364178106
2.40525492462489
2.28335090188501
2.27776658615198
2.24362449854536
2.28513749148257
2.29899497043505
2.34683433170008
2.26440910202902
2.24126691325556
2.20261229827078
2.25591832678996
2.28681462723563
2.22809276529376
2.25243574824414
2.21798863101693
2.17179394018744
2.21812001167097
2.16219505406188
2.12827446401928
2.06389600487408
2.01988920745936
1.98970620869111
1.93892925239005
1.91244322475791
1.82198373830767
1.87590246733774
1.82567402462016
1.82813064473671
1.89461998162898
1.94299238235899
1.9966752837181
1.95725056727842
1.97521134569722
1.94141614366416
1.89572212731206
1.84201987873481
1.83588652074839
1.8478954210588
1.8038045608297
1.74877033719925
1.6909103623552
1.78601578181788
1.73348196554118
1.72167143522742
1.77971887845415
1.78121371001204
1.75971194646769
1.83127894797659
1.80049924371589
1.79737629488234
1.6802976331578
1.63830093330956
1.60241648289264
1.59930197516332
1.50486148953749
1.41882017185884
1.45288233774123
1.48363039635529
1.43206065525121
1.48379289791359
1.495290761538
1.49512826317525
1.46435964667596
1.43734374055502
1.52380712582418
1.55265164879422
1.48770179008296
1.3546970506386
1.46030177174863
1.41528373304572
1.37563549922243
1.28772846494494
1.26094134603124
1.31978613631242
1.36807412871305
1.42276470194511
1.47982661215767
1.49332982305505
1.46477721429654
1.46991993116208
1.46145215615141
1.5131552079173
1.45874474692795
1.51091717683486
1.48143919175912
1.46155079043725
1.38637945786239
1.41547563606658
1.43844618631207
1.43522049970416
1.43964449846104
1.38249901433035
1.2544199843902
1.32406605673789
1.43796109048145
1.50209370769544
1.43559922659673
1.51843615361928
1.5205361296476
1.58566114493667
1.5387323816035
1.48426195048445
1.61083455283004
1.6382384396718
1.65416085230809
1.70408463720328
1.74663844120126
1.80492183423258
1.7936961126742
1.89213751761395
1.86886877836428
1.81095236757868
1.82832865686401
1.81962764339933
1.89644603252724
1.86425193726964
1.91520920810519
1.89192515765807
1.97545014873802
1.94241887693345
1.95212960845626
2.00407388064267
2.03953102179105
2.09889107952238
2.11461780973949
2.12330098901615
2.1655506273468
2.17472545351002
2.14384846157128
2.15892265625125
2.19127928875865
2.17776045694637
2.16640946631591
2.21747511068365
2.20594171880451
2.15341507685756
2.17293269211199
2.15320317684569
2.23142090469744
2.22896671779117
2.26015422628301
2.3388345314042
2.39847686374401
2.35822435799977
2.36416303112828
2.44325275943566
2.45751959774225
2.39925386846958
2.2885884944394
2.34498617275319
2.41792108035002
2.42104897348554
2.4955868775839
2.52774941989701
2.51357564794846
2.52249626984948
2.56589954140413
2.57703217254246
2.66329913731713
2.64895654436367
2.6238962470299
2.61418515642318
2.62248494573175
2.66478063616958
2.64765803325078
2.65911758575405
2.6888589076049
2.63600755596171
2.74112271416905
2.64265669506095
2.74345463908192
2.81219824826014
2.83435246061629
2.80276309683237
2.87571600296628
2.76831199277251
2.82360240292072
2.76123339052953
2.77466562136677
2.77921310125254
2.69645155145113
2.75137235559322
2.66450964300754
2.63674960610114
2.6290960681057
2.5473473933654
2.61941550028279
2.59313694908041
2.53322055883525
2.49698991570353
2.41333507855114
2.49154768743315
2.5035486551551
2.49989898696938
2.47822188377751
2.53495016143962
2.54182557647485
2.55503257317462
2.59603998148986
2.63336391940085
2.6653089096203
2.65473763308135
2.67906427033736
2.67130849709237
2.68418393793672
2.64165244844919
2.65624267446912
2.73092971237817
2.67505561302968
2.7477615422372
2.70445805822564
2.64658439011621
2.58952089936352
2.53411207987451
2.57118730506885
2.61010827152923
2.62893012228792
2.70029283226441
2.66400129236335
2.7147774411252
2.67548106089846
2.59116814559467
2.55338562483316
2.45139394621252
2.47455935755805
2.32648694282809
2.3562899805886
2.37848428307596
2.31923323225035
2.23698401835594
2.18353200958547
2.16994122307124
2.12425966197399
2.12783565358779
2.02673224792691
2.00634765403021
1.96424050092929
1.87753806255599
1.7978676901061
1.79999530445269
1.81128179152404
1.75830704915219
1.798374879803
1.76601573137781
1.7246464934313
1.76867451277494
1.6581962295077
1.72328563661038
1.71932310481738
1.6561585821859
1.51441382688375
1.49517135657471
1.41910234828308
1.46022294613399
1.38157463265412
1.37200673762727
1.29531838784699
1.16081429594978
1.13355712914886
0.991639580159234
0.947296722061648
0.965165829494968
0.930998699415055
0.880097203709844
0.794931655555388
0.656311799824682
0.611449554395882
0.501818195012291
0.663578696231186
0.670729247901979
0.552369501271868
0.567962464741483
0.549348885903681
0.541357553610329
0.541584745984008
0.621888602322722
0.587051739164581
0.609408548935556
0.640606325431914
0.684821372539062
0.679748850711881
0.682788380509685
0.582073085037315
0.597469619478734
0.604483540844813
0.464833935930449
0.481827174655914
0.460245799278717
0.392747778233201
0.310290269584274
0.307447920992536
0.340008086034456
0.357554293647876
0.356009656902435
0.397780761974486
0.342093829599039
0.405708165869414
0.438333006322105
0.364105044501749
0.316567230938458
0.302524376789942
0.37716882193695
0.242910384529457
0.258178313043762
0.270791695601964
0.231358806836978
0.144773082728214
0.143648906681101
0.147174395197577
0.227523190009612
0.277460743770301
0.182714868475418
0.128454988043913
0.179483544189716
0.20374309618762
0.171698819248558
0.135309430709424
0.157503719898479
0.0844654242764753
0.150248421853221
0.122313451676199
0.165740377081214
0.12941250927857
0.0708934957175165
0.10807172898475
0.108123794808398
0.108498479298348
0.0708302700269725
0.0717201134096608
0.0883315239024791
0.157376503886757
0.155502099135655
0.129633960629028
0.112218667172701
0.138162483628178
0.14236637767714
0.0809773898757751
0.0930417013761959
0.107448224566741
0.216030244536825
0.166410571174385
0.0870643659677082
-0.0399024924605764
-0.0318819839510553
-0.0945110512889189
0.0989250839921378
0.196076992580974
0.145849874863598
0.214143060210362
0.222582456880027
0.281151113358669
0.274709139446097
0.388986058034781
0.31020393798267
0.349232107113723
0.466554834682343
0.47716920657317
0.571265864232801
0.622348911002584
0.607472978553922
0.675907369592915
0.722988389274399
0.628540536078886
0.630778084984101
0.657048406594707
0.696140626747279
0.709689573843287
0.804408460359205
0.820163144510693
0.933635414263771
0.982480394670126
0.987899682818582
0.976121250614389
1.1073319334952
1.16057302698169
1.20370590765899
1.29319101099674
1.40563363464157
1.4707369471584
1.45935940538254
1.60162713810728
1.60760791928394
1.58976176248374
1.55482422211852
1.57842448943558
1.56158115869979
1.61243187157839
1.69952659171811
1.68954787137784
1.76659178807722
1.84548678192182
1.91135106530798
2.00530427658773
2.00576448971914
2.02104113752488
1.92175634772775
1.90349934640253
1.91096588848141
2.00987739633649
2.03665286595383
1.99164293662467
2.0146059682043
2.0142989228538
2.08034888853765
2.1882835661292
2.17095870455777
2.22749191422526
2.29561096951559
2.34121794118084
2.34879623780706
2.33958529714744
2.27782676104297
2.3770984449553
2.35183118615379
2.38757888285816
2.36091175545047
2.37112586968249
2.3847658619392
2.30268718183051
2.28783841123184
2.34754987534558
2.31755464256189
2.36926997556921
2.50499799186149
2.50915836126666
2.52185730763525
2.55912772703941
2.57581133225274
2.60665280690785
2.67619690425775
2.63482473950813
2.65290838368482
2.80173702491247
2.79444287485219
2.7694343419254
2.77790074202778
2.90421012616997
3.01313296498807
3.07453300108484
3.06188983469542
3.11702171629442
3.08945297690601
3.1105600111606
3.13560813693142
3.2095397389102
3.23166107719744
3.2730445206598
3.22742689386829
3.22719384148377
3.20851587966587
3.26369727960027
3.30872694336215
3.29433285598251
3.43188211264662
3.44022798516457
3.42041194420308
3.47066570662
3.61182714945251
3.58392724886649
3.57588326347223
3.60783785358708
3.6163133052381
3.57077133583666
3.48030184389927
3.50798575383818
3.58689278080405
3.64704646098199
3.62674230885744
3.60022023424821
3.66499999179865
3.65448261871104
3.64130913204915
3.64297865316358
3.58510454840622
3.60865009310059
3.67537848901749
3.68382520678895
3.67071865961206
3.64447453765889
3.65374214022293
3.69790113377321
3.75680903402228
3.68529649001147
3.72293972168219
3.70177706231452
3.71846217424336
3.70487523649552
3.64979449370598
3.53790955821474
3.63318971268534
3.55017606225356
3.59015062723235
3.48976765775922
3.4491366959038
3.50490452365235
3.3663368701403
3.33987973990476
3.39330303613107
3.35348481330462
3.26689669252181
3.30687078800336
3.32886931891071
3.28538132818596
3.24083368609105
3.19764525662773
3.22313648734162
3.09250959264249
3.16380765800994
3.13799705464735
3.12103353294236
3.10901303279178
3.0905040105074
3.11855140520019
3.21523842344683
3.17614046357915
3.19123660354738
3.20879661811025
3.25283327734102
3.20837340392622
3.16981207454971
3.13595844138678
3.20525195178876
3.17755431612148
3.21745495157736
3.15945192942635
3.14404911881953
3.10534659125891
3.15051947684791
3.1629323704452
3.12159558775735
3.11048902625347
3.01652659827126
2.88463148509712
2.96065196092895
3.04522371228125
3.01637466460071
3.07258984263581
3.0837502053209
3.14668774151005
3.14196675359774
3.08947270547619
3.07028182561957
3.19263944239584
3.20250424088297
3.22054681178096
3.182573167903
3.19315078327774
3.10951293369905
3.07299387528389
3.05799503541885
3.00820967216717
2.95489411531021
3.03510733488376
3.06368835937212
3.06817397125582
3.09017185143181
2.99951082940648
3.0343201188897
3.04111474357728
3.00609399050975
2.94118663473426
2.86235556505173
2.76747563378446
2.77524450492131
2.6149005292707
2.59042038747603
2.55835668702962
2.51245261489067
2.50412838713423
2.39986370145076
2.38850437726541
2.37584379679179
2.25870268125255
2.24129908007549
2.2175514253868
2.12600093720088
2.00989819811002
1.91794003032701
1.95005014152505
1.91478279072283
1.85536007191264
1.84872253855954
1.76355928238292
1.63438754018532
1.71350003937993
1.73766428835823
1.63071340116687
1.57309779006789
1.5642426666265
1.54509806407193
1.5550000130711
1.422515534917
1.46797482135587
1.47809562102874
1.49135810600172
1.40439331146882
1.37753929943587
1.33829093552156
1.35852262303656
1.41638736490009
1.45815741747923
1.49260003980001
1.47100127476098
1.42226140088701
1.46351527642433
1.45355352642827
1.40894646463847
1.36403278657548
1.27688748112449
1.1425413199283
1.17429295491055
1.230980265481
1.22961391054012
1.34758448475544
1.24578755421886
1.28977233036419
1.30473154192536
1.32057010982014
1.30563164057893
1.36693647598468
1.32775864663541
1.35696748665813
1.39657806400516
1.40925841722719
1.3462551672087
1.30538772826641
1.24026055608209
1.26149001327458
1.25520807975092
1.35245947426394
1.43489104028231
1.38302068138047
1.47067928090642
1.41400921207264
1.45453470656712
1.36071028282593
1.38880778885272
1.32365661667408
1.29263071707568
1.13592614459963
1.15378794919866
1.06150627938885
1.07602551422489
0.987835059775616
0.899927954616611
0.905536843824281
0.948029029984016
0.918314375891178
0.821701178922354
0.801800816052132
0.875529427767246
0.895488746359534
0.874118698188083
0.799687853421635
0.681293567701068
0.712908716444666
0.677993675063249
0.669809066330637
0.552666106092326
0.527689305810894
0.499550079496379
0.538930958900278
0.575673063693071
0.426362717261034
0.424321020782859
0.409710142870237
0.383315745249943
0.421989691764005
0.400223672662194
0.438883516516436
0.46639334161211
0.437318454526705
0.377265047730165
0.38869588019994
0.358412348038761
0.248955413099419
0.355444769258257
0.323217454085958
0.392567759652034
0.407599074082603
0.403194717245747
0.37817776565609
0.428333071399557
0.36656304045023
0.371891108096061
0.334543101110392
0.363518499560684
0.34715241744361
0.35744177153798
0.359755466977543
0.525068242636595
0.457592974022465
0.437977528412733
0.451404232948159
0.529316309628344
0.563798962229139
0.491980243426045
0.441696268906025
0.420058905060597
0.522908229941536
0.563435291400706
0.559136680189322
0.553506442731118
0.631487840787595
0.652417676143721
0.683086203192367
0.709527995484672
0.73248601547488
0.685974458962533
0.723649108123227
0.756591193487881
0.808875735104346
0.686514152347348
0.689616057231972
0.692704444163655
0.663540459379572
0.60485724736069
0.582744221311206
0.655167260874839
0.755216847035979
0.761377964195498
0.703311603844664
0.692262632063296
0.745021271546943
0.726615052942141
0.680947502724072
0.663901516004323
0.712959612068976
0.827374708476473
0.848973494754783
0.854824620121083
0.860184996473891
0.865954852182212
0.883210766723267
0.854751167675131
0.76231885434266
0.779896716546306
0.739968278279332
0.749232869481618
0.768516965295201
0.691840138726369
0.722539415444396
0.720787347744178
0.717312393203025
0.707169915958538
0.72966480357601
0.755907629233028
0.820048143549941
0.86333851398047
0.791056652167208
0.830861115286897
0.857826542586007
0.788998278969328
0.771523028870605
0.764950859560609
0.877368523869598
0.888131977134241
0.861660425082543
0.832783516981357
0.840007407343255
0.785671755451893
0.783809241809471
0.854377602824177
0.946872970750619
0.951926484346697
0.92912160010438
0.972136859043211
1.08332396006585
1.03838470275548
1.02771346750054
1.0127279758475
1.06650669310494
1.02188469514706
0.959347778708434
0.924786977189527
0.892057943867117
0.944554000871151
0.953919653427546
0.945902282172071
1.01434297054455
1.11457490245914
1.13672179122206
1.20854989802118
1.17089187676492
1.1616027963366
1.12956562287569
1.09520748988774
1.09235408082245
1.14377797214398
1.16908668941984
1.13285978941223
1.2307233629732
1.23104742665371
1.20730217560418
1.14397804212458
1.27909484529217
1.37714231735737
1.45209682037805
1.47983381688125
1.42391802700328
1.44465616538114
1.4441482008098
1.48012189782624
1.51118537346165
1.57444329485161
1.62533984457913
1.52098968806134
1.53555473865775
1.57435736009625
1.64136420438844
1.64981299133365
1.6312048719698
1.64213634442934
1.60858405358943
1.65667711433373
1.68920541563084
1.75596984290042
1.75318165614731
1.70192540297005
1.74323889864147
1.73538032692007
1.64375304268506
1.71616688211995
1.76618277732579
1.86047508072232
1.9987672614812
1.93756961134854
1.95955967302287
1.97351454781539
2.00896028873087
2.00691721192515
1.96085919844483
2.07807152400841
2.10164875593585
2.05711659542343
1.95983854102524
1.92455472149076
1.95627305840025
1.92628854525868
1.96869833343381
1.99725801340062
1.99153634235013
1.99209540729268
2.09069058341368
2.13803414469636
2.05735800849625
2.00003092514436
1.957796024445
2.00065677724277
1.94784441053261
1.9451876167413
1.90997313561309
2.03861369617267
2.08589856366002
2.11096934292689
2.06595782241534
2.08283644320875
2.0409279133167
2.14470287751475
2.1797079395876
2.13597963125624
2.17477636738625
2.17023423126006
2.20120286783831
2.19474233383077
2.20675225323318
2.28604554746358
2.25249461380334
2.3459106082002
2.46582516671081
2.45418046939554
2.39962958652841
2.44132446222579
2.43854042431146
2.44484612877548
2.38985585563497
2.31724617411418
2.22039855163467
2.17087711094319
2.18914821263268
2.32430229299372
2.36413464954222
2.34704325869174
2.23176265761566
2.27507323017421
2.27555576556308
2.33758517583985
2.2421257585623
2.15677664735577
2.16274969274759
2.11117386942669
2.13613551174679
2.1544045336732
2.21316228820299
2.22119507810842
2.15781278793503
2.26549999550288
2.31494647049301
2.30461354630746
2.42036105388502
2.36708048820296
2.38995039445258
2.40041586632143
2.34810139525237
2.26751196195799
2.27696692330267
2.29027840154526
2.30561044650268
2.23159046176419
2.29112125736531
2.28275171165645
2.3242760499533
2.21062579773996
2.2571022658867
2.34801911668582
2.33765003886007
2.29189617425589
2.28312015656919
2.34783843518227
2.46361532221653
2.58310498776198
2.58689895297248
2.56139579088295
2.32915869842279
2.2692762579465
2.35209925150522
2.3152530229371
2.33408449160644
2.31703196240879
2.43811768663325
2.47014311112043
2.5286629997962
2.45893620675614
2.40315865777776
2.3553673327885
2.42885237705843
2.37610134470152
2.28803745310724
2.32681369659802
2.35895706824891
2.34624129169258
2.33880577066311
2.29318915113769
2.35896508312018
2.36439082397327
2.37098584540468
2.37391024575276
2.34576271741976
2.32383474558907
2.29646232118076
2.18678871337698
2.13676078218298
2.08123412556678
2.06753773349801
1.95498287525939
1.93984192071255
1.98084923824903
2.0171058588251
2.00793731742588
2.02247173355101
2.01992058845046
2.08509339162593
2.17596624544804
2.16073235672192
2.08226285091651
2.02453712008383
2.0257890317471
1.97775096473243
2.0003917319177
1.9669109131539
2.03911622010048
2.03974661856522
2.07897748896128
2.04924724338722
2.12036631342372
2.14427099871233
2.27587138747489
2.21493115282053
2.22196194056267
2.1958807926019
2.08730171670144
1.98546195924437
2.0322251875651
2.05971815330993
2.07528526279024
2.04165402749024
2.00302785093161
1.97149392653404
1.98554323586811
1.93251312705127
1.98864828356352
2.10166403525439
2.09414290557803
2.05790832188467
2.05398470500042
2.11331741815116
2.16172178052084
2.10889228828787
2.12695987990891
2.20446408301543
2.01609825513455
1.94861978160866
2.02383482315166
1.9229369924643
1.92084891691943
1.91785275800842
1.89234344125418
1.87551262719036
1.86469082428167
1.85255143348106
1.83260153266958
1.83783584190123
1.86338057052796
1.89508796983212
1.88300536256677
1.86441781987341
1.94730531240395
1.882431743288
1.89252626919828
1.81369511738323
1.82291962734257
1.73516567985196
1.69760870191934
1.5976512394039
1.54434500148372
1.43512403934435
1.44939737280406
1.38611329444246
1.41864906110217
1.41528458541393
1.4994943484342
1.4154731916179
1.35471384680551
1.41842302499227
1.33611538797897
1.43350959012575
1.42942251868139
1.44706032866556
1.55862521489743
1.68272964791966
1.63967737247336
1.63734234957439
1.65658167322766
1.62952872897868
1.64115908319362
1.67970854662616
1.65688541122095
1.69806271989742
1.6227784106641
1.68839751877836
1.65408410018853
1.64724470638762
1.66710865120346
1.74229059446432
1.76417711848185
1.72658546760148
1.76588055527591
1.68178994467586
1.64220947261149
1.55686715307757
1.6079289175637
1.62165166101454
1.55158102373261
1.53830255158683
1.47116899600989
1.43736306003014
1.42397019670496
1.48974139873333
1.52178814500705
1.50399768651365
1.47101462054246
1.46450831448695
1.36386108792374
1.25329803304551
1.20305875641059
1.23189559276504
1.26089186964918
1.26223284765449
1.23721586626125
1.25407741825714
1.19496746504614
1.13716152547466
1.14024208057418
1.15122332249852
1.1135465415571
1.11211069991938
1.14475536371544
1.16565654803199
1.11808631531578
1.18677239862252
1.22257733767295
1.30479590771093
1.28488453098648
1.32394772998055
1.33610738988205
1.3494236529559
1.33038228223749
1.29038917843709
1.23094986480097
1.23453678996911
1.20447565680078
1.21499527838432
1.07180468864722
1.06479538560169
1.11692209357586
1.16188585804573
1.12322281978588
1.1505884147196
1.04771448690516
0.9745306977533
0.989086400733163
0.862887631682178
0.969833043154545
0.994063287295708
0.978444290435843
1.10358911394801
1.07359679552349
1.08051745631187
1.08690413512384
1.10863368521776
1.05446832931618
1.12847312894256
1.09923101832558
1.07204312945083
1.12048648285662
1.05151223564688
1.05958015608649
1.12722277473345
1.15254236085221
1.17694720017752
1.14732163047461
1.14074945007179
1.08550564946947
1.08211668530655
1.10583432881298
1.06003907177482
1.00401319687223
1.080857825998
1.11267723331275
0.949188247782749
1.01229308462649
0.922431671207479
0.961964710876306
1.05925470156631
1.13499908766232
1.06081033632765
1.04011490251442
1.0576057290269
1.01330777056472
0.952574899056664
0.968051571962236
1.00865371174622
0.93866516604467
0.892043088629
0.916612046334172
0.859770973769662
0.836550349070961
0.783715053269619
0.751325119170078
0.742861275499421
0.760339644135869
0.771870432242128
0.835226895878164
0.861744295885085
0.847103778409119
0.757035058793607
0.734929421940978
0.743859557034351
0.841739898914985
0.926380997466051
0.909748119856862
0.951347425995101
0.990070363103029
1.01216935891014
0.989784892657071
1.02103025804273
1.05683520478946
1.05697326474672
1.13930229164688
1.09825367208849
1.10717913918709
1.16921914081809
1.20543983288234
1.14818457301804
1.22900425094588
1.22885413712984
1.25917468712173
1.30459270732642
1.27700774909844
1.32124581138936
1.34816183945636
1.3208697248538
1.38471388082395
1.37421449365272
1.40804339155641
1.43125467353425
1.49468464275625
1.54529110522894
1.519169212513
1.47837377240714
1.41541009962887
1.50790560988382
1.54622214233965
1.42854200851527
1.46834806233115
1.49106659299268
1.48418600429306
1.47445665497623
1.41461631187387
1.4466321204713
1.41137786059307
1.47381844882531
1.43071716186493
1.48914731345963
1.56712989130545
1.63347785407866
1.48687063323876
1.48244445174849
1.46006620834108
1.48773711913655
1.52765012373414
1.53607545899468
1.44569677445857
1.44570455209593
1.50413626329214
1.47129985374955
1.51607500676054
1.52028728722202
1.55940147374218
1.44656792974561
1.46491006888632
1.43719754243437
1.31526195911774
1.30059579024916
1.24808561376838
1.23507308946473
1.19385412295865
1.23043845344782
1.23282830627118
1.24118908629034
1.30235483259538
1.25816148131506
1.18114533321906
1.0552012528665
1.04762723879536
1.10761925792402
1.21408908196684
1.195272862885
1.11759363010498
1.09730461172789
1.10346727030502
1.11506843919987
1.07141178556775
1.11230095546222
1.12847531277375
1.13103395643429
1.11591976309238
1.05866450067169
1.14757505229119
1.15445252902575
1.14611935635234
1.2448985037776
1.2709585614934
1.27807833315056
1.31539732456549
1.39262231610738
1.37017329522255
1.39204711604394
1.348273791869
1.39260092475376
1.43811384702923
1.41145837500504
1.46624989339314
1.51032540339154
1.57552260100948
1.50763764890911
1.51865273302427
1.47738475800867
1.55691248420754
1.62039458883306
1.53094147982251
1.58558249825802
1.52193782688348
1.52191332331906
1.49802222625946
1.49163748070823
1.51889421523491
1.45379036654287
1.49327869707397
1.47938567759137
1.45969052008893
1.41663512419208
1.44547355460546
1.37618930966486
1.33936578459353
1.37171139104758
1.39099857518426
1.3374515461955
1.34788831639606
1.1908411782967
1.21693818101784
1.25086703576735
1.28349343114381
1.33663093248093
1.20569322943007
1.19741335732166
1.10119595296817
1.09244511097581
1.08260530109562
1.01566227569694
1.03360695338442
1.02327322188688
1.01986753245874
1.0581058824551
1.1063158896521
1.01382034154737
0.985871727961961
1.06550213747398
1.1428068630567
1.10566405253317
1.09491302051925
1.10418228408036
1.11349589667541
1.1960505046435
1.1649108878335
1.0826588161401
1.01121300027286
1.02260844393684
1.08429728254722
1.09753691849585
1.14954074739601
1.2532341447918
1.15463271497941
1.11299178068504
0.987808390796218
1.04303980521063
1.07097634044597
1.16181667914352
1.18007441872952
1.15553149061777
1.23904357446422
1.19244597522204
1.29956646277278
1.27977327768706
1.31620401897051
1.34942426036095
1.37426937175575
1.38058993411366
1.41011282383295
1.51467895877317
1.58559498991974
1.62713760110696
1.62420413855646
1.71173609011709
1.68301993843206
1.77032035765774
1.87154845444598
1.94116382164243
1.98999757074247
2.06129636946677
2.10592232620623
2.07211377324785
2.13904366197112
2.1008725570602
2.09869519258961
2.08409427877511
2.15423123357079
2.17245801157061
2.10575416486953
2.11169436136265
2.02929872608658
2.08559346508514
2.1262085485098
2.0828996862109
2.0433860649811
2.09498079540986
2.00718387049977
2.00346648692582
2.08561893351412
2.19295028717994
2.2224264438849
2.19261844386201
2.0472828432694
2.02938231774492
1.95802913157252
1.94843030896089
2.01092511734198
1.99232466600573
1.99682429195591
2.02553165835943
2.07612486961742
2.13421031945531
2.12835479997363
2.17420117666838
2.19447979836429
2.17312986466782
2.1354915524088
2.06165081419406
2.11010366598987
2.09653141268862
2.16066824653656
2.12070990112734
2.10164906011796
2.03515912528351
2.03025146947886
2.0193465527568
2.01394672615419
1.9895327889451
2.04855213733703
2.01958697963649
1.90617065929232
1.74995652515393
1.70241853025786
1.68678866979472
1.7230568584516
1.71070083836332
1.60486416743877
1.73116107510731
1.6582070746935
1.66248707131334
1.63462561300021
1.56819323111276
1.59188605248185
1.64179752686966
1.63425423212577
1.7364394735365
1.79262838538634
1.78921014671568
1.82817305307326
1.75735530052646
1.81493708129722
1.72772946843593
1.78299183017593
1.85622319637211
1.84969530978469
1.85954586872529
1.89973621110495
1.86794478897956
1.79028318413978
1.75592629985533
1.73718485107946
1.73366059546349
1.64376205445636
1.73096563667387
1.85776760270123
1.84698428939473
1.88487420777827
1.85261473116177
1.9125523077981
1.96879812916737
1.88688277064288
1.79991453430069
1.85191083539866
1.87042553087373
1.84729691779127
1.88972474627618
1.93898542459088
1.97136318065026
1.94802745860617
1.81048915162984
1.77863970893178
1.78291084374968
1.7237686476483
1.73192309390663
1.73815791170015
1.69807807469845
1.69162316583261
1.73319975242048
1.79330232677173
1.80269650066257
1.84503917822931
1.88528717940641
1.82867724123088
1.90592441432759
1.79362357492494
1.91045448117699
1.96846076655927
1.98203479264105
1.90635169693537
1.84622995245342
1.8031494222821
1.82933703900432
1.75034864242145
1.78331346209835
1.69146978426516
1.6096677230387
1.55938344747396
1.4470208698315
1.41303708985468
1.37595105041402
1.41039709922454
1.45470748670488
1.40758987891227
1.28359566770611
1.29588094480798
1.29834190033255
1.16988774148062
1.14801890480538
1.16318088224836
1.13731716609998
1.35393323305314
1.38420011510146
1.43067487225583
1.44609592378047
1.40225525301037
1.39940180928904
1.37944912092999
1.34652673590551
1.29728137091389
1.36252175109695
1.33368018392618
1.32090872174413
1.394209588492
1.37205686523912
1.40213977696173
1.31391390054081
1.29666703269004
1.31035696859252
1.19726192466589
1.17319126599161
1.2274163140694
1.36117657520461
1.38666120825821
1.49928632125605
1.59216775075237
1.64916885299674
1.68216046455398
1.64804207888746
1.62993300491209
1.63776248887016
1.65012027717385
1.70206655484076
1.75193729818037
1.83014066671764
1.85146551893672
1.82494681327256
1.81539343635058
1.77621654755192
1.92161772738968
1.90701552539983
1.85684961970301
1.92147631503904
1.90591719235181
1.85831930091937
1.9540887492366
1.99388551937569
1.99022819345308
2.06435125011596
2.09384778240802
2.13939455246487
2.19792439762627
2.1943744251804
2.33668627027807
2.32653776247173
2.3445621928767
2.29460634319162
2.32011447691965
2.39537741940462
2.41828344647212
2.32682782864709
2.43832208179641
2.34459909153594
2.32439322267692
2.27994659897229
2.29544147077446
2.36638874699139
2.29629282406398
2.38553446764858
2.45053845586612
2.44476859046843
2.4686581198841
2.41569836336406
2.55194590426732
2.4916624771206
2.53204222683621
2.64124149852233
2.66830653603212
2.81847136054875
2.83765709432823
2.78434146679773
2.74250414415614
2.76841098123875
2.81437659999323
2.80842401728126
2.77017202392145
2.8004587747754
2.79206539443281
2.73880034616147
2.80608875514298
2.88278886389427
2.94728370039538
3.14069204538144
3.14581986491763
3.16981359976178
3.11411694086458
3.06326988547
3.08996890742699
3.09867035927731
3.12812401908074
3.10160344491203
3.19924905906654
3.29977893739311
3.40053311201738
3.3780097397225
3.28302935902191
3.3350731833849
3.23898799486234
3.24942198614025
3.31343138255573
3.27002446055388
3.32221171506681
3.34950264844084
3.37703198428078
3.41986485334373
3.44504523655698
3.56376115860394
3.56835029182685
3.53830354396249
3.48190891962955
3.45457316687269
3.40175096602325
3.40501495104457
3.38116005883052
3.41413861194941
3.46084999973472
3.4374958865667
3.46393076209444
3.39188276843595
3.35001448347029
3.30457042246787
3.25095646925844
3.23305332669205
3.12886441766303
3.23443838291719
3.32574949699295
3.32525659336596
3.27025681875637
3.22927577049261
3.15235242265382
3.13278784672479
3.1559991817051
3.19165374082743
3.27798983605252
3.2269397782044
3.2125313806378
3.18475639798814
3.19145504976991
3.19517612756806
3.09526906359672
3.21461504362407
3.2547509356484
3.23080773419219
3.24113688099807
3.13754926991661
3.04439685833326
2.9919694988712
2.94607149102575
2.9188193453311
2.92760834318031
2.92301656606608
2.85895140640673
2.77193402113815
2.80061612022251
2.71316466127471
2.58956600159186
2.60450835375398
2.59980017796923
2.6544058984801
2.70691895954096
2.65068537020417
2.59669928698701
2.5338307798639
2.46624765918576
2.39474500416683
2.32970254453902
2.32354764617986
2.28533409796772
2.35663133054971
2.40422459197701
2.42955905673196
2.51658883222692
2.43135571449153
2.3756635583237
2.2573906970271
2.21732906903981
2.16315278683404
2.0236583873498
1.9467886252409
1.96432447233971
1.97391505300165
1.96379663756805
1.9119054124403
1.89721917845392
1.83677828889826
1.79205770538068
1.68564219174513
1.65034650543287
1.6205997771573
1.55011603197679
1.41962258244626
1.41510894231196
1.35334518246727
1.40840981807711
1.38276322192147
1.38258337613335
1.30107049765618
1.18148142408742
1.19266823085591
1.1913389499706
1.1119693568027
1.15468022540246
1.12352273431229
1.04848758706304
1.04262639956212
1.01249321979742
1.04791487936714
1.04673683464827
1.04892911500765
0.985548085120179
1.10010226288519
1.11001505937136
1.13509584804887
1.06230215573612
1.08894691827027
1.01792286637087
1.065628357219
1.16307167157907
1.17907106734482
1.15638902225734
1.02740397320958
0.855440403627557
0.823455532402051
0.79273159490646
0.783494597795852
0.754882968589165
0.740736759750184
0.690762561098808
0.654313159443905
0.606120131986434
0.651332463794364
0.575747433693259
0.472405463676526
0.44186708542182
0.450321629681142
0.45018201570016
0.431108258306378
0.403443434676914
0.351086752745335
0.305283713870864
0.275323887722828
0.203370121244415
0.220636856693829
0.300255201145213
0.268988050452779
0.335431074759524
0.41906881933747
0.407431003398249
0.493118105489021
0.451101407061803
0.33448160490435
0.323566373978164
0.233985565148618
0.141592614349283
0.164073853034189
0.162774475487741
0.192235929653544
0.181113489767595
0.182788841312159
0.160642263287023
0.17052364093725
0.192012342171666
0.271385256953123
0.332061723831538
0.401476601151865
0.424864442403319
0.42474182998031
0.377369673511168
0.318012670000719
0.287816467312026
0.403123194020018
0.381797285765308
0.383059769733782
0.348035648646121
0.310671907412867
0.314950644127725
0.390265723928974
0.378003404088008
0.408047829771205
0.436418656240917
0.361766496192966
0.335196921850324
0.427115805861079
0.512285991412809
0.5595370805088
0.556872278505386
0.496990617646026
0.559197979850589
0.634374993421825
0.683464024425483
0.741712053128634
0.788840530822758
0.736282813355945
0.803354777262139
0.891498148336795
0.938273833384311
1.00721000898847
0.918716927022341
0.796454489087803
0.842292660634833
0.812466043837471
0.790662978672341
0.763136204113093
0.788800708347112
0.895192733632371
0.880083138314127
0.93790282164663
0.94567788291272
0.871067035290276
0.813153651680036
0.827612876613762
0.798099278057577
0.831501927677412
0.873691262360657
0.924518633152098
0.924727409737883
0.835188405433801
0.872509077409661
0.785527003531849
0.851784477446165
1.0395371241993
1.02876485199224
1.06016179798527
1.17742341445844
1.12525749448497
1.17017276395485
1.15413465879184
1.21684907422297
1.21341345193047
1.23820981103108
1.147888087876
1.25961415009634
1.26784365841842
1.25043318358007
1.24838773554797
1.28992211240508
1.34663135113451
1.41060104220729
1.46495545210586
1.49238135386831
1.56534860150063
1.62203930737876
1.65917028279222
1.69189426442925
1.78264258531877
1.76939803741316
1.83953681296311
