1.72889273033379
1.72950573356921
1.7196139619827
1.73260638866075
1.7076889071069
1.68774687245096
1.65620136466944
1.65053469345078
1.63815431421255
1.62367220306683
1.59210322295348
1.6104171215113
1.59535780347677
1.59005221378277
1.5779843940627
1.55410320193403
1.54455937878805
1.49712338810333
1.50616642799098
1.50063930266155
1.4918028919111
1.49508166744308
1.50312574505682
1.48562289965792
1.43906370390672
1.44679616700534
1.45332726858737
1.4079729158594
1.43507762824996
1.45534038622842
1.45815343851103
1.48266495228592
1.5084865617255
1.4990223033623
1.51625343827929
1.51633981636622
1.50587684601093
1.5238440410985
1.52504403605121
1.52323492516182
1.49908449009719
1.50423480636869
1.50547057452762
1.4927813419298
1.49085164389915
1.47178337027965
1.46618439902536
1.47690107291216
1.46034564146755
1.45198839527246
1.45549923927821
1.47544537522952
1.43569237590671
1.44603863509964
1.43925133901526
1.4105120524044
1.38708768919348
1.37796220014534
1.37680304035046
1.34932576484385
1.36048834336552
1.32526564593037
1.3117106410961
1.29741953247628
1.29251768060192
1.30754327316349
1.27796282718732
1.25890874050911
1.25573963845056
1.25049815131778
1.2417408084839
1.23790765282574
1.23659460036097
1.23519015526632
1.2129500447223
1.20093170849146
1.17240603273219
1.17072505303204
1.14991494793813
1.15718553874228
1.16079005236346
1.16196338885064
1.16584010857446
1.16162079648698
1.14881007254321
1.14334288746122
1.1276550751659
1.15509590185543
1.15308891943086
1.15504642989281
1.1671185633224
1.17005858116195
1.149217710139
1.12444632646123
1.15996235558391
1.15171855201434
1.1473349764936
1.13302445234808
1.15568715074619
1.16515197484947
1.15879286884253
1.16565437326206
1.17540891282065
1.14510568247781
1.17769765253405
1.18206828753925
1.17223850741004
1.16942040421164
1.19732864080406
1.19621285552049
1.20765326224154
1.22677930313685
1.22546841074736
1.22649829214982
1.21987636185932
1.23394907916796
1.22019272284211
1.23139618671528
1.22043741338704
1.22983756741319
1.24334380133983
1.25292507034167
1.26616253746716
1.2647544198373
1.27020339410159
1.24824483791781
1.23638484168801
1.27194842585553
1.25731991552679
1.28174182974161
1.29107854258452
1.29480567829025
1.32961162800739
1.35364919648312
1.40098562202297
1.43528164873995
1.46671678038237
1.49255294862324
1.5197728480487
1.53249623238242
1.55990988285774
1.57294699119101
1.58638860105377
1.63607440226268
1.65419295624531
1.68754683934577
1.70058323639217
1.71565737677831
1.74447916561263
1.74100434789308
1.74535109819958
1.75446610236531
1.77135891413413
1.7854158800913
1.81545156147699
1.83218433708742
1.85689508237499
1.86816136900957
1.8653877550937
1.85912155317658
1.83623903590799
1.82916105549414
1.83410164139911
1.84192979996709
1.83742347256849
1.8341843685088
1.82484980941233
1.83657225091242
1.83365548150256
1.86905438065354
1.88147731359879
1.87996776813067
1.88440820555118
1.90442317029808
1.93942131937869
1.91588093500661
1.89566489557413
1.90089749397423
1.88715256839711
1.8925454447634
1.90782723016285
1.94324919831699
1.9401810724943
1.95034766590493
1.97593172199813
1.97496109296097
1.9758870683512
1.99827352878742
1.9770533379394
2.00949606136967
2.0272708589376
2.04307265290744
2.05528977871888
2.08968041303544
2.09120022905742
2.10943640921521
2.1030767576725
2.10909653165631
2.12007217738229
2.15982288944316
2.1799192417235
2.18014675152712
2.21366359170885
2.22934659838784
2.23332365028743
2.22454143059333
2.22481317533216
2.21572415022234
2.22502974325118
2.17862511786456
2.19324109161872
2.21274278581577
2.23412715059918
2.22913691169758
2.23039199192539
2.2387879192482
2.22696007988533
2.25382012057722
2.22499006475322
2.21349474573898
2.20400821541303
2.19620783869176
2.19955627491216
2.18526609808315
2.17347802549856
2.17095864768955
2.15777314587563
2.12570108293575
2.14490475579775
2.15298440472687
2.14534886238512
2.13517592777352
2.12364134907372
2.11855376574045
2.11090182335439
2.09367388876803
2.08178069394693
2.06821582297011
2.05395136873424
2.05353534671671
2.04995454090368
2.02409350254599
2.02290855718211
2.00384666317305
2.0077874566554
2.01212053514517
1.97179611150126
1.95131268526865
1.9743066710608
1.973046053249
1.95284122361689
1.94313539459258
1.9186407159794
1.89633947850182
1.90749133985289
1.91044773413671
1.87428515416474
1.84884312573826
1.83171126534666
1.83622626287298
1.79767875822071
1.80190498885172
1.76774983482102
1.74235452717142
1.72031463179764
1.72596734800439
1.72531500494306
1.70946947934419
1.70770350687277
1.71888184763091
1.71506745682594
1.71894599836545
1.67868743950249
1.65957746101847
1.64557384167176
1.65472127397482
1.64720915982863
1.64047912312345
1.63348278339079
1.62557352392125
1.61883366570465
1.59497621657127
1.58450617128879
1.56879123910611
1.54580135820986
1.53433426715226
1.55215091814248
1.51899769229931
1.51471485092361
1.49617190578608
1.50679467323998
1.51971713214663
1.53504117327936
1.54061548525311
1.52952368694866
1.55144093587171
1.55371688663885
1.52196169675692
1.49552048881612
1.47044504349486
1.46975589087049
1.48310094036236
1.46945407335023
1.48306490855537
1.47747726824888
1.49506931786875
1.47344110090663
1.46978983839242
1.46145968494199
1.49198159740534
1.48655454116061
1.4667253435228
1.44986164734944
1.44360453694845
1.43409280572482
1.43083519502136
1.43179332257994
1.44305391099944
1.44294213330633
1.40975921223558
1.42396066467602
1.4179530096843
1.40929825813261
1.41485493276558
1.42217880692025
1.40647192045336
1.37437044952167
1.38123715879535
1.38474069005561
1.34268235439768
1.36045228691458
1.36602461081196
1.38279764337145
1.39753977037545
1.41765166958279
1.41224874458172
1.38175601020954
1.36216400247929
1.36659879630434
1.35539622355089
1.37183828366434
1.36943643167345
1.3647550316924
1.39151540712717
1.4036517856076
1.38520906284094
1.37051725861292
1.39751287764395
1.37107671057315
1.39385011499918
1.38522855562781
1.36239160383046
1.37212444829718
1.38030940243249
1.40046252090881
1.37745416209721
1.38227804253917
1.40243662422933
1.40249262513928
1.42794305743399
1.4233502704047
1.44797885873512
1.47289109018697
1.4699294509287
1.48372896227091
1.48643418877026
1.49071456938871
1.47117344950866
1.47189352373242
1.46294738033128
1.47385931809191
1.49030396076662
1.48368585797407
1.48784706116178
1.53182153063006
1.53264298932745
1.5071575375948
1.49813391195782
1.47886919727482
1.47699507704568
1.50007252572923
1.49283744111824
1.47545960866698
1.48749792445895
1.49995574489788
1.50728989643907
1.51058541995058
1.50644904484874
1.54639525209245
1.57724047653045
1.56901692142975
1.59602242152627
1.60778150682496
1.62243539238031
1.62002452031408
1.64100267305778
1.66216410211678
1.65656719316214
1.65860001567449
1.66632245594724
1.65073300622915
1.64470800470265
1.64976493339217
1.67321393078996
1.67297303868092
1.65804796120635
1.67253292024321
1.67024923014567
1.69165941226136
1.69186478847741
1.70975091947548
1.68723348008323
1.68050559851324
1.71526405697
1.73770046184775
1.74769261633082
1.77163930579431
1.76693813175082
1.75827307098974
1.75457966813409
1.75623812487298
1.74687849521305
1.73510403687887
1.72042041834282
1.72111523681345
1.74630674541841
1.71277478657525
1.72802047816114
1.73955976064744
1.72614360517596
1.71810747116641
1.72930026826574
1.73803096133806
1.73262105400707
1.73516409571435
1.74762190997265
1.74279111085407
1.75617279006736
1.74662835467007
1.75444992173441
1.75481927951326
1.77369566987793
1.77956622910041
1.77643083511568
1.79935403826954
1.7846702374491
1.76744070106369
1.76084683663154
1.76526744380928
1.76507737639941
1.76148614336749
1.74423316345343
1.75068504268138
1.76155223858705
1.77396983806607
1.77950492676906
1.8014667967088
1.77719023504509
1.78527481506369
1.785834974648
1.77420625273807
1.78354792462908
1.75819829359406
1.7477822140808
1.7640679250122
1.76483870730362
1.7565352922322
1.76650371904001
1.74443630226154
1.73316928845916
1.74707704317421
1.76105607054233
1.75730484765313
1.74595496367258
1.76398734690247
1.75846795907584
1.76766758597136
1.79147118769979
1.77879128021936
1.81335725468785
1.8079870325601
1.81162164565339
1.79075332853169
1.78585810360828
1.774948802116
1.76197065574158
1.74418629941187
1.74266020955698
1.74230425526589
1.76151038030543
1.77554108136639
1.76054839797802
1.73725859764532
1.7393381676306
1.75880899241423
1.74097052642647
1.74367913246842
1.73365596518901
1.73630802375389
1.75045747138065
1.75210347684032
1.73810261081915
1.72043574000567
1.7353123016134
1.68945435977809
1.67878353295058
1.66154027201232
1.67252659231385
1.65728042557403
1.66805615898409
1.652583506012
1.63291028434782
1.61943306646937
1.62588801614118
1.66817257779759
1.69498555451637
1.73093235728889
1.73253059349644
1.73285077591886
1.73314579946166
1.73609970280953
1.73977888085515
1.76827666501196
1.77152363099289
1.74636377722952
1.7538949785006
1.77417735163901
1.76189707563466
1.77022558260661
1.78441140123005
1.7991978856381
1.78666442205091
1.79133102201818
1.77419190139254
1.77530606454787
1.78209318343
1.79059406463984
1.78153072884569
1.77457047206727
1.80196850227699
1.78399782880748
1.78298554928295
1.77894750888993
1.76926713215548
1.7642948933222
1.7713914457829
1.80971848007111
1.84073292217657
1.82276558025823
1.82686865939454
1.82052787131635
1.81856911451597
1.82767338953862
1.80855550734279
1.7875323859689
1.78518840019609
1.78430893077188
1.78606832599128
1.77634125485978
1.81399000129286
1.78864412539514
1.79776340896782
1.8020453839041
1.8274485688921
1.85505399066057
1.87164929326389
1.86708927550852
1.86606062871033
1.87640337571421
1.86247892415748
1.86349453808124
1.8804004857535
1.90637810538272
1.89772289185984
1.91535973010205
1.92140685964701
1.92714698803156
1.9413849611079
1.9548332136336
1.93139120837398
1.92315912995727
1.9416437409995
1.94339327758299
1.93485873565158
1.94548999264423
1.95006532153176
1.95282395722625
1.95286897857895
1.94921874229732
1.9604377702788
1.99098072048908
1.99411778008845
1.99505123220317
1.99789053618961
1.97403282995789
1.9595992885956
1.97376161153924
1.98246928450611
1.96906227249052
1.97488685647655
1.99868119379319
2.02169641213248
1.99217484354051
2.00252669928613
1.99663769076237
2.01097648671369
2.01811246360874
1.99236756912486
1.98336759672937
1.95877975681899
1.95853005506794
1.96916509867037
1.96046046715942
1.96210025016793
1.97981000530298
1.98793884139296
1.97415191518461
1.97066419502907
1.97661217643575
1.96411009874644
1.94272933157196
1.93587338166916
1.93034854161346
1.89765190236551
1.89119243543741
1.89358250228926
1.86238264924049
1.84494653275581
1.81625970730984
1.81692814943331
1.80666043546728
1.7976768284628
1.81208004858472
1.80754459794077
1.80393621495212
1.80327050439238
1.77814054701099
1.77642585382944
1.77543678129781
1.8058969567079
1.82047728028319
1.79435248033082
1.81355649383237
1.79330853908959
1.8159277809354
1.79358993905795
1.76016569168664
1.75031597494624
1.74057149429371
1.72152004194908
1.71345563138934
1.67463968961532
1.66390277654411
1.64726761522595
1.63356453001275
1.63532287833133
1.61875150161476
1.6326545710427
1.64714634571067
1.62736958411974
1.61336401073629
1.60317289032849
1.56549185930695
1.559427003814
1.55846657478706
1.53808337723281
1.52489544605977
1.49611494007713
1.4914740007937
1.50155313326542
1.50622005787552
1.51628275909947
1.49863984192348
1.47180028622586
1.46139371520892
1.4513063525553
1.44672831285554
1.43177585741725
1.4203530946172
1.41161262595569
1.39441263861861
1.38364870440064
1.38752349190332
1.40959773772259
1.3975078788116
1.4147411879391
1.40685560130031
1.39490335324896
1.37171558212175
1.34663035670586
1.34561117674577
1.33328385327175
1.31101599794178
1.28085395156311
1.27920960227908
1.27127388157055
1.27253143974262
1.30689386439538
1.29010766527194
1.29587549949552
1.28312590142732
1.28142647606681
1.26568233955179
1.27235906983395
1.28309450607809
1.28628025651107
1.28644236130574
1.3176569477244
1.32625575846079
1.30744520828358
1.29284542439366
1.28900516727357
1.27738414699508
1.29226940337266
1.28171656133173
1.29694208643651
1.293033505328
1.30865789949795
1.32516531093498
1.33822972991429
1.36931614958195
1.35041359765862
1.3559920871087
1.33908844901806
1.34512523624323
1.34735602790172
1.33296245020473
1.3622471510469
1.37712404389336
1.40194253995089
1.40749873686996
1.39666890290989
1.39999831270721
1.41735141622481
1.4043664070362
1.42242015380954
1.41263839956837
1.41952517821019
1.45027132917972
1.45532037320353
1.46855540822001
1.48138082034811
1.49648098925256
1.52054605439918
1.53335942439448
1.55663544540105
1.5667805690573
1.5751155779516
1.59306481049338
1.59151061286326
1.61829480215725
1.63775979797739
1.65394372952724
1.68341178252301
1.70186697012973
1.70470775378662
1.70902239027302
1.71714860114531
1.74239464237399
1.74716889960348
1.77248107275685
1.80100239427582
1.79011195678989
1.77378437121902
1.76974115904722
1.7784871430833
1.80067259686802
1.81072822842563
1.80274301409488
1.82095344664967
1.84014575837067
1.86505313119406
1.87917208833242
1.87466390893353
1.87666197071059
1.89041985965161
1.89578619247767
1.91392916234553
1.89514094191251
1.91111080579411
1.92990130303259
1.92693288996295
1.92503776430201
1.96745735163813
1.95835828881833
1.94209794219048
1.96520985205123
1.98322740511647
1.98001784879381
2.01611342276955
1.98987750432496
2.02467629576797
2.00799987810141
2.00976011278619
2.01093266182031
2.00797007330946
1.99993523722039
1.99939452793662
1.9872365567825
1.94299873446141
1.93303751673559
1.94425817893198
1.95788369178543
1.98534630432681
2.00855962332216
2.04476499793553
2.02403203925584
2.01553252712672
1.99497872173154
1.98783888487028
1.96826748804479
1.95183212888671
1.93919944547352
1.94231776174371
1.93341540284095
1.94313720344751
1.91490085418874
1.91473610938344
1.902846519416
1.88617062027663
1.88116974711002
1.87536287641429
1.86352410171109
1.85091912274271
1.850815819099
1.86043402166337
1.86918524144877
1.87317180002714
1.87792017048261
1.86913992109363
1.85213476841365
1.84340835060878
1.86070786805622
1.84907798337725
1.86730761899768
1.87668273353641
1.88964101825167
1.85595370446162
1.85664056230948
1.85246014167964
1.85809331928538
1.87397346985485
1.87408930965589
1.86856209255951
1.84333374496168
1.8411358721945
1.83132091273597
1.83404926184499
1.83577083657081
1.84025039809806
1.84828825562832
1.82403397810264
1.83203367931697
1.81045085112533
1.80530522346301
1.8158888083271
1.82516580487233
1.80956844388484
1.80117216957775
1.78108809070482
1.77470333621921
1.76483556738392
1.76647468597919
1.74720830002596
1.71930441954163
1.70323654336722
1.68023401763095
1.69734955060307
1.68497660697088
1.65172334595006
1.63936606490786
1.62797058886211
1.62370772030605
1.59795128347209
1.57461452055078
1.57324591448003
1.57687642556675
1.56842733563498
1.53902436443118
1.5311190497038
1.52720132329546
1.52138384283974
1.49905796098189
1.50762458399418
1.50576570942181
1.48898616284317
1.4996596948788
1.51217390103805
1.5274776425443
1.5218922980955
1.49825387367217
1.51754704412699
1.51637231391199
1.51556183491597
1.52284476666841
1.4989213050181
1.51566056385845
1.49635751259882
1.4982926347819
1.4998887563117
1.49794552013461
1.49660969664464
1.48440253725646
1.48407001837909
1.47683554713782
1.47028472992214
1.4762677389004
1.4811147738647
1.50973249964891
1.49585556031275
1.49265213075173
1.49551439121341
1.51036256741641
1.49513310550558
1.49540980527307
1.51338324045757
1.49469310826533
1.49739331575992
1.51799248465952
1.50508830715282
1.4948430388793
1.52261962139179
1.52201821084596
1.5355642714266
1.53304171622771
1.54311357720231
1.54707357349375
1.55037771650405
1.53247683973034
1.51625000272757
1.53454047011612
1.52445226502573
1.51952176046833
1.52069202056127
1.53568558513377
1.51047072039468
1.49944379103032
1.5140196697899
1.51470617610737
1.50542768404439
1.50875803810901
1.50726941452657
1.52412307040808
1.54041824900378
1.535930731848
1.51548713822141
1.50488517999539
1.51728544844361
1.49935780049984
1.48622970522561
1.50088343050324
1.50120598130722
1.50249914563213
1.47845943013915
1.50096793420649
1.52296816065083
1.54774861604677
1.5431609203205
1.55757468788761
1.57741923677366
1.5942947892183
1.58217496816795
1.59753629934172
1.5918004452315
1.58369725191036
1.58956460774058
1.58000253871461
1.60249112819219
1.61320188811967
1.64588583688496
1.64595832594158
1.63377797833586
1.63850365613101
1.63481008243331
1.67063275607036
1.69057789784851
1.6800270854338
1.67822700954825
1.67978360950042
1.71579991920619
1.73311391734198
1.75679240162367
1.75472889414772
1.78065098787703
1.77402446010904
1.76922001509349
1.75467979842996
1.7355385679743
1.72216463754199
1.73212868534236
1.734664413418
1.74601552412096
1.72386409128639
1.73561679934251
1.75106821293782
1.72553197549934
1.74878957657681
1.75336349068949
1.76108337174591
1.78648997278342
1.7980269673559
1.78941025408917
1.78486393804109
1.79052131502358
1.78812550220258
1.80031954873967
1.81191332818497
1.81483313841969
1.83266549516616
1.80809132182662
1.78582187953049
1.76555254666144
1.76458639934639
1.76230798760004
1.76361007868087
1.7630981683152
1.77560939733899
1.79085941627948
1.80407310983825
1.81620712071574
1.80412405621864
1.78874776696771
1.80623077840319
1.79983074187266
1.78578147651837
1.79620254114869
1.81396024013957
1.82950757197812
1.84298105499362
1.86844240919403
1.9084741325828
1.91299801931283
1.90861824807638
1.91279176579989
1.92273291411679
1.92186193698424
1.93935415484712
1.92977002151475
1.93784549778805
1.94244278800299
1.93666272550742
1.89605323950323
1.89026267448879
1.89703592002111
1.88961265695553
1.8870610641933
1.91696699176784
1.88989066655644
1.91740749304067
1.89970287556445
1.92161380194523
1.89410315348144
1.8811030072856
1.89116188865654
1.89138913075326
1.89517808781085
1.8765928348829
1.87726576287424
1.86043544444034
1.85784235003932
1.8390874136385
1.83546777569419
1.86088249508151
1.84472327083183
1.85797553388695
1.83114415227217
1.82016504440743
1.81374041421377
1.80625383796569
1.82313254725116
1.79575063275128
1.79692916246337
1.81763804498776
1.81394760290468
1.8240041279976
1.83042504304744
1.8104534566197
1.80113595745178
1.78771327454647
1.78245146021881
1.78766661436926
1.78820253789025
1.77708951584002
1.76123834697489
1.73620830359474
1.72522783780731
1.74093791406389
1.72848892723037
1.73646575516487
1.73344676952101
1.72214871337275
1.74100389338231
1.74226040283603
1.73345667340986
1.75281782307552
1.74959003683696
1.74246462315429
1.75587295331037
1.73027592282357
1.71482168396499
1.74867352846275
1.73469412794017
1.72784670125167
1.71824812488912
1.70403269645598
1.70747893801077
1.70882035517739
1.7224270899915
1.69647954509202
1.66425861524715
1.66181751087987
1.6563080352088
1.66937092542647
1.69611171664954
1.69286549012738
1.69316600557691
1.66744434098116
1.67250886934111
1.69657053533986
1.68620533038484
1.69274581207596
1.67601662345466
1.68121643273118
1.64005080797425
1.65604876358023
1.64961807581155
1.64117302857064
1.61647692272179
1.61217345209025
1.6089037076455
1.60891497473072
1.59700537373142
1.59269992882376
1.58044005709471
1.57851408247193
1.56641399666181
1.56864865708212
1.57479319522041
1.57985363784194
1.58131908058035
1.59977386039385
1.60677328187426
1.61954851967043
1.63630629915933
1.6137558540348
1.6082528109196
1.59881538806489
1.61233200560249
1.60372928162797
1.59409494312331
1.58522066722368
1.58644586863985
1.60190358010447
1.61062314128941
1.60402473686226
1.60623005668197
1.61969222360904
1.62769739676991
1.61472003529307
1.62251937091333
1.61609980845496
1.65336953654906
1.68263348647104
1.67502290197684
1.67964754247537
1.65979651570444
1.6915309071285
1.69567210602919
1.71050602584472
1.72768016891798
1.7410500021276
1.74471706280635
1.74054924716398
1.73698480623568
1.75046406342479
1.7892863497158
1.80934926522131
1.77569510439384
1.80580055563933
1.81371437872937
1.81159927699135
1.80378965828747
1.80565264338446
1.78676207208106
1.77115524229651
1.78375707115984
1.80798023634103
1.81747732346037
1.82870755313141
1.82296539943211
1.83011856490197
1.82925316521222
1.82034720424314
1.84019066462757
1.83983668719571
1.83255966769344
1.83039616655481
1.81244661598817
1.82264991676007
1.81699291042867
1.82532195553824
1.8481163580764
1.83824313615628
1.84918645831322
1.8720887614394
1.88183077923625
1.89720394478936
1.90889039306305
1.90792002787422
1.91915025637164
1.94382729428121
1.95213532570351
1.94549940488698
1.95217207091029
1.97294506308984
1.97412595214201
1.98463597696818
1.95356871524386
1.96457753283472
1.93340666775762
1.91183241053254
1.93825891979333
1.93069188837625
1.92876553171089
1.90818439296312
1.87516687192611
1.8555290905082
1.86357645405557
1.85494613001898
1.84527467282705
1.84720375140419
1.81048960344162
1.79475935545287
1.7717824157785
1.77583068262255
1.76455030844955
1.76807762393389
1.73885994848418
1.72567283498526
1.72450126686327
1.71655401662679
1.70210379626016
1.71842303751205
1.7052069624748
1.66110266851562
1.64653600698771
1.62808941407625
1.62862163962158
1.57656367765222
1.5495812386332
1.49818166267676
1.47123119637942
1.47360356874458
1.42141645681963
1.42016755537812
1.38360478974343
1.37173882616472
1.37155435638335
1.3648494239446
1.3547218492672
1.35296859329633
1.35358508866717
1.36396721272164
1.36871313204002
1.36423634027017
1.36020226133259
1.37057719409229
1.36352703161988
1.39275446009379
1.40567403373576
1.41943703553439
1.40133351818034
1.38557520213504
1.38599002210946
1.40187514829
1.38675765285084
1.36337357842497
1.35156816677613
1.34073011551833
1.33211213770946
1.32857452032128
1.31015757754162
1.32426140602525
1.34277933863315
1.31090645653263
1.32295368673919
1.31436836810319
1.30680765646257
1.31566862055842
1.30446920463737
1.2906835910523
1.31519928743561
1.31616519136477
1.27730143487789
1.27688136526497
1.25729879247065
1.28967727049393
1.29426427792976
1.27967779995355
1.28870515448908
1.27109899126568
1.29141119217691
1.28137516477176
1.26448112701115
1.24155220787835
1.21878540231058
1.22259205131712
1.23004323439396
1.25262244675548
1.25896659850647
1.24933518592593
1.24731144283686
1.25901110622023
1.27720907972503
1.28033556348838
1.24956940982753
1.27168308270178
1.26399747036516
1.25322268328597
1.25707812814281
1.25972604406646
1.28360432645289
1.26958777552158
1.26724367598555
1.27826746700578
1.28692789616119
1.28662160894992
1.30565859921526
1.32196019241594
1.32800999414989
1.34588478575259
1.35599947976514
1.35707019162242
1.37758163283558
1.37710818515716
1.37745313435516
1.3955609226533
1.40617490333102
1.41517288279115
1.41166090729287
1.41240810824517
1.43351806607424
1.42543495512444
1.42557761840929
1.46009670700631
1.45765321893696
1.45912040982747
1.47073476898851
1.48091976062896
1.49910493986482
1.49811675987865
1.50105645615015
1.48580327662533
1.50727112132304
1.51776321764878
1.53611517527019
1.5626848479475
1.55169349785936
1.55782760774904
1.54678230915775
1.56817472649901
1.55028922558882
1.53822295333335
1.56174445267716
1.56258123878288
1.56436020179865
1.56475817314064
1.56773087733125
1.56044659860323
1.56278709485031
1.58280343139092
1.58812707462774
1.59775626878928
1.6084557837605
1.62325334929893
1.62910282244003
1.63921214869973
1.63510914027641
1.62573563565827
1.60762879249739
1.60894283418315
1.63523644778112
1.65154623028271
1.64930768733129
1.64457100610978
1.6738874412888
1.68974170676236
1.70636280619917
1.69178856414383
1.73539854111988
1.75481085378344
1.76632759684815
1.77205668191694
1.76685222845331
1.80361535095334
1.82982723009637
1.84291092540481
1.83206227529072
1.81579106273212
1.84464133214797
1.85440549489847
1.87985638295855
1.86278409047666
1.87405687642039
1.88639102101865
1.90078099084755
1.92718105970035
1.93938982606973
1.94999355512914
1.95540251248403
1.95964810145409
1.98428702841427
2.00121857341017
2.00412846066437
2.00421351239625
1.98902274928775
1.9824949156725
1.98638299376405
1.9923390622908
2.00650778082112
2.00885465471704
2.00472289683664
1.98808463929568
1.9857725838618
1.97571778480239
2.0038813164849
1.99421126225486
1.97658629728606
1.97044892100832
1.9825732885964
1.97845953672358
1.95988057092061
1.97546545976993
1.95867865982729
1.9414982214039
1.97167597127907
1.98648651319638
1.96913934428376
1.99242455858362
2.00128890656241
2.00600612471674
1.99427937834167
1.95627109257654
1.9443904660119
1.92133664959165
1.91549635923619
1.89800807251946
1.87153277836635
1.86552092819245
1.84017632722364
1.82372450519493
1.8173464306398
1.78149131209862
1.74240075855771
1.72468348872948
1.7152760434738
1.68281485385073
1.68465390689214
1.67636932995183
1.65877962494967
1.66081510871136
1.69019534654527
1.67482343932825
1.64497014600429
1.6521130512533
1.6134421935648
1.56450856405995
1.54879536321387
1.52248813665154
1.50985016713422
1.50257617017072
1.50663965834878
1.47636222836351
1.48246566282249
1.48658156211044
1.48202806330106
1.47798032109455
1.44345370091791
1.46037159571225
1.44619008307913
1.44791361792963
1.45349318331453
1.4475040055749
1.41803901266761
1.38355294205136
1.3753627318
1.36156089167551
1.35728676285329
1.35038107254549
1.3256683064693
1.31054776201319
1.29266858939659
1.28630963886938
1.27815924399196
1.27643525028805
1.25899618214479
1.24956015643252
1.24052474259414
1.2424248699069
1.22638688293982
1.20263104479751
1.18973337091305
1.18288270425926
1.17565875082024
1.17730594077959
1.18575022942849
1.19817399853715
1.19021314103026
1.16872458429656
1.18224276740111
1.17757030705487
1.18978641945573
1.18023671629078
1.15963927977601
1.18135832892294
1.18222143549103
1.18571436154751
1.19690787218457
1.19571704631303
1.20854291101257
1.20998775399925
1.24766387314953
1.25112742187224
1.24208302611159
1.24932519542408
1.22843225630313
1.21580260107527
1.20057073269465
1.19985694508095
1.20769390877493
1.21869974011693
1.20279936308674
1.21580527795957
1.22885428825247
1.23104637372269
1.23243369571539
1.20551809126175
1.20974519908592
1.21552880890463
1.21808709953149
1.21129230274703
1.18659585641209
1.22977828262028
1.23421463853801
1.25004767565696
1.25603922163216
1.26590479389439
1.27346238362126
1.26322837013922
1.26567718129723
1.28588346557516
1.29767764533911
1.3089391104496
1.30286797266762
1.29413865284977
1.30133584456859
1.31359539509197
1.3242195168095
1.29597535937304
1.31269914520922
1.30703559067035
1.30885965486667
1.31839568307505
1.36640349560737
1.38096552010364
1.39030192428701
1.40359763982271
1.41023821908766
1.41886721531291
1.40505785800151
1.41398638055695
1.40868435998194
1.40962044359687
1.40045379412118
1.41307676965213
1.41928738736924
1.44261795607877
1.48344378213888
1.53830464498208
1.53257941078865
1.54269617350155
1.55415230481132
1.58253585150737
1.58258486909508
1.58376010021242
1.62523604244399
1.62645206354557
1.65447541645485
1.64319077667214
1.65930667825448
1.68505618284577
1.69136121526535
1.68529776205594
1.67199996527069
1.66714804130947
1.68394117555123
1.6831793854098
1.70794640859799
1.70541520187173
1.69826318302172
1.69322137203256
1.71208744607411
1.72722436942187
1.75488963408139
1.77130115202673
1.78293374980524
1.76601035807613
1.78045513784388
1.81709108663575
1.82452324163715
1.85087490774726
1.85152668517527
1.87468867417316
1.90012974708076
1.88441350358644
1.89553685053462
1.91565806924265
1.90760717024352
1.90302796997314
1.88792586641279
1.90122958505414
1.89144503611582
1.88931359719661
1.9245273020102
1.92344594903655
1.96559217659974
1.96930103607255
1.96720212317452
1.98970595592028
1.9746980668044
2.00605765925704
2.03616304480612
2.02992078171338
2.03303485408914
2.01867874636308
2.01320108357904
2.01585254403979
1.99575986351176
2.00003904309869
1.9836547088031
1.95253354122333
1.92090007956093
1.90617463335273
1.87529074362866
1.90969832453789
1.92316496537847
1.95761288230015
1.93843129907675
1.96438060200631
1.98513822908801
1.99689034622305
1.99460498612561
2.01315465745699
2.02884322371757
2.03046988422724
2.03420213834469
2.05403957607502
2.0249616830302
2.00607692500959
1.99267229237621
2.00666715569954
2.00788563716935
2.01333883593105
2.02877260540347
2.05864839641681
2.0640528244182
2.05319644815776
2.04077305197311
2.04297778540043
2.05421207897901
2.07818249979568
2.07965626655562
2.0961134093972
2.09119196008781
2.0999652314585
2.09857111647082
2.11303900494587
2.07942896753872
2.05101007907817
2.07317626316399
2.06499582142425
2.05299022883208
2.05440150279391
2.07880283953463
2.08568957278832
2.06560674772348
2.05379398055312
2.03525825612276
2.04171185549229
2.03669620565974
2.02545826165579
2.03139046826073
2.02962744066274
2.022237753221
2.00029607776851
2.03746700162527
2.04773538766936
2.05685540726097
2.05370692691176
2.02854295514093
2.01308419194793
1.98929258954859
1.99451177847224
1.97713937286762
1.95866752650735
1.94568422517054
1.94725442928048
1.95247047477799
1.95910824141683
1.9691149987199
1.96584156770409
1.92948135591848
1.94017115216793
1.91789811088898
1.91028084853582
1.8955413934432
1.8873678293603
1.87707777803893
1.86637132442815
1.86599747965505
1.85184515306574
1.80984189914994
1.80202901907818
1.78671330714143
1.79089836469102
1.77704013471299
1.75642369261241
1.73646404028681
1.71869061008655
1.71255471429746
1.67507417557778
1.6809701174469
1.67387239066027
1.66645646145894
1.67693626664143
1.673751595354
1.67357915691533
1.67256704754526
1.69325179631409
1.69452954483057
1.66266887148022
1.64680365898038
1.64529096530494
1.65330253650033
1.65307080615631
1.64540912689115
1.60902216578689
1.62755280895684
1.61786425943798
1.61921939742519
1.6207058473568
1.64502021196634
1.63448841473903
1.6124498274517
1.64041203597323
1.61326875397177
1.59915977329391
1.58534324284114
1.58536770453083
1.58366354641192
1.56705922448215
1.5667482505528
1.55853756361816
1.54571140078088
1.56006749783302
1.53679143132496
1.52353027204494
1.49815945757216
1.49671149205748
1.49924531535542
1.4714424651488
1.48285648865252
1.45761179332897
1.42509057070998
1.42964020998364
1.42641835403139
1.4174544677004
1.43180815506985
1.41205627585647
1.39153390655496
1.41142024695096
1.37260044821089
1.3855822587319
1.36814777125213
1.3648827466305
1.34568359408788
1.30810757733402
1.25329750273357
1.24442045113846
1.21698570783038
1.21691603920973
1.1732892991309
1.16956598807316
1.16627538762045
1.13967388343423
1.12085264409373
1.10982884226409
1.11223777657207
1.13464483802156
1.10961167858557
1.10038573010308
1.07487187106069
1.05423647229476
1.06807023552731
1.06376122451171
1.03889012731579
1.02535195958332
1.04706739820128
1.02460153695365
1.01517461227206
1.01875537481946
0.996772930280769
0.986950413356386
0.997016459994373
1.01023642744236
1.00670044938258
1.00508862657773
1.00792168077848
0.998943770590538
1.01794066283149
1.0073291911395
1.00144183324979
1.0318948047132
1.03593593669206
1.01211216340843
1.0153661359752
1.03591056043538
1.02030024922685
1.02900066828144
1.0355488851411
1.04531667221819
1.0424130234092
1.05654509065377
1.06819535124373
1.07447199460783
1.07554382622452
1.04172465456391
1.03410780882465
1.03914784326803
1.04601154319983
1.0600010058169
1.04871737169622
1.04150383216884
1.06009518304543
1.06581058000671
1.07393121962891
1.12068927564433
1.1390181201046
1.14975540718709
1.18990870767323
1.19018530250677
1.20217591939201
1.22360570221708
1.24243242229658
1.26164022180126
1.24946359432098
1.26219067040931
1.27415321442901
1.2956160859888
1.30654346994102
1.31594317152964
1.33676440960541
1.3317482205148
1.33989922580319
1.35864270679778
1.36163687567159
1.38826740254152
1.40238675360581
1.43831595899361
1.42914540467607
1.44464663647938
1.47600484500681
1.48938321461653
1.50167123023471
1.51597253506797
1.50926435538352
1.55463426959826
1.57589609911492
1.57204228041379
1.60966682676354
1.62467915399745
1.64105228877204
1.68495156403111
1.69707541115976
1.71235999166367
1.73873196599022
1.75646919325529
1.79272713062688
1.81986595128996
1.82820386041901
1.85046374844394
1.87590924386299
1.88198534626182
1.93636931701187
1.93139672139472
1.96129702791434
1.96231180255651
2.0168759284872
2.05422471373855
2.06311117151222
2.07290292158294
2.08856077179585
2.11642377845808
2.14379023006555
2.19423452135915
2.2249721690552
2.2394115185322
2.24704602421509
2.2601116428541
2.26404544324603
2.28643071148862
2.29880471063393
2.32425519891699
2.34274652716678
2.3526799552442
2.39225295460882
2.41543712016582
2.43844792326226
2.43869008358362
2.43524512148282
2.46999624333149
2.4803116832651
2.48483525954123
2.48624244518301
2.48605549655868
2.50357589449124
2.49611244328331
2.50838823025633
2.50800574387137
2.52080203448487
2.51527631046832
2.4971923553703
2.47157168514671
2.50364550654782
2.54638781711045
2.55475965549534
2.56092854036337
2.56345421103237
2.58841086670479
2.6091227771935
2.60592765852642
2.6062281993124
2.60378806856259
2.60583348857774
2.62930733397594
2.6164598595469
2.63014966591817
2.63189861799061
2.61425960084995
2.61587865254332
2.59899010585716
2.58955003964457
2.59160226536066
2.59120573590584
2.57137449938495
2.57460868297261
2.55889379382589
2.52262135387063
2.52506237938233
2.51471387257862
2.50952174556351
2.49376114984201
2.48475786960409
2.45070784672528
2.43133072626628
2.43246274260733
2.39925416524235
2.39589608866039
2.39497135027636
2.41513964492947
2.38273898834966
2.38012233672666
2.39606577110219
2.39022004975943
2.35782482754437
2.36358951035986
2.33655797442819
2.29926576755937
2.28591407761096
2.26038617445179
2.23362258894781
2.23503251376202
2.21321662940134
2.22875315788812
2.22336912021126
2.20440028972784
2.19915113753152
2.16604666082026
2.15823788192095
2.1356004794462
2.13485273367763
2.12210711959676
2.07638964424148
2.04444661856677
2.02970806761454
2.01739471939175
2.02095466221726
1.97746910906511
1.94283746578703
1.95209782950665
1.9331606858454
1.91168247965278
1.89708288950231
1.88338087108046
1.8629473333351
1.88046050552863
1.87392361906887
1.8767493945575
1.83650514369534
1.82536592631046
1.7947749077222
1.78082528927415
1.77728481760092
1.76707167158963
1.77151243068087
1.74519514928395
1.73326562791579
1.70051964739942
1.68885537124722
1.67591784718808
1.67636867056323
1.6688676823986
1.65327638817881
1.62531878022731
1.59063735137893
1.59533928150861
1.59532978097508
1.55136128833441
1.53871435328755
1.52096989548936
1.5109454977119
1.53095311888975
1.53555908913196
1.52156874751924
1.53651234324062
1.5374990813674
1.53226758625123
1.54932722471541
1.54672415419562
1.55930320597386
1.55954174933009
1.53888144799337
1.51149958653032
1.47691864377834
1.46139524176456
1.43407674852579
1.41126147280639
1.41610778994767
1.37625487992065
1.36976117895529
1.38817237073371
1.38019381729241
1.379012818817
1.3643617713747
1.37112696806186
1.3815242958156
1.37602620027799
1.38621296398141
1.35984155437296
1.35634118730896
1.33635964953751
1.35093086144702
1.35256526711993
1.34978612119092
1.33511425035251
1.34154585768737
1.36028986626476
1.38034568901656
1.37941607969666
1.3727789818799
1.37044164542013
1.36429542712347
1.34949776986412
1.36657551156671
1.35981488963476
1.39405491661339
1.37259191956766
1.37808798263575
1.38636916906561
1.38518472735694
1.39915027124831
1.36416519499853
1.35905911948959
1.3431138910226
1.36485059591794
1.35253550844314
1.37505176050711
1.37222846171738
1.38510334165182
1.40351471602725
1.36100735159142
1.34068769738769
1.32963600376644
1.33340451252869
1.33988979205246
1.33538163896683
1.35132291143249
1.33663497195474
1.34545112360597
1.3421002082027
1.35926380493849
1.38217299667037
1.40427248783967
1.38430357496654
1.3850594541739
1.39049535847779
1.4002656486607
1.38789268260543
1.36384516845323
1.36988805561178
1.35724912122708
1.39091340658584
1.38589147555205
1.37571313293217
1.35178438960989
1.34484674366859
1.33180715057641
1.34701679138561
1.3357892450971
1.34207133579672
1.35927583959423
1.36208675797663
1.3568465569061
1.36414027836479
1.36206492323947
1.37774139156932
1.37499129996895
1.3373935770679
1.33461668456309
1.37157136318744
1.36450208409279
1.37946544937771
1.38177341380908
1.37867271037041
1.39120500224284
1.40532859264104
1.40303375334673
1.41000171594763
1.40723429539684
1.42061526504722
1.39858389339839
1.39960424590593
1.43435113124723
1.44141728423398
1.44335844420727
1.46300897543551
1.45270112759101
1.46705275903948
1.47804881654593
1.46567887409232
1.45857254310376
1.48861763456377
1.48345527859086
1.51039711248746
1.50479785019826
1.46946739128496
1.45637496836281
1.44313762174077
1.46021198579627
1.47635671613148
1.45594009420045
1.4597610302576
1.49387874201311
1.46648308128851
1.47995703473277
1.51795121204453
1.49861730868731
1.5353173016754
1.53500501820749
1.55880068254084
1.56883200926311
1.59759928261718
1.6193190996349
1.62310934178769
1.66289883162881
1.64225070524847
1.64762527487916
1.65241999309994
1.65114267961037
1.65560155501331
1.65770808038414
1.67159295554681
1.68453953790189
1.67879521032368
1.73093186346228
1.74074034384296
1.71834692000255
1.74437359629345
1.75235213524305
1.74606373865657
1.76654117218557
1.80050969557911
1.79508446143116
1.8015217587307
1.80003125651478
1.80949030739741
1.78183550389582
1.75701507637835
1.75674802208044
1.74755192221308
1.75370950452873
1.74570020918331
1.74811182585302
1.7168816938397
1.70697268234893
1.69796171261493
1.64415088970906
1.65329903191994
1.64393493829046
1.65476864485563
1.6382716241643
1.66580780227226
1.62827833502895
1.63164933861136
1.64169614672411
1.64199198488783
1.61277860671476
1.62299960777719
1.62377319227002
1.60986507486499
1.56223281333398
1.56006956311326
1.54787911625348
1.53554280006306
1.53414965997868
1.51500717927145
1.51888079791062
1.52425986963435
1.5108452743487
1.47793670794793
1.48012148480675
1.47870311635735
1.48298745130397
1.46971011633299
1.47136234016267
1.46031608647616
1.46551981049722
1.47817432873684
1.49017564671048
1.47295997514818
1.46688782446007
1.46661259084988
1.45142141294321
1.44352099828946
1.43575765561198
1.43870218970137
1.39633330544684
1.37654830578202
1.37004616731612
1.36768545056849
1.37213639709734
1.37258689497335
1.36372559594895
1.36096740656825
1.36153632565998
1.35140555825705
1.35678815772523
1.36887618740916
1.33377793950251
1.32625026162068
1.31845732162556
1.31183766166955
1.30047800654797
1.3035427413357
1.30793463850753
1.30980085336491
1.31881678605733
1.32661797997251
1.28737760010129
1.27611388804826
1.29594452865146
1.29910524819201
1.30984254916811
1.32445518396821
1.32942652871176
1.33009239251034
1.355921947454
1.34613002548897
1.33587205586482
1.31659118987871
1.33432474849349
1.33769681993211
1.34942314260696
1.37718276068513
1.39888507482603
1.42554349351614
1.42427627984363
1.43475002859178
1.42149809730105
1.44361673095481
1.46095020807325
1.46396442256235
1.47621211775761
1.505113725124
1.50740874679095
1.52349259871898
1.51371976177899
1.51437415734862
1.53504066370028
1.51929763001762
1.53704107389217
1.52913457567373
1.53559684324064
1.51237970367187
1.52984599905658
1.53009697179895
1.54570596821744
1.53643819314859
1.54902732827788
1.55317373033389
1.55268323462889
1.5649260646948
1.57844810629486
1.58691746363811
1.61555529565828
1.65583809309254
1.66277372990218
1.65661839254245
1.67226174830823
1.6705915342405
1.67741536873009
1.70006860288219
1.7000265093235
1.70608309632065
1.70514521880506
1.72002905780425
1.72901150700506
1.72518633678935
1.72401313237938
1.76178555488219
1.77430032339133
1.78170037711616
1.80655111787443
1.81269196289346
1.82373841976372
1.83453631379305
1.83645953126567
1.81777086585046
1.80694169480075
1.80725127578048
1.8025240003741
1.79776415496018
1.82091122020824
1.82274121398482
1.83858102689986
1.83912503461867
1.85574197206841
1.87881799852946
1.88542187768966
1.86545411330889
1.85964416258107
1.86563653095679
1.85471773117388
1.87567273653629
1.91519503493882
1.90102949681041
1.92008021774886
1.92340796974346
1.94115242864759
1.94851583088627
1.95135158588883
1.95212562182873
1.95503200242096
1.96562490926619
1.93503526221453
1.9543299728167
1.94862096935248
1.96904050682663
1.97034454341094
1.94264485242666
1.92270708143473
1.93751760014451
1.94337964163067
1.94414909260879
1.92892259177065
1.91394373550117
1.91701932538532
1.87932475643991
1.86679774787734
1.88266787192797
1.90197626468378
1.90340556806633
1.89424749706274
1.88460784368789
1.90011810936009
1.87717611463626
1.87641253213237
1.86457081048922
1.8658047018433
1.85520502717725
1.84507653999116
1.85209734338135
1.84588824381659
1.83148917896363
1.81687599449849
1.82291275432346
1.81473960456672
1.80360173967951
1.80949683806977
1.82256653643274
1.83671212963235
1.83678906646844
1.84376955864851
1.83393256447819
1.82748167403677
1.8173853065509
1.78751494688496
1.79525585265011
1.77241524202966
1.77226048679158
1.77985518573999
1.78147879821079
1.79197213040399
1.78121854366075
1.80657032143644
1.82675036904486
1.82518924316939
1.83667563015388
1.83147852560437
1.81019137607471
1.79096727279734
1.79922238162377
1.77278785631675
1.76065286744537
1.7450919512399
1.73993107744695
1.73543189895692
1.72538078475282
1.70850176344414
1.68915994691874
1.68241128613848
1.66992872831492
1.64584016513037
1.61636853669831
1.61578873031916
1.58367601107398
1.58023332685852
1.60315861105577
1.58417712497676
1.54083372784177
1.5127065406519
1.51230879904193
1.47852718873559
1.46951264645868
1.45648727050969
1.46614649726736
1.46567385440743
1.44027321216561
1.41983798819842
1.41793678283278
1.4353322192966
1.43948687428553
1.45687826524336
1.41887348312668
1.42356120981981
1.42180103582987
1.39642135369972
1.41854823096509
1.39531526102796
1.38231671464497
1.34537614232634
1.34495676651796
1.36003732105506
1.35838232475826
1.34920227641464
1.34514101682762
1.34262940025863
1.34245507642646
1.32029234290438
1.33370089160439
1.34902049435146
1.3464897556847
1.32520434526051
1.34794075664943
1.35095851029209
1.35857539891401
1.35701643565913
1.35232893796017
1.35631936923344
1.34074325738501
1.34118328817721
1.32287193578574
1.33439560776174
1.33786949594454
1.33084420285834
1.33812231292869
1.32370139170025
1.28816179495235
1.27595482319318
1.25783877813097
1.25912105531691
1.24866036657262
1.22710977945923
1.22865143381116
1.24877856730041
1.218766001944
1.2070211175523
1.2202980767289
1.23179763248138
1.24284491069197
1.22011244219684
1.20718982943445
1.20713595907789
1.19869664765388
1.21690638786412
1.20763874667006
1.2119613115818
1.20130413316402
1.16783619442203
1.19333369037282
1.20650561884702
1.19550127493709
1.23409879609642
1.23359999494911
1.24578893575215
1.27109952216567
1.26102341797007
1.26780284965652
1.2708893152692
1.28693226691907
1.26340904915611
1.26899403587653
1.2678814963048
1.26505661345826
1.28969048649632
1.3109052224486
1.31150541076354
1.31350653127629
1.31209703897124
1.3147209738712
1.30297330960057
1.29243968782376
1.30182948698194
1.28863815682816
1.30049514223171
1.30747844519144
1.32378422693443
1.32697064122779
1.33322509229906
1.33156486958372
1.35693343031228
1.36735792305202
1.38102598883743
1.38102869148449
1.35998002128879
1.38934345181634
1.3957984488191
1.38613075016298
1.40201895695182
1.39784746555103
1.39693320571584
1.38591120691551
1.39290391814952
1.39383633986173
1.40818951107054
1.4321488217808
1.43073232479927
1.44230236292945
1.46648579706324
1.44975461541798
1.46132587434378
1.46705163360028
1.46755708985252
1.47143831178131
1.47233026337069
1.50198045378355
1.52981825534897
1.5470913778561
1.56708653867787
1.59131818479126
1.60341450218652
1.61731402271837
1.64172885332057
1.67307793243644
1.68773009287939
1.68010467077689
1.69153495088569
1.7008491039992
1.69299094647157
1.72292745253731
1.70844370587686
1.70492273671154
1.70987945113666
1.71370688670541
1.73244846159891
1.77143974059272
1.76167338791765
1.74507409631495
1.75093336166832
1.75711683122738
1.75592776738895
1.77960581056205
1.76804569269141
1.81069833619026
1.84407936188353
1.875389606464
1.88473825419198
1.90245548208696
1.91626795529796
1.94071270565618
1.95777639741165
1.91353365162298
1.91185760969104
1.9275905840548
1.91472232317705
1.90933511194855
1.89518138167861
1.91313715785788
1.9288406750187
1.91791103463333
1.93764565570914
1.93903799846511
1.92975591291924
1.95056652779818
1.95199500714012
1.94332489416167
1.93796258460799
1.92476169677256
1.9383456025354
1.93081930414104
1.91681129883481
1.90984842150677
1.9202820735399
1.91307668196786
1.91713811130872
1.89700787587075
1.90703089105953
1.92689186413001
1.94105779757816
1.93786587700076
1.93663970433998
1.95441181882744
1.92179309619485
1.93049444398469
1.92941721704347
1.9534256869285
1.95068134411147
1.93960234693381
1.95360085500335
1.93416129389902
1.91771316465313
1.9167178063413
1.9146860315422
1.90085463051961
1.87526334940879
1.86553962386332
1.85887515780789
1.85525279598198
1.84953885283665
1.8230613935172
1.83631811328065
1.81764445324634
1.8143637767461
1.84119256702208
1.85221774329271
1.84826850731675
1.85091513018834
1.86679062796248
1.86719709080664
1.85650415922777
1.87592834370076
1.88340765659712
1.8744864117577
1.86951651533291
1.88193799866989
1.89180308439368
1.87079520315827
1.86838539531625
1.84317036206119
1.83660494040706
1.84656518997492
1.85051811850872
1.83488573132958
1.83660983788084
1.85610737443125
1.86340201202759
1.85198811735415
1.85260329470335
1.8734612710928
1.87668264973314
1.8795546415148
1.86309787537689
1.88574430523261
1.89518160479305
1.91019312830709
1.87085236249624
1.86432540588388
1.86867296981912
1.85035142425788
1.84169303183945
1.83363538905989
1.82742982868133
1.83945347586235
1.82658472952489
1.81466106917488
1.81452533260402
1.78287877156682
1.79953008511522
1.77520886410102
1.77500704795549
1.79298007412097
1.79275422045297
1.78653004694022
1.77290545153191
1.74780446148641
1.73952996792203
1.72755834936926
1.73818655760825
1.72903897434441
1.70923767078829
1.70583210755323
1.72193850844076
1.71703345451496
1.70172321613979
1.67585491856379
1.62939247899604
1.64301658366803
1.6342214703602
1.61075213135164
1.60152392363221
1.59872392695662
1.59382911049921
1.55397228653909
1.53612905487565
1.53284549311179
1.53644589306183
1.55494942995261
1.51964466034055
1.52584600671112
1.53394445239208
1.51676805589847
1.53278464498726
1.55165396090902
1.56964967004436
1.55206547990034
1.55795691756158
1.54287660075043
1.54940405406736
1.52856002133685
1.52674542325503
1.50349211240906
1.49730636368418
1.49199284064111
1.48596537423931
1.48617343941539
1.48222268326339
1.4998290654371
1.51007636749755
1.52115761568653
1.53745870461276
1.51959852190137
1.51955071507267
1.48797563343582
1.48585182962684
1.49191387884223
1.46586867049838
1.49228169629993
1.47281056592975
1.48808373435291
1.49428910147858
1.46408099155192
1.44697408079391
1.47990836635824
1.49025075496869
1.49456054989701
1.4963487408371
1.50512339136274
1.50549241439533
1.50809216451335
1.51612620886663
1.4989186952567
1.49634150493366
1.48697809401939
1.49299071354379
1.4741110580247
1.47578387812021
1.47804238276778
1.45052651139414
1.44747252690148
1.45395139262587
1.46957374625721
1.45045692569032
1.43770169575713
1.45222207363664
1.46591662179274
1.46872273455693
1.45945982948667
1.45229224354046
1.4330156767236
1.44574017651344
1.46424793664891
1.47861042197288
1.47989170208961
1.48954719824544
1.48321915243106
1.47497824823344
1.47961387538288
1.46210886292584
1.46603091883179
1.46380379817996
1.46949519102159
1.47717419466721
1.48149893482067
1.49272565735007
1.51233189813545
1.50406253432884
1.49569333751499
1.48532918132788
1.45308624864807
1.43678461055601
1.44215790853289
1.42285792492282
1.409940198165
1.41240153243223
1.40105459029027
1.41903846966221
1.39994280646917
1.39423314099977
1.3624573514094
1.37791421029351
1.39025458893963
1.41204357191845
1.41378114015103
1.41719955463282
1.42827651642388
1.43995470337648
1.44894938222069
1.44116774246413
1.47788478415807
1.48782113007188
1.51571144376574
1.54768536167347
1.5568258192705
1.54704431670909
1.55413225406343
1.55909108534558
1.56488366624244
1.57142745312753
1.57858905383293
1.57766270484493
1.58180330763165
1.58764126680763
1.58836256802819
1.57974532694292
1.5698501955102
1.56998223139601
1.57326348082991
1.57484303084749
1.5764297012865
1.5798219945477
1.61350478005061
1.62446425207113
1.6489899989483
1.65756644912852
1.68551355468974
1.68137152272497
1.71299726423878
1.7086656439103
1.73131154033245
1.7289863204264
1.71882164939547
1.7189593150194
1.71385138980292
1.68214864996981
1.71051088085349
1.71068929010828
1.72474926102157
1.71864560021704
1.70463989244731
1.73035875467633
1.75331168178149
1.77241082645712
1.75823484019755
1.79707007103194
1.8154641608229
1.8211477526782
1.82345905559534
1.82795096153016
1.82171459995811
1.85187396565924
1.85799498905299
1.84844951943311
1.88084287423522
1.91648702356679
1.94078298287291
1.95411219334824
1.98647656117862
2.00750218388201
2.01218771416349
2.03374915854286
2.0566988593375
2.06220687995846
2.06921365154439
2.05524313541026
2.05300618486643
2.06267060523476
2.10808034149355
2.10136515933453
2.10165764928578
2.09612016813229
2.09476502333501
2.10830008741403
2.12788681930535
2.11629591736759
2.12145947069033
2.11947195253135
2.15340379538967
2.18556713544175
2.1776521350733
2.19049779426801
2.1943546435435
2.23807963934962
2.25822941127197
2.25552588797502
2.23438578973275
2.24578756191926
2.25189854413935
2.25973676812837
2.2677596707397
2.29118011657811
2.30538588498925
2.26827559430861
2.29663831077959
2.28773283657962
2.27649944311734
2.27961806517024
2.26513028192039
2.23971116538713
2.26125729985185
2.25639886835307
2.24649988633638
2.25985574317354
2.23288122323304
2.23053628935807
2.20900556979658
2.18112678922533
2.19076552400756
2.21153533518748
2.19804561543055
2.22278907894919
2.23094124374042
2.27641349877318
2.26843044333457
2.2819555645462
2.2941240644812
2.29468979819696
2.26510010626035
2.24512610279737
2.23627318281924
2.24490974092831
2.22414686395283
2.2173081353868
2.21691573236578
2.20923866760527
2.18534117134881
2.17532308673064
2.16486294413342
2.19173021373027
2.1932523804355
2.21514262142684
2.18662118700003
2.18079683724782
2.19986844171467
2.17477611357246
2.12289936644465
2.14763334126951
2.13965265107316
2.13009456177526
2.14052317895125
2.13400671030126
2.13966857699869
2.14613980868349
2.13939698380157
2.10716722164575
2.09909182780583
2.08609955766652
2.08953137573779
2.08301033586265
2.07801111588944
2.03622802362374
2.00211641490406
2.00070014636697
2.01205758087839
1.99867391884643
1.99195480480038
1.98903806049264
2.01141254299558
1.99507351360082
1.99188177274238
1.99921946581814
1.98191858065399
1.95081961905069
1.96147459448264
1.97778516138225
1.99459182040608
2.00299675957174
2.00283935594307
1.9938098959484
1.99053176535111
1.96315365622327
1.95699875827777
1.9709799988633
1.94435992705625
1.97853253988277
1.96290630886626
1.94673213220598
1.94171428060973
1.93145357297224
1.9420909274784
1.95172729441986
1.93243441375418
1.93368447773177
1.95547036603109
1.94914806773206
1.93947409373189
1.92568465729673
1.91132779315613
1.90590754432455
1.87442193063562
1.86764420579012
1.86173430073631
1.85982244815743
1.82397095641342
1.82895611522189
1.81968301816775
1.79929019617706
1.77906172091225
1.73376651227024
1.70866860497549
1.70725504855326
1.71313784805736
1.6955521517773
1.6662750720237
1.66339814442798
1.64620467614269
1.62028299737954
1.61355796254553
1.60956838587376
1.62035230094297
1.6074764312889
1.58498741529817
1.58379496727486
1.57159851390731
1.56552646585022
1.52889508495537
1.49645422842368
1.46270655470094
1.46072947239973
1.46018272239791
1.46016866194908
1.44398567899208
1.43729639537409
1.39906203215939
1.37652608296177
1.38049906081534
1.37056450527546
1.35513955328428
1.34773106973629
1.35144590304609
1.34405653277644
1.35789331369332
1.33325547727111
1.32394605213703
1.3192748563854
1.32095933543193
1.339576429318
1.31853936464594
1.32703071388158
1.33221342265524
1.35190446918658
1.34010611156375
1.32837650907236
1.31859257810871
1.29494940095661
1.28917910767538
1.31066730132705
1.32138530529181
1.30362831168771
1.2870802068545
1.28286206376546
1.27783947141677
1.28737823865041
1.27451710837548
1.26145300102279
1.26126645804218
1.28955407053926
1.30720059845898
1.30653405788144
1.32407350462718
1.33798795502391
1.36876487150047
1.36948647687659
1.39179318747622
1.39820392956725
1.41698208228269
1.4124176226866
1.41693057335655
1.40775032152865
1.40121538861094
1.4154629632602
1.41352230734296
1.42233929998094
1.4305973394061
1.46025733212512
1.4754513419565
1.49716809186607
1.49993573965695
1.51288311212822
1.53646715583855
1.52041767495037
1.52811286927882
1.52994475001674
1.52824078143769
1.52232088022776
1.54423637510814
1.53402056604712
1.54677342901326
1.54645133471657
1.57778038708506
1.58406557960458
1.59909829931128
1.60158213990633
1.62974690286023
1.65281638052808
1.64824480592306
1.63087784041197
1.63417343241216
1.63288287346313
1.62073921004506
1.63489907988833
1.63808367109481
1.64225240714696
1.63615180379224
1.6353183832922
1.66081875893629
1.70457082883629
1.69618605836355
1.72658716874683
1.72822479520455
1.73840154421049
1.74921669969537
1.75316905419946
1.73729487643374
1.75194198697482
1.74727312679691
1.74139751174161
1.75635366711486
1.76807910495093
1.79012953779694
1.78388116593599
1.80829433820832
1.79997314483042
1.80680116666627
1.80801469711825
1.84899799539405
1.84734265263667
1.85005792339513
1.86855648145558
1.85337664439806
1.88699793448993
1.92345269601538
1.9103594429633
1.8884346576379
1.87679400985305
1.90793946726563
1.90252564400301
1.88997638463364
1.86943183757563
1.88009353909874
1.89008137345504
1.86404746301056
1.85978785231398
1.87113750539068
1.8431156320518
1.8376247229927
1.82579655550904
1.83392944181338
1.83009565134513
1.83532129692695
1.8487793659787
1.83586414832453
1.83408804331359
1.80931929342435
1.82260898249012
1.82473098791552
1.82289340458685
1.81934465240378
1.83003672012547
1.83533882675374
1.82451277174807
1.83160274007777
1.81347636369525
1.79657058343409
1.79371092418211
1.80441558983124
1.81098159671814
1.82043480473352
1.8161987107538
1.82674948278291
1.83468646669468
1.84800066287467
1.84187066416387
1.85323249389759
1.86880298933687
1.85819511071789
1.87312277624615
1.86816015886067
1.88292992246564
1.88674109495003
1.86573221512007
1.86424664377873
1.8602396256135
1.85071562643799
1.82350253999539
1.79557770372607
1.81637105951995
1.83926332823193
1.83428038461137
1.80759694635147
1.8036449728914
1.76948321558131
1.75284903468976
1.75697381575521
1.73992878246097
1.72476255671775
1.70082305729106
1.69206823902858
1.68744110530465
1.68135634084106
1.67721936453785
1.68119302033422
1.66144270184906
1.657350443691
1.64869932262013
1.62429270342063
1.64138213209208
1.62321598505941
1.62757816749248
1.61993633392705
1.59546208808492
1.58068638808173
1.5658737797708
1.53635051422514
1.54627710320147
1.53916575684044
1.54277327977693
1.54386239086286
1.52951753871264
1.51902928293655
1.50097545380618
1.51884713193341
1.51337062408311
1.50933833742935
1.50100660032354
1.46979292388469
1.46968093612064
1.47257024640774
1.47490143588692
1.47951807796698
1.47855281581634
1.47208956224415
1.44536241370042
1.45061493144583
1.43205238903551
1.42791395817714
1.41739083774951
1.41507613565299
1.39418661359846
1.38941391507327
1.4086100367179
1.40550725620203
1.37770558233342
1.35599697243126
1.35339164932396
1.34888666142315
1.32497833124534
1.31248640177296
1.29415420625528
1.28480214484306
1.2797680326144
1.27778062806019
1.28684108337305
1.27920011737767
1.2551006584651
1.23710190021292
1.21865770091073
1.22000550007701
1.20189710438224
1.21521485223359
1.21063379258879
1.22036788701127
1.24095113416891
1.236603735876
1.24512509763486
1.22673155136706
1.23375984364431
1.24145723509552
1.25558499850717
1.26691649415385
1.26907283884167
1.28145447015391
1.28202154206235
1.30294788550994
1.28485981342716
1.29009403027972
1.31108696962717
1.31641894648266
1.30709705434596
1.30540189166749
1.31905137719861
1.32629028686746
1.34121302823798
1.34303204784116
1.31767794815872
1.33784849313799
1.31479017619758
1.3262438189495
1.34000494729964
1.36161478379478
1.37399503951901
1.40389529562795
1.39697116807464
1.412087425048
1.40066510294467
1.4265332049374
1.47166890366229
1.47205129113973
1.49016277941368
1.51059836014096
1.52339448888027
1.56213688458784
1.5781660930132
1.58596980899148
1.59989442753792
1.61266874219001
1.63834702363749
1.61724703924344
1.61666258490439
1.65183066989731
1.65209051443837
1.65877695845017
1.65752556493579
1.66487165217167
1.65687785127087
1.66881757576324
1.6676044772098
1.65229434581217
1.64731901466766
1.68436845450368
1.70390160098739
1.71980250039458
1.72062082632972
1.72146303920085
1.75474759910086
1.74613758083699
1.7774341761921
1.80358441397673
1.8222287173384
1.83514229258791
1.82757609548298
1.84646012759804
1.85862945504392
1.85469508741937
1.87439171552371
1.88055506475235
1.87710157779073
1.91438153452463
1.92559681857476
1.94307613413596
1.93351432302296
1.96952069384576
1.9835828927737
1.97455427929729
1.98883117730581
2.01160213496226
2.02252278529958
2.02395718604997
2.02860213374591
2.03077202561809
2.0472469585593
2.08272262882678
2.09154759139512
2.09908218845817
2.12238905371753
2.13247269855057
2.13408312863976
2.13762322409475
2.11578429822118
2.11464146727042
2.12322200967398
2.14410121506765
2.15449465351242
2.16454469392219
2.16017593287765
2.17117083178448
2.19814590405095
2.19892898321476
2.18497594788709
2.18224969576888
2.18956430288598
2.20681578692035
2.20811722616266
2.20201811612612
2.21709647315493
2.24266464279232
2.23459250488997
2.21327685703976
2.17640899879612
2.18507963200482
2.20620257755404
2.2376274331017
2.23724142003851
2.24276096020685
2.21213268849883
2.2112147457811
2.21735892844795
2.20914189011442
2.21431003050256
2.21932923745903
2.21254524691737
2.19486092470151
2.19860331534606
2.19453731733173
2.19836151654237
2.18941252777498
2.15046253135335
2.12938997242052
2.14605365456242
2.1407574258662
2.14431190170467
2.15554366376151
2.16538738910609
2.13550175315106
2.12709566497504
2.13252915989129
2.11434166373864
2.11380116792989
2.09044688593051
2.07964129896598
2.07496195549763
2.07115047458668
2.04535010819251
2.03306300845812
2.01262245841633
2.01478474858709
1.99143776602421
1.97588487950384
1.97336398325582
1.95522171846716
1.96236099898118
1.95611208775182
1.95623445420522
1.93974431166764
1.93556971766489
1.89593112408155
1.87511421792861
1.88333366299369
1.86341088576415
1.83062830264571
1.8050805748286
1.78432673276053
1.78731414514992
1.77828553458541
1.79691764934661
1.79960614188702
1.80828488403713
1.77870013228741
1.77396118408169
1.77423060561061
1.75553971712539
1.75987408457436
1.74181467928924
1.71329873057756
1.71028422784198
1.71189872332177
1.69276103299151
1.67806058479196
1.6682100898747
1.66606104550409
1.65009409340714
1.62958777467457
1.61151264133244
1.61149044229285
1.63084886560796
1.62662881708587
1.6310823169528
1.62998529410122
1.63057937720943
1.62370711319477
1.63088319490791
1.60659527415374
1.5716807299936
1.5726788691534
1.55734099233485
1.54679429336257
1.51854024157854
1.52833467281177
1.51208964438235
1.5343921315137
1.52622438880846
1.48086632133284
1.49076799363849
1.49702721369313
1.50089799530895
1.47886952508443
1.46029671517325
1.43938340550141
1.449500135105
1.43961455623962
1.46003106418555
1.44798760332519
1.42915305016259
1.41290565801279
1.41065629551186
1.39488177395955
1.38804066504253
1.39504253979225
1.39830628262211
1.38288450578077
1.37924410188915
1.37807094666836
1.33750336435274
1.31910233427328
1.31853013712747
1.31276748135708
1.2802869493308
1.27150351245844
1.2812389864141
1.28602405507842
1.29488660338615
1.30608646266429
1.33750829952373
1.33200295852351
1.31784282926158
1.30523785637771
1.3158826130727
1.3210524063184
1.30509338274226
1.2982216302159
1.30435787934319
1.3146216781457
1.32484680527321
1.30997760155831
1.30889726386082
1.30048774866
1.31157816994417
1.3267092984512
1.32213603745008
1.31685333732953
1.30349929608081
1.31337336289754
1.29191448208932
1.29355571786481
1.29212061999042
1.29747207141684
1.30161091925472
1.34463065228435
1.32985035083712
1.35309823008445
1.3408072316738
1.33125764819742
1.34231483150844
1.32763250618902
1.35218130126154
1.34504660122034
1.33076376782642
1.32832873261365
1.35356381759066
1.34950267055764
1.34207467641496
1.36040160202268
1.35858952524513
1.38847769162214
1.36564237283672
1.3679191386555
1.3518505650363
1.35759949319446
1.36183381241396
1.35486819956245
1.36646385048602
1.36394509548625
1.3388144523348
1.32441841134323
1.32842269162384
1.31323976524053
1.30339454886168
1.29416778203755
1.3029813114494
1.31523389994106
1.31399944014256
1.30960347470485
1.32189993614753
1.35113752305925
1.34415845345219
1.34653750139289
1.35494359895009
1.34699400721289
1.35779056766122
1.35843574690871
1.38592110581415
1.40019983341795
1.38643115650267
1.38198154847418
1.40257028643859
1.39335841845239
1.37281674397059
1.36227321262264
1.3656933569002
1.37057738760257
1.37440203821147
1.35906911370238
1.35739698771272
1.3610248389258
1.37168337108422
1.37351050190181
1.38495702773064
1.38472711759185
1.36353417126655
1.3725198523637
1.3804652347364
1.3659176430436
1.37439172430021
1.36303395811085
1.35871729687177
1.36015029748009
1.35552616331245
1.35807434104991
1.3726653926179
1.38710731432007
1.39978319807031
1.39939390406504
1.39943692944113
1.41482258208423
1.40449501156151
1.39406482803463
1.39774847676757
1.3994059198219
1.44501561521152
1.44931579505397
1.44551084855355
1.46330147875829
1.47957897802082
1.48060909718871
1.49538765528727
1.50559204943458
1.50785252818405
1.50800750845081
1.50574748744296
1.52803438626824
1.51352064261409
1.53158470057579
1.58493415655858
1.57154587055083
1.57676191362013
1.59272943411968
1.60410571434841
1.59613904796922
1.5891093186703
1.5919313039231
1.63261270963353
1.62843438029284
1.63705989121865
1.63638366629073
1.66049632429452
1.66748348019258
1.66934841875476
1.65162427845526
1.66892159522344
1.64451650112816
1.63035742286648
1.64369413109026
1.65391621844643
1.63305170442125
1.64127126342078
1.64377750045451
1.66035252554361
1.66676975408085
1.69909488623791
1.69015759574957
1.67655957944511
1.66247299954604
1.65051169736101
1.67159507637724
1.66011630694898
1.65385620134493
1.65972716054388
1.66544764409794
1.64347991979236
1.64730039395032
1.63464411369616
1.63487896762235
1.63508176747028
1.65318442239505
1.66593339068823
1.69469180513045
1.69820293893773
1.71191902593422
1.70381410838957
1.68467694649755
1.69403999435615
1.68793218907392
1.72140691254336
1.71750745200022
1.71779530815008
1.7083775524292
1.72076565336371
1.73471353812436
1.77245655018359
1.76819096908312
1.8066755194715
1.81643105476865
1.8488700459753
1.85426863031029
1.85941321343468
1.83973498183124
1.83548935582543
1.84968559790741
1.86134914973673
1.84775813102213
1.86067074363393
1.8753564386661
1.89979133350382
1.93578085994467
1.92561341588158
1.93720437924331
1.93120898937644
1.945316010657
1.96025376136295
1.93869591112109
1.93018498771613
1.91297919884469
1.93435250144184
1.94258772927035
1.95278861851945
1.97028090927841
1.9726974677729
1.97481694489116
1.9636577660767
1.95217638958505
1.95210484650366
1.95451345881104
1.95339054486567
1.96293066078348
1.98110000073252
1.93793911047087
1.95243442622001
1.94927591790309
1.94150162870148
1.94510464656673
1.95646189508275
1.9524937282478
1.96264535544039
1.96055385613683
1.97748231442033
1.98052063199268
1.98547593373563
1.98690113972678
1.99992505217407
1.97379868090305
1.99036733103445
1.99222255965636
1.99291866943251
1.97559974192643
1.97320446713149
1.98555066420323
1.99710723662109
2.00152980024667
1.98274340386942
1.97875482154418
1.97491893384115
1.97302839357113
1.9649853361177
1.94844944357659
1.93088750201748
1.9106720389087
1.90307134078796
1.91289392349336
1.88858808397749
1.86505156341433
1.85732467046237
1.89299555137304
1.88927941856462
1.89422360834739
1.88330131517524
1.89241575768359
1.89104742646777
1.86886569708227
1.8505030141234
1.84553606506226
1.86842834922893
1.859952431774
1.85533644492376
1.8700441920222
1.88985183717193
1.87356724135832
1.85886166462388
1.83510093294903
1.81853254294335
1.8090533205205
1.80591641075239
1.80807628333032
1.80531714011044
1.80923691381907
1.83744627819955
1.82257117667807
1.84422132383475
1.84613585551188
1.85323071631377
1.87613897445317
1.86250628713043
1.85611929028316
1.845294757165
1.82905484761995
1.82234831113301
1.82419947630602
1.82723564448694
1.83952545359551
1.851257691873
1.84561294878321
1.84295156405994
1.86642416444548
1.87856612580332
1.87898125540383
1.85956111810039
1.86026356467296
1.85338182428634
1.85443061718674
1.83889044528409
1.84691521456623
1.84289903891703
1.83033870341597
1.80334981387401
1.80716912211817
1.80714556423125
1.79204001824726
1.76930100780985
1.76708237390567
1.77664689168788
1.77225999663416
1.76317966617457
1.75136510615811
1.77087758684224
1.77357173631865
1.77971122523555
1.76509067839671
1.75535366602909
1.75513053083128
1.75540890993309
1.72855162920478
1.74059691072565
1.74746727946886
1.76865653186914
1.77608636491393
1.77802959716281
1.79850503107588
1.80619374517419
1.79872708682875
1.79725178811855
1.80278198612835
1.79006404961025
1.80992315007623
1.80724010243663
1.8187500187526
1.80671313544222
1.79030018803896
1.78496550632406
1.7736771017039
1.78755106769862
1.77672410080285
1.76490060376513
1.75145449662124
1.77361563433298
1.77808160395837
1.76262185832075
1.7703961430345
1.77137425900733
1.76148478767107
1.75998159939013
1.75314779078829
1.75884236161233
1.75195628950548
1.75906793611076
1.74798181735051
1.74616721372253
1.73471795736493
1.72457745885402
1.72758464962533
1.7337707153747
1.74428978867455
1.76937714774204
1.76609645413969
1.75788754323199
1.73306123255597
1.70068106647003
1.70948302278503
1.70169276243073
1.69153709879945
1.68162244515457
1.68518964255193
1.68414816194919
1.66944068620308
1.66605681948352
1.68305983332027
1.69041871705602
1.70930051303033
1.71519520314234
1.72075302181855
1.70422336002165
1.70137295936072
1.69377604793242
1.70336954033238
1.70374784187388
1.702230839953
1.71513670993517
1.70693104945847
1.71860344263897
1.71559787634167
1.74847955707709
1.74406612599528
1.74937914583275
1.75299752409591
1.75884807095795
1.76972242719824
1.772574451755
1.74596115778481
1.74471847134813
1.72532514278366
1.69375194864984
1.68750441564741
1.6851417212539
1.69067652307338
1.68502826173068
1.68091162132576
1.67460640498265
1.65502703973525
1.6629770715845
1.64018660366993
1.6157827378899
1.62204625158441
1.63132616416278
1.60036659081534
1.59073626749931
1.56887056898046
1.56512275114876
1.57010540143578
1.57904112764151
1.59028484940744
1.58695161968588
1.54963105366226
1.52563952580365
1.53410200684727
1.56703863448034
1.56105079269983
1.55765690434255
1.53459791638293
1.54045883548988
1.53859156328261
1.53313488808564
1.53974269244003
1.52983556362447
1.52043165606625
1.50952114544661
1.51425536424161
1.53322446578036
1.5107991693107
1.50203659083195
1.50841165044747
1.48683296839828
1.47938342130569
1.47686103102083
1.46396354886579
1.47060052015245
1.4745433084483
1.48285197869884
1.4736889978483
1.46893225000216
1.48678090550124
1.4692629135947
1.46507220843437
1.46091121539026
1.48683038113662
1.48035852278166
1.45685803188027
1.46195468621603
1.47059914066624
1.47173277163945
1.48259561810522
1.46982550238084
1.43637693027824
1.4307711367076
1.4429019853227
1.47236305072217
1.47420276174617
1.4664336752763
1.44646808245549
1.44629645260293
1.45051597240453
1.3950342772664
1.37588626201075
1.35555920333181
1.36865974923167
1.39763719237173
1.42430564922826
1.40833173214572
1.43617610113159
1.45582672125354
1.44288978342205
1.43555754845072
1.42674103897704
1.4333607124816
1.44055981959667
1.43430852104757
1.43488722407673
1.43369963515492
1.41499647490194
1.4103391917611
1.41480779199831
1.44549140498132
1.46630030177133
1.49473825367772
1.52214700937607
1.53877562343415
1.56754697533078
1.57397299660926
1.57412512744781
1.56659603501748
1.58359622136752
1.5857126561725
1.58352981128328
1.5750889329985
1.58227547846859
1.59026275964354
1.62067153333472
1.65306672949666
1.65776679853079
1.66684209835578
1.67274701730186
1.67914622093669
1.6751864988502
1.6667689675921
1.66521931894875
1.65287953844202
1.64299856602275
1.63126603451359
1.61793362300517
1.65082753943059
1.65391983600458
1.67710700823193
1.68379786863214
1.71197230279691
1.70074168885294
1.70902473880621
1.70820725727753
1.71237205517375
1.72007789666804
1.73001218211588
1.71464131005238
1.72011701016722
1.70626378623128
1.70049121484198
1.69602335363547
1.70792982451854
1.71272543198291
1.67604299694601
1.64632185112015
1.64692618888741
1.65607380618189
1.64486370637584
1.69496784265785
1.71150879883606
1.69280875491822
1.72328107518934
1.71612182278207
1.71462321324388
1.74134650024195
1.75452150185116
1.75688090933709
1.76467033812664
1.75590262430526
1.74103281375952
1.74053224151306
1.7335768544051
1.74130113509025
1.74439959389662
1.73980193189199
1.75708601308702
1.75210278374579
1.76262960098382
1.75217343506838
1.74631022236043
1.75400301562624
1.78456848176447
1.79910467595425
1.79733223860874
1.77838074987338
1.79688600118308
1.78553087591076
1.77152762220062
1.75176775418307
1.75378311902063
1.74781345253442
1.73394349425315
1.7413049388788
1.73013864348328
1.72074613819058
1.71309945742702
1.70181711201494
1.65985607562665
1.66284707331978
1.65038416649234
1.62891981007441
1.62392687467916
1.62728231612342
1.61473633699974
1.62215452676312
1.6048409050792
1.61448367651278
1.59535464551374
1.6301635700653
1.61878525317697
1.62150458074356
1.59739556718915
1.57965376259539
1.57583361608658
1.56154187987917
1.59021006271353
1.59038366381532
1.58583374137637
1.56777619821816
1.56425779797077
1.56536912432516
1.5772370607812
1.57755850220618
1.59286496683369
1.59609096968801
1.59437492415545
1.56671518395191
1.5733993761294
1.569797500592
1.56524661391022
1.58878512823927
1.61376008159124
1.64437411065704
1.62802426270667
1.60854752149435
1.60312731235256
1.60492893239244
1.60473502579928
1.60622848767654
1.61656016386684
1.6176885710455
1.60987990651693
1.60499881446665
1.61208879500515
1.60158922883439
1.61328924068941
1.62287270607196
1.62078784271309
1.61135818104851
1.59916262036342
1.60649794374694
1.58331915063127
1.5878238554771
1.58871098053039
1.60265888284769
1.61676815869669
1.65668376356222
1.66312519425865
1.66794863454164
1.66960402274206
1.71057113323803
1.72311385355223
1.71646989218741
1.7117520787055
1.72289939206598
1.71127979132436
1.73002917706083
1.75793606126317
1.75286512210449
1.77934220936316
1.75388168632895
1.76697575116268
1.76837115797444
1.74477451923597
1.75212442954816
1.76364978346325
1.77055778666659
1.78106276590296
1.79677759862845
1.78419181589867
1.78541472003225
1.78279044301272
1.79290384552756
1.81087469101217
1.81061064782993
1.78300816315273
1.80467454202859
1.79652358112596
1.8068419397236
1.81201269949366
1.83097651641021
1.82917224703001
1.8194626939325
1.82448921707522
1.86600847354532
1.86894951929613
1.86907305241237
1.89105868902393
1.87953121053165
1.90146569306928
1.89895867401714
1.89546216138615
1.87789236642395
1.90653272910006
1.90527854273377
1.91815270105366
1.92515802887848
1.94321946305687
1.96241973204308
1.9431596616996
1.95172465552287
1.96927248920536
1.95671026911103
1.95775906834492
1.95877698501268
1.96981897320005
1.98020238555821
1.97753504545478
1.97942790516534
1.9973017957459
1.98913459329595
1.9870551424439
1.96461428454893
1.97264989415791
1.95147038949519
1.95121501845811
1.93230721610324
1.93009346578762
1.94837136109989
1.93273939657253
1.92772425348388
1.91228835447236
1.91294883729603
1.88375679267173
1.87185585609168
1.86844085882123
1.85761308415636
1.85678151337304
1.84719669704889
1.8287370709324
1.82000849532651
1.82217758192708
1.8324688986709
1.84291217165225
1.83447040504042
1.84054326820884
1.85156551015367
1.84812934914612
1.82443470672303
1.83048456153099
1.81952433245418
1.83467157755469
1.81548650354954
1.80537796434385
1.78764895496253
1.78845567310788
1.7753206984964
1.78867825376987
1.79958754332497
1.77430955035319
1.77366020429633
1.77715265582238
1.77830351673437
1.74465333680988
1.7461795345497
1.75331799309602
1.7522765148344
1.74896794977524
1.7559379648756
1.74951738865087
1.75755435309652
1.72556959458876
1.69830313899079
1.68749160602441
1.71858660246673
1.70604007041737
1.70974052555326
1.69434929129274
1.66022005064139
1.65697995404506
1.65695479539157
1.66441414438114
1.64074577274311
1.64922359276512
1.64295848203332
1.60581449937841
1.60659925263932
1.62642721711494
1.6277422181937
1.63222090246255
1.65011158928948
1.65935927482715
1.66167459789239
1.6571271358754
1.66349652776789
1.65590909488816
1.62862424806147
1.61347103533009
1.60884285587689
1.64064809965385
1.66134018078025
1.6991386797222
1.69945957036633
1.69089697344613
1.65952200130034
1.64970999287476
1.6521287269343
1.64424341101933
1.65082455410226
1.65473350005971
1.6689223769056
1.66866700424681
1.66945231257647
1.65117275498515
1.6539053706848
1.66025661258335
1.66184291243995
1.66193334559937
1.67746810909765
1.63848946308238
1.61744592269917
1.60820365181791
1.5859071227387
1.57234920061672
1.56958760947972
1.58741652404697
1.58965709899236
1.58939169601419
1.57408794728776
1.58278237554569
1.58559539399976
1.58297406757801
1.55788617358475
1.58899168314004
1.58710750177435
1.59641910967537
1.59356867884148
1.57327685361485
1.61458300387236
1.60478261906362
1.63507734715955
1.63833854366423
1.6314527526052
1.65449208066649
1.64075974401952
1.64616646637562
1.63186057259996
1.63503133727983
1.6423311568152
1.6498029239895
1.63955165364149
1.6455330478188
1.6667929552467
1.66266143310366
1.67267030513466
1.70385756805748
1.71140193509958
1.7384068082084
1.72835622331017
1.73364592500443
1.7326158309671
1.71675747154536
1.75686882242438
1.74515201563885
1.75951371410835
1.74674460329226
1.7546697233663
1.77580863135081
1.76910752537972
1.78134805681597
1.78809087678021
1.79591147524919
1.79201335566875
1.82175864464547
1.8410495898872
1.82554921573368
1.80635658421948
1.80438197306896
1.80877731068501
1.81213220273348
1.80812629676671
1.81006054739782
1.82618996302852
1.85678504144209
1.87665089747685
1.86930610175119
1.85857337809203
1.86262314687433
1.85090769330495
1.84397883576615
1.87064625908208
1.86947263671347
1.88500740074652
1.85570861719145
1.85646765491631
1.83733377237243
1.85003513475089
1.86299513759688
1.87320819628807
1.88762155498512
1.87059442706481
1.88624995109311
1.86126578444101
1.87272777463037
1.86239689790014
1.86082978335252
1.86467265710875
1.84319988490219
1.83547568803338
1.84290629500847
1.83230142128673
1.82631087300881
1.82577688160487
1.80771504185165
1.8094280680079
1.78718575713039
1.78100861163447
1.7743329828441
1.7701556877957
1.78568447989903
1.75744373681554
1.7650966832075
1.7804056073173
1.78696859538271
1.78466521300483
1.78973830904978
1.80528389891283
1.81183876765259
1.81750222046427
1.80792608741457
1.79808860567177
1.78261912013184
1.77281038123866
1.76151142482879
1.78281201696088
1.78386837958026
1.77092270385164
1.75662548723012
1.75804795335442
1.76432397467342
1.78385349573628
1.79379932516968
1.81266891721796
1.80515488216021
1.7958698692004
1.79497271508539
1.78061133971925
1.77335347466056
1.74656011623261
1.73610656715025
1.73895700597756
1.7293876401357
1.72200462923047
1.70946891834936
1.7182662765515
1.70556921228273
1.69772425644297
1.70426423994782
1.68121082077651
1.67368054846674
1.66413260130007
1.66759584178693
1.6718446217912
1.66133853195385
1.64781173871752
1.64480479910632
1.61479489881453
1.62329414028221
1.63880940094996
1.66368340112174
1.68307288997496
1.67238402888636
1.65809978312387
1.64686960600075
1.64455810607539
1.6027233790807
1.60821568055601
1.59366117269014
1.58202509119576
1.59744282773683
1.56835285423238
1.57440214800739
1.57805030518163
1.56023301715236
1.54931989994972
1.53517122363123
1.51768346100627
1.52381208412252
1.49838172567315
1.50584752346468
1.50009729682628
1.46615950550084
1.4555149800726
1.44901304327193
1.42333286463372
1.41104737550711
1.40468973235302
1.40945824926826
1.4181404984357
1.39618584160286
1.39833558789224
1.37309298048606
1.35886016662301
1.36304940967736
1.35645823988795
1.37476287892535
1.3604271708166
1.35886260160349
1.39376166225739
1.41416941175682
1.40796732795763
1.40301958333031
1.40575930410028
1.39206770008703
1.37023295628601
1.36264838764499
1.35461660300864
1.3874152073232
1.37422901042198
1.37983435552206
1.39065026551621
1.3707977418857
1.38048238040023
1.39335684479139
1.39008087962281
1.40368145878273
1.39771422961439
1.38802979402746
1.37846643155494
1.38640300947212
1.41537639845248
1.41648970531029
1.45702648426396
1.44815608641939
1.44707158409353
1.45573885389844
1.47597917291369
1.48566974174044
1.50016100119386
1.49849263177224
1.51984809914571
1.53779056318639
1.55519087717787
1.57533075981867
1.56765138896585
1.58960084649852
1.60958294208929
1.61174527092941
1.63186593939299
1.64232107029104
1.66087382995244
1.70090127767401
1.70658819008968
1.72368139333092
1.74802592161543
1.76923654879137
1.7810267569858
1.80676803868198
1.78378395871918
1.78327567922872
1.76689573573635
1.76750391227133
1.79086263962339
1.79908042720264
1.81883552354545
1.83301933552574
1.85504530610778
1.84876812393385
1.8675745715083
1.88818586142578
1.89616474140376
1.91562410314215
1.9451489084914
1.97806505653194
1.99221019438806
1.98623339736528
2.01112915456279
2.0412689226775
2.04243781748969
2.01182993033424
2.00500615592792
1.99843933962226
1.98292428236362
1.98123310246057
1.96560962358611
1.95454493117832
1.96143772775034
1.95348180583894
1.94351128859966
1.94890118785477
1.95556785722702
1.97087601533592
1.96970090582463
1.98435069209037
1.98679933033139
2.01137072195538
1.99690113264351
2.00654858540513
2.03092433152823
2.01631804352829
2.0178987269738
2.02660954897247
2.00103737133841
1.9903918723144
1.9967842953932
1.99555710596514
1.97373404062031
1.96164589041807
1.92776551158095
1.91913345814021
1.88935028404559
1.86738685530489
1.85899239882846
1.86177400069824
1.8721085443623
1.86631232367586
1.85778928626305
1.86337311067515
1.83101336474581
1.8444362700993
1.85905091419376
1.88354857868788
1.89130238959659
1.86759479317956
1.87469615946621
1.83844608187128
1.81388732919187
1.81036511805815
1.80364350181364
1.80487778118457
1.77849686956868
1.80091855282445
1.78353321576513
1.75873238941319
1.74285159540408
1.69091069963196
1.67934418833221
1.68930456573275
1.6881856292597
1.67907527835245
1.67495864522578
1.65433973696584
1.65685869785673
1.64325287235042
1.63073936793962
1.62820473858509
1.61007254259977
1.57476291631091
1.56585754530534
1.51952843185602
1.50971839976633
1.49762570746624
1.49715873989352
1.51245621595575
1.48032624992334
1.46693748673712
1.46177544608081
1.45854099427364
1.42684186238859
1.40559285361665
1.39166096187917
1.40150804305446
1.4185441631887
1.40962302998485
1.42023864709217
1.42814405764257
1.40054202993795
1.3785780548274
1.33723553299654
1.33355819729475
1.32545982779486
1.31331646554524
1.29843058497312
1.2597461514897
1.24916934509989
1.24244118924019
1.23451279606975
1.23484642664127
1.24272498434955
1.23830662432946
1.24056693111195
1.2359157487397
1.21335842924135
1.22971311192928
1.22026258824494
1.24226144531368
1.2422587400947
1.23203395084484
1.2651617375494
1.2687559965875
1.2773551427307
1.25083475993894
1.22466638005243
1.22776183046071
1.2486413125685
1.24483168983601
1.2568523662132
1.24085025522028
1.2262744401331
1.20134823773443
1.19706799785663
1.21224749012153
1.22117258562421
1.22750374547313
1.22900693586644
1.21548826333007
1.23526639535551
1.21275642466854
1.19895374163262
1.20049210579165
1.18766661505805
1.19221000632281
1.21251984970192
1.22070057219229
1.23441667414333
1.25285273578735
1.24878943132185
1.23566448108909
1.25833657475359
1.26688182520234
1.26552295331605
1.28844445115042
1.30850502282377
1.30158371457851
1.31791155496117
1.30115738993873
1.28135124717389
1.28164725026069
1.2840651139005
1.3068500529499
1.29867032651965
1.32111918113896
1.33750198279481
1.34472944294901
1.360645686939
1.36891761462136
1.36290734818048
1.3454738218817
1.34643250411515
1.36050756753186
1.34884458369912
1.3742809900585
1.36296633116723
1.37369448844673
1.41857432312229
1.45113401636993
1.44686761325088
1.442745868946
1.43885564458544
1.44176437767081
1.45278486468499
1.46112092334327
1.47494898313255
1.51092478038537
1.51937784413436
1.52620967200597
1.5388796628735
1.54920353171094
1.54147212722789
1.55536245587433
1.54925400251858
1.55386726509668
1.5627485790288
1.57818200409149
1.61991382406971
1.60326437353343
1.60783002517304
1.63300270937244
1.62438941491144
1.62550175270304
1.62451516263779
1.61391385104039
1.64408461981128
1.65111793647166
1.67389272216468
1.67670572958283
1.69174596025766
1.67061759089303
1.66673433558498
1.6709885698781
1.68077928272977
1.67607945780518
1.69159159860158
1.70275954637577
1.69515552349655
1.68924998520049
1.70044441825044
1.720836127629
1.75750462454683
1.78488428515822
1.79759600551467
1.79495415515505
1.78127087403366
1.78482668332783
1.80514420492976
1.80415313714873
1.82403094455639
1.81758273989964
1.8248969882138
1.84465269269666
1.85292440213662
1.84431500178881
1.84803136050842
1.86810972909164
1.88945576835645
1.90945297342159
1.90315485423412
1.93262693427967
1.93778618081354
1.94536877215008
1.9426629866383
1.93729449138986
1.91077759880944
1.90892938453231
1.92785634916168
1.89189761716783
1.89971608606078
1.93827416033099
1.94612712525386
1.97446122150718
1.98933876642063
1.98914137461582
1.98779820206672
1.98841145945655
1.99188307774212
2.00398317667137
2.02277276780616
2.02766751533104
2.04183988631804
2.04084785856329
2.03659890934454
2.03813613228448
2.03691367397289
2.05004883519868
2.08574453570609
2.09895572634244
2.11162013036787
2.09527430563858
2.10245317562844
2.08604609122045
2.09604711662039
2.09156827270618
2.10028311417797
2.09413554183407
2.08685120003116
2.09014076539048
2.10936074411383
2.1386418378465
2.14709556360889
2.12187076576456
2.09359280851583
2.06751065089957
2.06584769378393
2.0768236245432
2.06477798615972
2.06039155150614
2.04496731770845
2.05913655753301
2.05482883075471
2.06513308611311
2.02556386764729
2.00845791288453
2.01264737826088
2.00678819237552
2.03426618038355
2.04946226990656
2.02299230287019
2.01580785006031
2.01777951918648
2.0407798285374
2.04309324527174
2.03947464238854
2.04817830846021
2.03652059797057
2.02920556491005
2.04142851900715
2.0471916671619
2.05115721988751
2.05684852297678
2.05807333138847
2.04851074419942
2.03046143231578
2.02338612723379
2.04147367748968
2.01440850195222
2.02911546102598
2.00821084757361
1.98056960690157
1.99452236960333
2.00500048067233
1.98003198848656
1.96632920361919
1.98128192466449
1.98052752084856
1.97739206934859
1.96174253524132
1.96098329381174
1.97451257930827
1.95298377864743
1.94761200987138
1.93752106426016
1.93886313590617
1.92416543867502
1.90721961563614
1.89679966867424
1.86760654406839
1.83453152131153
1.80615346093391
1.77498674178123
1.76467131153665
1.74378485577224
1.71055043298227
1.71816876961944
1.70994825515924
1.6894638411657
1.68728043458548
1.7045558329598
1.69915836539073
1.7066992375266
1.69671473450824
1.67488070684323
1.67983383766336
1.66902095109464
1.63455651696655
1.62382088932531
1.6241147243052
1.61394574088141
1.61586371928708
1.62620157152777
1.62921471588339
1.63384888714287
1.6343674122926
1.61174807764224
1.61235083042791
1.56814125591222
1.55759265214995
1.55946849496114
1.58159947430003
1.57620163875905
1.55557077771753
1.53379470497296
1.52509005537841
1.5383139092817
1.54667197612213
1.56276158498259
1.56795871004763
1.55069470867327
1.53717739110629
1.4962709418942
1.48906698277088
1.47532918488299
1.48462561532949
1.4922951455665
1.49803009957734
1.48538366936967
1.49114026425986
1.47722053852076
1.46987179328332
1.46764286275341
1.47024361029009
1.48001866893679
1.49242188472117
1.50240618503609
1.50173428875123
1.46853455859313
1.45450579216645
1.43765730666376
1.42849384562441
1.46187227376032
1.43691824600345
1.43977672265862
1.40845413971264
1.42565685866234
1.40861489517402
1.41918712261905
1.40256316928132
1.40515746514268
1.42544637004747
1.42370480561243
1.4241384783424
1.41902448730064
1.40715701386625
1.4203458462731
1.45338918029618
1.46241492310993
1.48142230823438
1.48083500394597
1.49111781214816
1.48842305198539
1.47951191581652
1.45912499494692
