2.07911257382748
2.06626435184056
2.15121710407692
2.13477549044283
2.12076180485576
2.133486523113
2.177686914775
2.19769871213426
2.24727854448454
2.23092437047813
2.26944747805846
2.30136612745323
2.29463214036226
2.32538150038711
2.35283532120307
2.35967972089211
2.37428148563058
2.43284006031417
2.37714512166259
2.36421997418197
2.32489533420222
2.31446843018234
2.29699046416202
2.30381884939206
2.29923716699792
2.27149681342898
2.25164225536314
2.29826306374367
2.2548062002836
2.26841073358001
2.25495143470673
2.24538878018742
2.23086475140522
2.23777112715794
2.2144838772214
2.24263521589905
2.26946295127464
2.28025450183198
2.2733581930394
2.29483190967982
2.32873019282506
2.34229685492797
2.35936859580635
2.3831090762439
2.40116852390285
2.43901780636905
2.47804048695158
2.48523252460999
2.48204905042676
2.44055953653528
2.4208943122296
2.41879920807727
2.46274032033855
2.43422746664115
2.41734366057584
2.45303220545976
2.50667346400264
2.44422124455962
2.41253263131609
2.4145990314623
2.39837680199308
2.38319145705509
2.36697002578826
2.38466004744644
2.40437350372096
2.41285135580933
2.41796339790606
2.35493431642803
2.33589721952876
2.29764239070589
2.28721359993671
2.27263860122448
2.27067849307887
2.22153169098356
2.24232285067882
2.2566538218564
2.26926595654715
2.26151568713517
2.26765642598694
2.26580890880921
2.28714853512176
2.23155682565156
2.19196983085166
2.13947089536533
2.13779332269644
2.1268226432525
2.09882413961058
2.03249021619949
2.07925938053908
2.04561310019877
2.03768931415101
2.01849398009024
1.97890775867775
1.9725013549722
1.87522753324901
1.88309174179721
1.87009125638537
1.84743966636407
1.84275186310621
1.85129761022693
1.81926409837682
1.7190272310478
1.7242211353653
1.74454827951968
1.64970823684781
1.69314129355619
1.74236900788122
1.7458913492964
1.78333848655982
1.83356745453384
1.81125364086456
1.83358414767206
1.8413890697815
1.82610356034439
1.86861586061165
1.86386738465398
1.87091535272993
1.82510748912543
1.84347537432282
1.84668129980292
1.82113861046913
1.81796931305335
1.78288919990686
1.78170787264302
1.80358885253748
1.777072469046
1.75390985504106
1.74233475501299
1.78881128305665
1.70807905176777
1.71865269210177
1.69887828535796
1.63481346437397
1.59049157298964
1.53734613769473
1.51355751440894
1.44492347447373
1.45385660527586
1.36646991408969
1.32934046587377
1.29352619308482
1.28327273674993
1.31128225752787
1.23194312558559
1.16949320490871
1.14510789903593
1.11950123424656
1.09285234644652
1.06998790301631
1.06812940923491
1.05110482619579
1.00675448436752
0.978901596824598
0.917541722074995
0.900384648846843
0.852320666583208
0.857267293051842
0.865728332502536
0.855190176085152
0.855656867695645
0.842579782733461
0.818392118421864
0.802372040555996
0.759759903042566
0.801570502742481
0.810498521351076
0.809689885218974
0.828109734010453
0.830483808530623
0.763517405116398
0.70576183688031
0.755303888297761
0.738489974262696
0.718319598710544
0.669310683126317
0.724233521473587
0.753877325227792
0.730573406568509
0.724809946983078
0.744215722767745
0.68064728688189
0.710342040902818
0.731565275011188
0.719687325504472
0.704761429798707
0.772388895496593
0.782411622373782
0.791726372629904
0.845249582661849
0.831850975183456
0.823185803544753
0.814054166579734
0.837225814496752
0.797107237070211
0.808134486394752
0.782971579632463
0.805726186914504
0.824887409621315
0.839642817830691
0.842677750385594
0.831623442971321
0.848346871922918
0.783103617803333
0.746574850765349
0.815733465498718
0.800616750797016
0.830673804561209
0.856223900720774
0.855313111137896
0.929292802917997
0.962159868968504
1.03913196927624
1.095788295631
1.14547688277431
1.20073952017873
1.2317386905957
1.25331363083303
1.29054435686008
1.32619424727583
1.36558898967326
1.4521148923975
1.47689031589441
1.53848149463725
1.56457731478411
1.59365281026885
1.64853371791118
1.64601336822743
1.66322315524988
1.66339563370704
1.68818149476172
1.70475847122053
1.76658108934598
1.79357979162878
1.84797921878974
1.87643005902188
1.87474506934731
1.86652854268858
1.82113665519041
1.80593358325366
1.8122768555577
1.81911308717431
1.83043843393084
1.82645041854546
1.81435515938066
1.84174468120135
1.83461496681534
1.90671716469621
1.92583410222223
1.92625855095064
1.93169513539598
1.97592174970821
2.0397873285269
2.01448274840749
1.9888169179507
1.98941103085462
1.95834175223738
1.98852037103761
2.01402211044297
2.10155288501421
2.09880250295047
2.13188946799995
2.17944124858854
2.2078477642161
2.22220553170583
2.2795100296091
2.24689435593717
2.31093652197989
2.35173179859772
2.38283116647612
2.40962229582505
2.47217845342748
2.47659907382712
2.52370449599221
2.52374270793331
2.54651268289248
2.56939859745324
2.65540163747531
2.69684377818566
2.70427082161148
2.76026564323064
2.78613555946678
2.82115594393554
2.80323636254705
2.81752613625109
2.81413323497489
2.83764432286399
2.75330769965587
2.804811078428
2.86631384015648
2.93214369578125
2.93022462255463
2.94174824422818
2.96098831036403
2.93977621942454
3.00912739403592
2.9498928246696
2.93515954298458
2.94977335888114
2.95019931209454
2.98248078019227
2.95975641891105
2.93749064304774
2.95146808960413
2.91822009395482
2.85834296719637
2.89128534077767
2.9227164251519
2.91252067084485
2.91033127138127
2.88136429003899
2.8866956820006
2.88577828564751
2.85626039352011
2.831999652927
2.79615218798766
2.76404578808475
2.76441373459301
2.75433416443367
2.70369372189379
2.71317802475327
2.66511246523831
2.68253785062009
2.69308428612825
2.62564527814355
2.58520764494013
2.63905258991863
2.65034013901282
2.61700356056262
2.6116809157401
2.57097681170125
2.51138224698585
2.53244884363776
2.52417452805766
2.45117406379264
2.39709404655331
2.38585096414052
2.40640047022974
2.34259167860295
2.36162966374046
2.30245956596005
2.24709161266456
2.21687646843385
2.22216417887587
2.22655854778513
2.19932499389571
2.21072312014151
2.24637081983008
2.24375070724999
2.2632121049208
2.18287528946487
2.14668047910831
2.13234932427415
2.15327622042597
2.15626402283906
2.14494034646555
2.14130736492265
2.13720027291768
2.12191862966512
2.08134947789944
2.04521311040839
2.01807784855223
1.96001053076595
1.93249027575513
1.94922179763286
1.88820926376058
1.89382934421952
1.87040234189354
1.89953576091787
1.92892360493865
1.96900523972023
1.97092916428516
1.95907434911412
1.99206675670351
1.99143230745527
1.91221938510077
1.85725891214083
1.82344008713382
1.81979050912941
1.84931057959031
1.8253177414727
1.83609373096048
1.81221444244615
1.86374445305017
1.82220920885625
1.80721220664938
1.78654966183987
1.84114018723243
1.83286430874576
1.77599105101145
1.72158049645694
1.70570181900073
1.66641216887833
1.64696547563826
1.64332536989388
1.66503406743468
1.64382031927105
1.56925485959132
1.58869571658586
1.57986734348654
1.5615998754622
1.56214359187866
1.56943891075907
1.54855218354411
1.47578917599932
1.48167597503978
1.49340770996639
1.39038615025139
1.41300946761902
1.42151848088477
1.45407650097564
1.4591737853057
1.49593370000217
1.4845300305945
1.41302653690877
1.34758127030834
1.35767680941634
1.3101853389021
1.33207056036201
1.32284179353902
1.31592596595718
1.3717980281241
1.39369580118144
1.36298345741844
1.34730095669195
1.40226332078053
1.34261646538926
1.38254853469511
1.34960209952184
1.29419351670097
1.32486855109096
1.34570606423489
1.38020556781294
1.32824147540418
1.33930211842777
1.37618718852749
1.36119016386514
1.40663851462605
1.38505060932774
1.42509375223664
1.46666918138616
1.46462132144136
1.47041025601207
1.47514158980885
1.47930694661256
1.4372658607265
1.45191238816447
1.45024031618689
1.47589264712876
1.50522141030187
1.49993043477441
1.50978708843814
1.58755012251081
1.57284409622242
1.50728886559024
1.48283822265523
1.44825076297271
1.42973877068048
1.48971602426202
1.46554654694359
1.44236925669999
1.46133490048251
1.47969482371631
1.49954823772563
1.52423169685207
1.5072220883336
1.57525862990306
1.62861366576426
1.60368451873563
1.65828038457575
1.68210907180728
1.70610485745111
1.70114570283024
1.74068419479553
1.77008340388818
1.75637294315198
1.76050413868641
1.76828815326967
1.72686039611205
1.72117585362648
1.71288269636336
1.74514111962854
1.74471210838904
1.72491526588099
1.73078088149431
1.73602587867739
1.78757025969959
1.80316187759577
1.84207953902213
1.80488507477859
1.78057983611194
1.8290044971284
1.86476969715072
1.89709635133663
1.93386562584615
1.92206639394111
1.90875197169423
1.89830011981506
1.9197645388979
1.90488441552221
1.86722301165083
1.83221440050592
1.85300547090108
1.89698393973292
1.83184238601678
1.87297354275929
1.88702617328249
1.87372677672189
1.85806761442826
1.89590964550507
1.89665052840255
1.89428067880908
1.91654298465468
1.943805270875
1.94277044929581
1.9485256673896
1.92842274591261
1.94110084604163
1.94072456857076
1.9811471487986
1.99438305712167
1.98779135668424
2.02319488618808
1.98537505526227
1.94801115804014
1.9506567739993
1.96428376909088
1.95464033415649
1.95448641531868
1.93516656432782
1.93927465440251
1.93943979430437
1.96386149918935
1.96476057306316
2.01224179997663
1.97669892543775
1.98468243241515
1.97666841335126
1.96091949670909
1.98761727072359
1.92945823347546
1.92114018384912
1.95095677899474
1.97132245244853
1.97139043961824
1.98767023513229
1.95300757603575
1.92074820411776
1.94350954000268
1.97821012358076
1.97883456349835
1.96523762777744
1.99987381965896
1.98593785383449
2.01441179365542
2.0614303799895
2.03465384412452
2.10447169330534
2.10081841431091
2.11203046879811
2.04913057987935
2.05036531813544
2.0255448873283
2.01002886485953
1.96723527079322
1.96314109610646
1.94652989687181
1.98193368981956
2.0236242680798
1.99758480082863
1.96296407663535
1.97616612197634
2.00690403292868
1.95646909268731
1.96281264316759
1.94060304338009
1.93997457115021
1.9575144764751
1.94652052100317
1.91753880900375
1.90121838213617
1.91876995070828
1.82700206196057
1.80777642343473
1.77204188243013
1.78668464946606
1.76289520612555
1.78431793419861
1.7516645214105
1.71798032285141
1.69258793801175
1.69377601923267
1.7815590228989
1.83163208040616
1.90815815559247
1.92067988837004
1.93718945828827
1.93562018361987
1.93667341126696
1.95846905410266
2.0056449856128
1.9936424645863
1.93323735261451
1.96379217381893
1.99931223409413
1.97614385243407
1.98291193995312
2.0105386814689
2.0512404613096
2.03497230909476
2.0544544111189
2.03106389827668
2.0202393417584
2.03970597293973
2.05464246164096
2.02498715816398
2.01415138046705
2.06156111921825
2.02361039483533
2.02672922997084
2.02839252452702
2.01670723593841
2.01320091124918
2.02129011450809
2.10525159348716
2.17774097580365
2.14837577444198
2.16920121614866
2.15943838364599
2.17532755500108
2.19039575941246
2.16201286178355
2.13387071921706
2.11663125223313
2.13422413146871
2.13835153165759
2.12130434075139
2.193165921289
2.1416669047386
2.15466209906076
2.14772352730116
2.18381915373029
2.25013506261692
2.27280649981867
2.28021134955087
2.27979314370542
2.30334230215009
2.27880136389679
2.28808335442593
2.3346577810747
2.383132441715
2.36996066678608
2.4160091299222
2.4325600125831
2.45536784322022
2.487415937125
2.50725102952692
2.46105353973731
2.44302022839054
2.45244831890123
2.45892761980317
2.43768951082231
2.46737852093216
2.48554039728593
2.49903236817383
2.49124809476455
2.48312947758215
2.50508693133064
2.57985620593902
2.61034683571518
2.62100195128288
2.64439992679354
2.59423996847605
2.57540985563471
2.61480806417605
2.63716388462474
2.61884751195691
2.64461601410758
2.69668364887537
2.73352870505368
2.683534394342
2.72065538193169
2.70680606963718
2.73669413690901
2.7498396279733
2.71153616597581
2.68206670713091
2.63915612803314
2.63739077712249
2.66572189373011
2.66240457163666
2.66997221500756
2.70395603083628
2.72673618339013
2.72193809077774
2.70576716269673
2.72196696057318
2.69601044306686
2.63538144786069
2.62684849109487
2.6152031073494
2.57369561884045
2.57930346698553
2.58297331014791
2.52103044995302
2.47827249591921
2.42164743660997
2.42677628588538
2.38616573129587
2.35709791724704
2.38990240487679
2.39065337674512
2.38572328801948
2.38457042980623
2.34489109609438
2.33244285714416
2.32773914838522
2.39058004685943
2.42379601296275
2.38002243632162
2.4204181789627
2.36823723726404
2.42234044881625
2.37986365717758
2.31104941905123
2.29064562016946
2.28136909516413
2.2597878212815
2.22833638728544
2.15379915440638
2.12606805247861
2.09522032537451
2.0791715040162
2.08652608096781
2.03376907622161
2.06306464661504
2.08841007939624
2.0529147177642
2.01586131361426
1.9902680121882
1.91486728570618
1.90055594337125
1.89159649379905
1.84144910651509
1.81030329323705
1.76460833832405
1.75362390650414
1.77322817903375
1.78555270585125
1.78670917310677
1.74602604257509
1.68996053113884
1.666468976159
1.63463973388697
1.62017646379569
1.59517509648204
1.57972675938657
1.54731126085481
1.51790856425902
1.48227195310159
1.4959856330626
1.53513876094564
1.4892989159358
1.52178266595717
1.50098059002389
1.47736395640894
1.43310001873724
1.37166597289698
1.36754516848699
1.35372431721108
1.30626991509232
1.23511748997632
1.21790892952416
1.20006329522687
1.19786617328878
1.25291400030079
1.21063332893637
1.21753937455411
1.17357267586614
1.17880093588432
1.14089884343005
1.13173850589807
1.14431915714875
1.13734451831654
1.12242717258997
1.18034559637372
1.19714757875137
1.15747285390531
1.12040369236422
1.1124583952384
1.07402304197106
1.105051526279
1.06647925412187
1.10332185976464
1.11042326413881
1.15071137754841
1.17498433577451
1.21537840409834
1.26676855285551
1.24604573418441
1.2641200969185
1.21561553797554
1.21858111812666
1.21554002188151
1.16956923502713
1.21320042605837
1.21104217359445
1.26351075170574
1.27053528818724
1.25207423068254
1.26361206783739
1.29384541227164
1.28077459368011
1.32948964095021
1.2990489960078
1.30741746055791
1.36081859950566
1.36323358664675
1.38708506819345
1.41601513309497
1.44111353440143
1.48502160350892
1.5022699354549
1.55230707292641
1.58318512712593
1.60359822497562
1.63730315294871
1.62038958411534
1.66012384744727
1.69263810975524
1.72152954612223
1.78552408037141
1.82082283136011
1.81605172181188
1.82133060922525
1.82361391778262
1.86322390225377
1.87151960680862
1.94696721296205
1.99416987617645
1.98146069938847
1.94019866360023
1.91966326581815
1.92654087482705
1.95910807903903
1.98872983181107
1.96956061624672
1.99910298299208
2.01979595100493
2.06634771068539
2.08932439671584
2.0762988808236
2.1038099256981
2.11849050245503
2.13976723661302
2.16822969709371
2.12651980943084
2.1463886655452
2.18906561778873
2.18937434316563
2.19152315225697
2.27807664855637
2.27772323394514
2.24766185998293
2.29300642877931
2.33183102049261
2.32944607658498
2.40344495767695
2.35028601028438
2.41741830901698
2.40517260791382
2.41543290418678
2.43248802019004
2.43415110186425
2.43777113776929
2.45874317298643
2.4288662221217
2.34042030632045
2.31083322565751
2.34628677556778
2.37681486141559
2.42358877504717
2.48494945375553
2.56807962022219
2.53506836960522
2.51997002490984
2.47929279729494
2.46326107972776
2.42549559491003
2.3821914523962
2.37052485304244
2.37851069089783
2.35466581844389
2.38874919240273
2.33121049400157
2.33405580857746
2.32608204075191
2.29136584875241
2.29963827330881
2.2912187932003
2.27872843256898
2.26119055577158
2.26665656983954
2.29985191714918
2.31382726937072
2.33494565491721
2.35555008453471
2.34233724226616
2.32140854946496
2.30109593974205
2.34112380414402
2.31962718436786
2.35683324525838
2.38046249189402
2.41533142488838
2.36453861324444
2.37087779305653
2.36630169409199
2.36648448847491
2.38613940484912
2.39315165956399
2.39393448604976
2.33834699201156
2.32918638146155
2.31104501911575
2.32290785629527
2.33430762185094
2.34784456299285
2.35990666900909
2.32362274834026
2.35022727843522
2.30377994102835
2.30425424651932
2.31755098407762
2.34132429056269
2.31396469250979
2.30649472250946
2.26975425379023
2.27272130007235
2.25193227641796
2.25134895674055
2.22161669908688
2.17423223383056
2.13378477954507
2.09850007102595
2.12225545307065
2.12157758242027
2.05376587359783
2.02593452268855
2.01364363529189
2.01035901337995
1.95222654526969
1.90908034019436
1.89819160971194
1.89273559746928
1.85898277081011
1.79847869418309
1.78015758179127
1.78565602500245
1.78349419497983
1.75053340745834
1.75334500737338
1.75040875128798
1.69939278812778
1.71967928717557
1.73920809949074
1.75766280146792
1.74688004324762
1.69117974616722
1.72092297732275
1.71435309162818
1.69810562623096
1.71865639870398
1.66526247513704
1.69258984676887
1.64073663945652
1.63483449763095
1.6390990194352
1.63134554293744
1.62935369621035
1.59841592612487
1.59450452076016
1.5756243374831
1.56807252916966
1.5670086684187
1.57434094299475
1.63033693272219
1.61739204336367
1.61279410184935
1.63334076803889
1.66616918328086
1.64245821874261
1.62576652216649
1.6732257054127
1.628784934226
1.62839403383669
1.68597560867267
1.65195523548305
1.62915509273907
1.66960878551555
1.65613660758363
1.67509911442232
1.67623554904879
1.70174459822973
1.711157942378
1.72198236682165
1.67099051766517
1.63959203760219
1.66458659817977
1.6368611864119
1.63959963545406
1.65671860881986
1.68875726388661
1.63503723160863
1.60380912686541
1.63423134065814
1.63059876634435
1.60635856812612
1.59979097092336
1.5795787625402
1.59951985913325
1.62905709674513
1.63176749023573
1.58244562348073
1.54585320020955
1.56997641410753
1.52568426025359
1.49074371670271
1.50032877608212
1.48483646740986
1.47482906228678
1.40805673180304
1.44436738665297
1.476338713625
1.52139015021673
1.50940220705543
1.53904040231754
1.56497599170028
1.60436761815885
1.57538013700848
1.59250075740613
1.58800596379056
1.59200592654594
1.61107758220341
1.58591120614912
1.62129509588151
1.65198454781085
1.70633151334234
1.71293887706793
1.68217698422351
1.68537541237075
1.67608557961431
1.7478875679286
1.79276559691651
1.76807282941681
1.76229756035284
1.76353905943837
1.83754561034093
1.87214449547203
1.92296718858893
1.91779773010049
1.97851930745947
1.96806372033993
1.96235184233297
1.93527807870459
1.88931270371231
1.87728120079947
1.91049203628429
1.91225674178424
1.93446251855375
1.89400519132626
1.91779162177794
1.9492263386867
1.90282435141354
1.94382316772049
1.94360848520804
1.96731138096664
2.02430447769652
2.05661983648185
2.04430208625808
2.04338794776207
2.05544628521802
2.05301201133399
2.06970974211515
2.09196462712879
2.1140917985312
2.14829215691787
2.09197262002055
2.05504506397357
2.01806061056538
2.00366202036221
1.99546026949822
1.99848856948973
1.99602041593262
2.01923455307553
2.04159775831433
2.06510900067854
2.09805264023547
2.07526731559163
2.05410069273738
2.08386530177435
2.048159472931
2.03061953042946
2.04367517680112
2.07535847487234
2.11551854078932
2.13815676482072
2.18782404356046
2.24852990110554
2.27719613491192
2.28877749763879
2.30975664472234
2.32946041094142
2.33005082183723
2.36239173753101
2.35376842005084
2.36304647577894
2.38692694896563
2.3718471839933
2.27938591072942
2.27625960181227
2.28137255152049
2.28147075281587
2.28191460576529
2.37363132917724
2.31299628986893
2.36470674126031
2.33215096728808
2.38480618682659
2.34766772715112
2.33336695793541
2.34794999351797
2.35160730952735
2.36144606602836
2.34644945260948
2.35733786371737
2.34005371165121
2.3325063111099
2.30662092591652
2.29450968059379
2.34511758878663
2.2976169879049
2.31070996399721
2.24712902235723
2.22625114276024
2.2221920246916
2.21444914750858
2.24285542384849
2.18689706615706
2.20063751803672
2.2355489768349
2.24173078879902
2.26202135150536
2.27527592670439
2.24492451618252
2.2363727472871
2.2046068185312
2.18822882919148
2.19895147827782
2.20450882310024
2.18267548715343
2.15798304380377
2.09720828552042
2.07169861688428
2.09296383571321
2.05605089161075
2.07096545843389
2.04869515527601
2.02161335456997
2.05563259845739
2.0509104200374
2.03333222392818
2.0776418634635
2.07852612039549
2.07348835525544
2.09023448141755
2.0167390204453
1.98443466380645
2.05863358703513
2.01351053180593
1.99954435160363
1.98850177069123
1.97226344603228
1.98439336864192
2.00709231211881
2.05669607287651
2.00529771906532
1.93205840531102
1.92860055791684
1.91779095198854
1.94722806057193
2.00797930877838
1.99941611727646
2.00585753460523
1.95089226453968
1.95770597261642
1.98700014739617
1.96559216262339
1.98742950084863
1.94883462094477
1.96192035907301
1.89661250384661
1.90552136496373
1.90912595519616
1.8791431804812
1.83237985691393
1.8102830895474
1.79390128042157
1.79305072485754
1.76969378455445
1.75888417374701
1.72008203803442
1.71560460380618
1.68877132784583
1.68888781536887
1.686964779484
1.69392142421644
1.70564482576319
1.74397303701228
1.75747980567774
1.78002476258029
1.81786366026435
1.75983562893517
1.74943652233657
1.73782580178784
1.75970082453424
1.75824172184726
1.75477697295543
1.73482479988386
1.74585633455955
1.78498548320291
1.79461718020041
1.79311676901253
1.79579216983812
1.82849166740565
1.84619742779815
1.82513199723481
1.83438742145022
1.82625373883269
1.89320967259918
1.94781339539225
1.94052956091908
1.94641426243257
1.90271364586699
1.96795017074631
1.98688726959573
2.0318821172
2.07344574061245
2.096479142102
2.1355791127104
2.13769942674127
2.1490983388508
2.19175437238833
2.25264011577143
2.30637793592208
2.25593268426602
2.32112939058066
2.33861540315546
2.33151726764355
2.31385896488415
2.32473289831823
2.29203880798771
2.27201868892807
2.28107231340944
2.31086817345967
2.33140533800647
2.35350050407948
2.34500253059712
2.37791692210427
2.36255852605201
2.34070555479794
2.36253317843815
2.37058488042793
2.36906806884338
2.35901643401867
2.3211717997676
2.33844286438279
2.33915934849471
2.34450672813648
2.39818401996135
2.38201378064925
2.39847587435899
2.44126418557887
2.45034934335891
2.47081642768508
2.5072337737742
2.49462195527117
2.51849270537605
2.56273232899079
2.57534635814815
2.55919423211471
2.57841815056403
2.61138005438157
2.61520640732068
2.65509284200296
2.60061552411502
2.63446327395499
2.56298710470683
2.52608875334796
2.57183311753005
2.55001513667071
2.54996095895124
2.50494978111187
2.44013093553663
2.40518458634088
2.42575036961685
2.41955041020558
2.40792827085618
2.41144973028784
2.3262421032669
2.2918724146654
2.25631790121146
2.26996418569362
2.23671934139445
2.23926234941365
2.1754895341355
2.17710801071181
2.17985410635299
2.16455633121443
2.1403266713268
2.16156912814539
2.14965730077052
2.05380578118071
2.04048339639024
2.01370640836853
2.01632857392648
1.91504068670207
1.85982664251873
1.74885335021895
1.69747021377373
1.71540885358836
1.61395792450404
1.59467771139835
1.53502985830794
1.50687722409244
1.50488615890709
1.48640595745498
1.46111957190417
1.44508622543745
1.43779298089815
1.46294811274371
1.48001323193677
1.46769805417842
1.46808235260011
1.48736128524138
1.46761432576827
1.52520412853738
1.54586022740535
1.57534268585348
1.53591914401434
1.49581233350638
1.49451657176976
1.51669731968419
1.49571061845448
1.43909775723534
1.4119117328392
1.39587596601924
1.36357965886879
1.36470295218875
1.33498920374425
1.37079737810999
1.40596678335691
1.35615211298202
1.3826171237183
1.36169651549758
1.35689490257786
1.37773596000068
1.35030949324623
1.32546360834019
1.38739711877474
1.3894509587378
1.31125114467254
1.29453727836058
1.25878704304518
1.30359220283955
1.29799229639393
1.2770679071448
1.28630214391995
1.25143409487433
1.28577415303354
1.25567712243908
1.21135252218564
1.15881557776988
1.1037452292029
1.10956344898499
1.12772956985791
1.14151141528705
1.13977660790561
1.10436446051052
1.10930854810532
1.10811872560172
1.13886848865535
1.12473286879169
1.05920285221816
1.10771545210196
1.07359339885727
1.03493409289018
1.0431810148672
1.0498858345219
1.08145276884168
1.0378082144511
1.02237835840025
1.03593755417704
1.03493332173599
1.01594795696558
1.02250933617205
1.03766401949081
1.04442452309111
1.05103481763919
1.06296895596108
1.04800196374222
1.08170177691837
1.07060591726647
1.06004447538762
1.0900127587617
1.10790488971861
1.13061923512308
1.13225111229488
1.13659397314897
1.1748680981673
1.15270080321828
1.15695264556204
1.22504897771337
1.24103428339756
1.25019428693276
1.28561607937801
1.28575471355573
1.31704574826257
1.32154819527909
1.3356348173512
1.29401811329986
1.32576722504945
1.3478699537458
1.37573669101677
1.42913881701299
1.41336674559462
1.40678567497097
1.38718658891432
1.44713683228576
1.38843030871026
1.36667585446413
1.408251917218
1.4133460750483
1.43712452339241
1.43565252157799
1.44452286315375
1.44736999061947
1.45955791702875
1.49157017746032
1.50071483602487
1.5215060539322
1.56140150112372
1.59311425231144
1.61392637451928
1.65244259804006
1.64204739721119
1.63498703400139
1.60255341073272
1.59335539548245
1.63775391835172
1.66447003463486
1.66051117737698
1.64383218436108
1.71401429896657
1.75805018210571
1.78072986995298
1.76688871122601
1.87597674207894
1.9300726693107
1.9606100735113
1.96084284009523
1.96516411633848
2.03107702503319
2.08739344747712
2.11418736484872
2.09181295653983
2.06787581158767
2.1181624496733
2.14795054886549
2.19747526324873
2.16740444261658
2.18527550701703
2.21029583758799
2.24625787712985
2.3141251738793
2.35452904530817
2.38269615933095
2.39549805549158
2.41447275989243
2.46537989150806
2.50741033093795
2.5269078505721
2.53858072843822
2.51534794206782
2.50542360808036
2.51524430735436
2.54405272475679
2.57146964442489
2.58092854396801
2.58884087626674
2.56468648494622
2.57148188191983
2.56464583099836
2.62566860770837
2.61637182564126
2.58037299791923
2.56793052783573
2.5776711896226
2.58028247006223
2.55578203770975
2.58982036801742
2.57038005748494
2.52605478932434
2.59060301280737
2.62435230549678
2.59511038221275
2.62815192318261
2.63964604891419
2.65555334094508
2.63302401607164
2.55532984923029
2.52979429890486
2.4696024124932
2.45687785384099
2.42727533091253
2.37772038769695
2.3757342411751
2.33343738584324
2.31539688964384
2.31048318833581
2.238444015459
2.16294335391114
2.12983438028974
2.10349719864408
2.02299623745392
2.02362451733743
2.01714936631553
1.99798036177585
1.99954544409557
2.05390852087828
2.03881740780348
1.99078273398722
2.02093899780645
1.92052295730473
1.84503858040454
1.81999673638474
1.7709049446832
1.74094686059455
1.72402898975667
1.75309236660594
1.7036766947064
1.71520247153883
1.71346926764906
1.69359820084926
1.70029353723883
1.63973642164513
1.68447408283599
1.6427279091095
1.64666808022939
1.67556287354844
1.66572532167994
1.62407576962705
1.56216814789105
1.54860744071672
1.5045353993068
1.49479947159949
1.48972302554469
1.44398752864081
1.41501562330952
1.37757860855728
1.36392804656727
1.34106062277009
1.34204119946101
1.31284704029949
1.30381363037614
1.2825707471739
1.28608170748522
1.23766754151091
1.1742688211827
1.12443260816521
1.127902408091
1.1066482817846
1.0964922195564
1.09975925205608
1.12792623049563
1.11164393775188
1.0447773735065
1.08089545667938
1.05537515366142
1.07387066765732
1.06412191132069
1.01995621539945
1.05507791550458
1.06758054536676
1.08290550586641
1.11199550493447
1.09728485350838
1.10450494297115
1.09138112994446
1.15516927732465
1.16191542401924
1.13767421717535
1.1327864597773
1.08311841609652
1.03548560477994
0.992984950059642
0.985727001219091
0.990351324174815
0.988424675682083
0.93284169047681
0.950216405402293
0.946611491274858
0.951054885959905
0.943254930230652
0.872754143323431
0.888033625851659
0.909407729279968
0.903041313970132
0.87997403003178
0.838245057643729
0.908173736033771
0.893093675118486
0.923366307251689
0.924197827910327
0.923316743790042
0.935111949079115
0.904823627509807
0.895959271221426
0.941529779754516
0.956733300436934
0.980884570894818
0.957771395181374
0.912648058533445
0.941291500325536
0.95491140569091
0.983506089390419
0.93446297038705
0.965570636018883
0.951157148087933
0.937619848780796
0.960330138897936
1.06073854722044
1.10077133018013
1.12456517072991
1.15258602213306
1.14559101978269
1.14874366979127
1.10326131134013
1.12345309042858
1.102598974901
1.08906136880341
1.06321327309513
1.08487358911468
1.09138373392725
1.12133647983858
1.18921399022315
1.28875829899733
1.27004135700522
1.29696204831129
1.32548398991329
1.39030993349768
1.39206972994976
1.38991307776809
1.45676752633628
1.46239168596722
1.50231197813024
1.4815116736818
1.51665293557825
1.56365527796135
1.58472595250768
1.57094773381122
1.53793462377438
1.53466466722738
1.55929847418633
1.56146571967582
1.60600892993496
1.61743168216069
1.59868323708239
1.59522994624363
1.64414578687376
1.65428888022088
1.70272652151683
1.730651479279
1.7523531351741
1.70896060576656
1.73569628978314
1.80534296101812
1.82973123644092
1.89061518766849
1.89056992124095
1.93851463626095
1.97776073313708
1.94676574310156
1.97588697266335
2.0188239433007
2.00488455200029
1.970356067045
1.95275147830858
1.97292921804612
1.96154793189203
1.96716193911054
2.04588352174522
2.0559070713608
2.13348450061937
2.14570143014963
2.16007801420215
2.21558161016539
2.18999706938608
2.24705421806325
2.29539755651595
2.28580694877992
2.29697390599833
2.2886596077373
2.26075348031692
2.28279420520357
2.24051969197298
2.251709432395
2.22671200446703
2.19166140186364
2.14045493195335
2.11612330893671
2.06477768882313
2.15064087065569
2.18236958941625
2.24817853742472
2.21193121449649
2.26579818472582
2.31340083271903
2.33898949003239
2.34666517704861
2.38911303541773
2.44378936254121
2.46201071478215
2.49766364426057
2.5369021769822
2.47940829191915
2.44875583399528
2.43744974015245
2.46726703128429
2.46117528958251
2.48886300474121
2.53467118781648
2.61280965403164
2.6193337472889
2.60260960587346
2.58885417112138
2.60173312187736
2.63570854416492
2.66976951295096
2.67577453928711
2.7155471906662
2.70532464856563
2.72526134810925
2.72937012507372
2.76318727109437
2.681812902729
2.6459198007848
2.69988462761344
2.70057717456091
2.6827658313986
2.69183709691159
2.73787452722855
2.75901188922401
2.73823213429832
2.72493970196497
2.69634496880937
2.71877701972369
2.72568133221263
2.72222788443558
2.72724324408467
2.72996344860575
2.73635971659655
2.68295178823997
2.76104079350682
2.79054111831738
2.81274918603368
2.8046107362863
2.75742209458852
2.73970718481962
2.70068321336808
2.73910104407586
2.69845889407037
2.67898900264744
2.66106755730929
2.66465505652095
2.69114809351185
2.72459924594322
2.7575550819467
2.77498215566673
2.70105689389768
2.7268421028798
2.68632069910244
2.67688529805435
2.65064615681046
2.62868865713086
2.60890249497691
2.5811360707478
2.5785138559089
2.53529473548799
2.4612797332902
2.46288674098841
2.45140395858887
2.4608631752736
2.45383155435026
2.41777590146264
2.38459506872693
2.35943610961937
2.36273976930119
2.29047806196272
2.31605549367374
2.31404652158082
2.30721011541531
2.32295629625726
2.31244798956932
2.30530671134288
2.30558866241473
2.34825850649233
2.35852998593409
2.30303025163305
2.29342867551752
2.2845339445935
2.30103617559135
2.29937704640908
2.27488681760341
2.20655338723543
2.26282479794292
2.24301175372796
2.24785364884877
2.25443818684724
2.3064273779933
2.2831039226375
2.24220607033351
2.28067327113715
2.20988654653015
2.18976483268594
2.15888264405658
2.15401403208656
2.16597164710056
2.14619641278795
2.14892785300092
2.12399782619612
2.08862314951412
2.11552476905717
2.07581237183811
2.04284557241627
1.98721031358112
1.98231147585506
1.97000372541231
1.9069009343478
1.91284915689493
1.86464636387936
1.80465504305068
1.81500980976447
1.79792156960011
1.76009105610527
1.77784152125829
1.73183200632715
1.69408173658813
1.72032076382678
1.62664697000025
1.64473506983266
1.60587470999613
1.59768620412747
1.56834282249666
1.49568623069335
1.37928809924994
1.3410575258395
1.28037795370453
1.26448515802767
1.1577501663487
1.14698748052788
1.12857758737517
1.05626258576937
1.0050551740186
0.976772694972926
0.965259369967085
0.995568172474083
0.92644046112059
0.89614051815012
0.847205421911809
0.788022342659488
0.801698156164382
0.778003143782144
0.703020719150451
0.671093561272541
0.691833349844476
0.641490686431921
0.614543771230416
0.606085164411727
0.55395984140703
0.527712899865679
0.53806673121976
0.555584193594244
0.556675177481505
0.534716625850873
0.528497378866006
0.495816293395397
0.532507570954284
0.49341862687436
0.466238100208241
0.519638241302056
0.506917244598312
0.465699424749982
0.456559960998935
0.489646373956738
0.439307802133938
0.458469366754688
0.460500819187016
0.467412273565327
0.466023691421156
0.475862388353833
0.486167313290875
0.486532041042851
0.477592029636406
0.403373787151723
0.378729610771577
0.37441715992932
0.373284251341917
0.38433413032389
0.367674018216437
0.344045927209591
0.360652732814336
0.354403123718605
0.368214950610787
0.461372958868423
0.48345095186341
0.5003515251341
0.574223414393502
0.554846616104665
0.582440354787267
0.61750231767019
0.649080571269063
0.700393046361624
0.673548443796301
0.677848357730565
0.692573818441365
0.71007654420787
0.734867158346496
0.743524482653047
0.774831330411078
0.748949127651246
0.748712135745417
0.75799030167914
0.755480781833223
0.794489739716811
0.810551199628486
0.862985558794316
0.835936364402123
0.862698579699914
0.916235794456859
0.930364859361895
0.955249932055474
0.985635571504106
0.97860427472153
1.05523282241322
1.09933729705885
1.07772948659169
1.14680970653386
1.19550121720799
1.22246321558885
1.29844969108393
1.31751068855885
1.36054878776647
1.40594507430743
1.44914602001346
1.52964382488818
1.572223380062
1.59581069553284
1.64582867941509
1.70330378777754
1.70829245147334
1.82799138825649
1.81714430806571
1.86457717665651
1.87823118717709
1.99397204096902
2.0621888265256
2.10462965558471
2.13623857943049
2.16345256914452
2.22879537516887
2.3042629416748
2.39544200904619
2.47244081216773
2.49679110607332
2.51644621818252
2.55054934507156
2.56322888326085
2.62509909019562
2.65385936195929
2.71312954779855
2.73295389692335
2.75226675340526
2.85095270182539
2.91113355913183
2.96732217775672
2.96841727018955
2.95392428787611
3.04704178803058
3.08033249738734
3.08957669033034
3.1234202202269
3.13699173562933
3.18323621604395
3.19179602575981
3.22028938497521
3.21963821134266
3.2575449815239
3.25298110753273
3.24420400541179
3.18871565351146
3.26814894031196
3.36581476870551
3.38895389234083
3.41197649080279
3.4176614953057
3.4875155307472
3.52851512876252
3.5346146166469
3.54213219957252
3.54149281922272
3.55541012464881
3.6110004213957
3.60373165402628
3.63614937892078
3.66006408490463
3.63523564390683
3.64216233237458
3.63063493983411
3.62370098039568
3.63309612494766
3.65555059725548
3.6178279960394
3.61726733862706
3.607643250176
3.53901222434973
3.55049521954395
3.55031096702459
3.53772156001708
3.51697925039661
3.50490160896654
3.44522168012483
3.43350201320175
3.45728867590232
3.40797861859248
3.41972149146724
3.44298893522281
3.49491111032341
3.4561804106242
3.4635690232262
3.51110166201334
3.49526523752205
3.46054890058989
3.4901849927717
3.45065433422507
3.37878545751673
3.3539602950826
3.31975974484802
3.27944006845249
3.31568944963768
3.29134121305742
3.33746014690103
3.3255942930101
3.29429785772542
3.28771739660607
3.24053014468853
3.22912005359233
3.18991241244835
3.18554954337263
3.16440159950453
3.09726683497976
3.04724549967729
3.03332492631502
3.01387858292607
3.01092479708142
2.94705244748509
2.87039876869703
2.90028275908932
2.86747976436946
2.82320576708527
2.80512421559229
2.77346750021336
2.75200690953605
2.79009725446897
2.79236198951396
2.78857959692857
2.70783604576333
2.66196450186234
2.61979744420485
2.610571355577
2.60190505298851
2.60315901607243
2.62171801288686
2.58918955619998
2.57337893314695
2.50458618965337
2.48409257561936
2.45092331285398
2.46110399279959
2.45618106616402
2.42336803896968
2.36697502627695
2.29226931902677
2.28710914315606
2.29663034834444
2.20238093980768
2.17232112773376
2.13414187592612
2.12388676146632
2.16516349476838
2.17220144110049
2.14573167008818
2.14619692530983
2.15310110518921
2.14619303156432
2.18767068074612
2.17974556477466
2.20782683231702
2.18730542743941
2.14594459883204
2.09280776841432
2.00203119388582
1.97175921228254
1.9231175622091
1.88615172898803
1.88720863232455
1.80044021393665
1.80007905866069
1.84886737059327
1.8246571596245
1.81528392477864
1.77771556984256
1.76772413614078
1.782078980714
1.76326149576626
1.76927595000794
1.71832157835657
1.70581596979969
1.67337824445987
1.70163054147361
1.69188557221009
1.69306318722118
1.65036082982771
1.64723894446373
1.67338561906865
1.71305350320529
1.69811813081494
1.6714312081438
1.64835171221678
1.62781756840491
1.59708904868384
1.63447627846897
1.59261515624522
1.64615581110453
1.59875546489278
1.60403050747026
1.6237726522168
1.62185851619436
1.64794004849237
1.56341519577039
1.55616969131842
1.53169080297293
1.57425248132654
1.51503791123477
1.56075598929669
1.53899750691054
1.54850217351103
1.59197758372857
1.48996062102384
1.4526983998655
1.41231108191999
1.41220519221287
1.39702624049844
1.37403917694885
1.39718648299754
1.35382318734455
1.37888935147704
1.36156202687882
1.38097959710264
1.41003516704138
1.45275099329822
1.41298744849415
1.38531813064172
1.38392656547073
1.39674984704746
1.34819868247475
1.30501005116445
1.32803737024242
1.28502419185008
1.35173465038683
1.34553421414174
1.3147242691364
1.2624067894158
1.24815543606314
1.22574049811115
1.25262927799201
1.21523896646601
1.22560758583695
1.24797463284011
1.24624916587809
1.22669431115771
1.23005295103135
1.22914744282495
1.2387394018428
1.24513755658595
1.18348233163162
1.17512980826588
1.27027299052741
1.24257250788625
1.27468407950065
1.27886399219662
1.27412429534562
1.29085099040427
1.32186022283826
1.31263311374851
1.31494422736373
1.31623812316466
1.35287925006949
1.30357095917667
1.29459070647773
1.37117496973221
1.41099641062644
1.42588410243696
1.46755424694512
1.44427949370714
1.46870726092944
1.49375471481097
1.45886485561665
1.45149990613605
1.50836637443332
1.52404586053682
1.56700112006139
1.55729361921764
1.48745556271675
1.46504242293826
1.44357945055772
1.46188321632885
1.49145153225537
1.43805377789982
1.45203901875373
1.51443587651047
1.47163235972479
1.49414050918171
1.58114005185965
1.55517580931591
1.6084154670581
1.59720366729755
1.65279839104272
1.6812613083372
1.73952796124439
1.77961322477172
1.7915743848889
1.86282894225427
1.8298661752308
1.83769212800764
1.85230512949034
1.86095517331891
1.87888245216245
1.86847981988081
1.90393061409728
1.93332305503515
1.92770958271077
2.02597758505099
2.03980479361201
1.99806026288681
2.03936823396187
2.07201882585931
2.05391373520362
2.08548516498441
2.15790858650799
2.14746793305624
2.147396146836
2.14987179807573
2.1558200849715
2.0954771620024
2.04779656495203
2.04654779412039
2.01248773694001
2.02990656781548
2.01709554639556
2.03203505969825
1.96206808689046
1.92465413263347
1.89931039949794
1.80110262260866
1.80457805300592
1.78290324412638
1.80688630998115
1.76744352593207
1.83385716616764
1.75535535296477
1.7532413385342
1.77345247476297
1.76961383282223
1.70710838335303
1.71491620322116
1.70797384189808
1.70234158103807
1.61352153269976
1.60474189177157
1.59617236557336
1.55782471681415
1.56419768590105
1.52836958637934
1.53663112589426
1.53909380315101
1.52559001944942
1.45532194203411
1.47431648290309
1.46401504532475
1.45362004843223
1.42065524349908
1.41387622666626
1.39035386089719
1.40529671914448
1.40683287404764
1.41950160336738
1.39691694079566
1.37592850899135
1.37494363241427
1.36612556822853
1.3405433523381
1.32908480612037
1.33236491333169
1.2563216960466
1.2229132958076
1.2183676351445
1.22010499770368
1.23383615129479
1.25323315773289
1.2118187900341
1.20320293298583
1.20518676071932
1.17670078038274
1.18998066784031
1.20807192012259
1.14014312344781
1.13123357402678
1.12096984283786
1.13632084116326
1.11617283881831
1.11381383463091
1.13520349643557
1.13828836440686
1.15166764615442
1.16961961898511
1.10645762958626
1.07401365525392
1.10605444099783
1.1106483015777
1.14217426588661
1.15944893998668
1.15535565882083
1.16067856748085
1.19737919964819
1.16608695335081
1.14713562420367
1.10355547193413
1.12129542960936
1.11190028789382
1.12690374712144
1.15845910391692
1.20397248008659
1.25256051160114
1.25186466928159
1.27551821647984
1.25733431416218
1.28552277125286
1.31291320385511
1.32375321371492
1.35894986263157
1.41077668620137
1.41172385253946
1.44098595157484
1.41902668813819
1.40387658982411
1.45029395121311
1.41433076026522
1.45608563204265
1.44621197381619
1.44434743570549
1.39082868426058
1.42705934969975
1.42773935519776
1.44606307037282
1.42562211986496
1.45803646036876
1.46429306943151
1.45956682810678
1.48272252021915
1.5089124368921
1.53417678083224
1.59112384340798
1.68015777988526
1.69442901752704
1.68208081591514
1.7118681645288
1.7093700038356
1.72137995305327
1.7630905587475
1.75873343254661
1.74653907479894
1.73612456691556
1.76307124380681
1.78594717683287
1.78401336151507
1.79042474817551
1.86982449768056
1.89054052317644
1.91527530484914
1.95959339523247
1.97270171824824
1.99951302967849
2.00061151961386
2.0065375603762
1.95535636675093
1.92893980027731
1.92509834510978
1.91023267515453
1.90780972192303
1.96482268435907
1.97949281918689
2.01360698652963
2.00908488316784
2.04002758537422
2.10197682626206
2.11882522918242
2.08720176213808
2.08345825390582
2.10141675298158
2.08769907782295
2.14299615494494
2.22179368517006
2.19707086211003
2.23700235181521
2.24860204999808
2.29549790568264
2.31587924447215
2.32078141559996
2.34129090141234
2.37649693388495
2.40922817441589
2.35202137050832
2.40055731340748
2.39937640820625
2.45366073049378
2.45533188606582
2.40705529737726
2.38877834792982
2.4276569769176
2.44793144352467
2.43718897830307
2.40021138813433
2.37414100364317
2.38624804245178
2.31691998877801
2.28917294275194
2.33146405197572
2.34928745634433
2.37046657409342
2.35674669578552
2.35582880536625
2.38294266781128
2.33774655668502
2.33839222308502
2.3162596347748
2.32625055469089
2.3119009138747
2.2973811759875
2.33495576371147
2.33936744800137
2.30718232281394
2.27479088993632
2.30312220879206
2.27669731744075
2.25549275393507
2.27526818643364
2.3018376396854
2.32987487698442
2.32584559548178
2.3531858017477
2.33842638406479
2.33172418239799
2.30794295851884
2.26480243693624
2.28880671772477
2.24492380606228
2.26142883670171
2.29433213640998
2.30923169069891
2.33830455200819
2.31703529482109
2.36067633249566
2.40419336538534
2.39938867304765
2.41156374692916
2.41189903153139
2.38681104910042
2.34553280602379
2.36676050441445
2.30657211612525
2.29813321603784
2.28660895248809
2.28020146811704
2.26618638572684
2.23732422164354
2.21052803759311
2.16532565682587
2.16948333626865
2.17660616125141
2.11053305762197
2.05446077195035
2.06048464038615
1.99078432880742
1.98900092305308
2.03295393695656
1.98895901017156
1.91203919170147
1.85942507584408
1.84294089151604
1.7789985965894
1.76921160373737
1.75378012245701
1.77463701707813
1.76256064814913
1.69573655256578
1.65497138019352
1.65592402445474
1.68844792403753
1.68825605278189
1.71665514729719
1.64560441486763
1.6419007784226
1.6275810516894
1.5908629657168
1.63655756438309
1.59107865871215
1.55433517981899
1.47637031406956
1.47991371649122
1.50036615414679
1.4872054217258
1.45853711423492
1.44732023613125
1.43849234017442
1.44267385870535
1.39482307557275
1.42118361258743
1.44854293276052
1.42891877890146
1.39363172805971
1.43438909295748
1.43957919204239
1.45762014475056
1.46074260089379
1.45252214598266
1.45041933966004
1.42562879495696
1.41829632155051
1.36925214764541
1.39363093684566
1.38540788567729
1.37469340498604
1.37847693325889
1.35127343910295
1.28565137169273
1.2525731732799
1.21154827939834
1.20208976252713
1.18365728797689
1.14057775514007
1.13783661783721
1.17716630575554
1.10558151738426
1.06269226627716
1.07403628987805
1.10618672128168
1.10939218293773
1.05655562703358
1.0299512716109
1.01654139579252
1.00117563915274
1.03296105596517
1.00506599571343
1.00110028503085
0.972772351625763
0.890061341265237
0.929970025554421
0.949550155525449
0.926000738138757
0.985895470675224
0.984875845373112
1.01198414071528
1.05778488835788
1.00084301075725
0.988561830490995
0.978572025341326
0.991985110081718
0.933892251144944
0.936168350318591
0.929598727541184
0.914040652549168
0.965421596868602
0.999701517659674
0.995047113348148
1.01242991168945
1.01156460543932
1.02969615409338
0.980411240625025
0.951537784173738
0.971625776227951
0.927333641313613
0.962889003060298
0.969477212234804
0.985836164231581
0.972174586863331
0.989403068616189
0.993225805994629
1.04757869529409
1.05661973191307
1.08502275243643
1.08826242353356
1.04845175285315
1.09308961548436
1.11592793154397
1.10123916275099
1.13703185737254
1.1155667892888
1.11622494746411
1.08918759632281
1.10947113878599
1.11266925138249
1.13337842590766
1.19518316977832
1.18259079021394
1.20511523739406
1.2334298004238
1.20601717987349
1.23222108763203
1.23590812033113
1.24549478702645
1.25307375632504
1.23872593451165
1.29255382634899
1.34522416283349
1.38858392710206
1.42912183364502
1.47100994782499
1.4967773140986
1.53772592678587
1.58051955936824
1.62942142125374
1.66991231578564
1.66352743334159
1.67753853859052
1.67917130473772
1.65771771003865
1.71528357399565
1.67521674075473
1.67579991710033
1.68318579987319
1.68253086885284
1.71126104532624
1.77457613313016
1.76637775940378
1.73210894782645
1.73444155175239
1.77057666402288
1.76879704284889
1.83451281182384
1.82471164351482
1.89475379860013
1.95922756753939
2.02763338626873
2.04970782341193
2.06410657119777
2.09043629851241
2.1438448282904
2.17500566723112
2.08824264862597
2.09217816092126
2.1224585507972
2.1066262618375
2.0864176949998
2.05801086138632
2.07687949548532
2.11744705874248
2.10243862059538
2.13041259427877
2.14942840502715
2.13525150233992
2.18561991349852
2.18754638756927
2.16925682381055
2.16414002476966
2.15519300960479
2.18565780620993
2.18959753990617
2.15491479353162
2.13992539857455
2.17288848319491
2.15672840309161
2.16151428250493
2.1313054212909
2.15195032579816
2.20303383825137
2.22876178342853
2.23194876339725
2.2260716352293
2.27167300937478
2.22747542487321
2.24363908486713
2.24081701864328
2.29959830567748
2.29296149527215
2.28673493242895
2.33477864569914
2.29163411648722
2.26292275095416
2.26639206622042
2.2793877953465
2.26515061095541
2.22502759083833
2.23068688156681
2.23443379374114
2.23472580750965
2.23183768363462
2.18060826768911
2.23418908078492
2.20333591178085
2.19176994441725
2.2575639116537
2.27455694999977
2.25359668240138
2.26660334762738
2.29621053805849
2.29490112201975
2.28050983192049
2.31801792095088
2.34889687351618
2.34713229738271
2.34384155957843
2.36331511547299
2.38640440466064
2.35438803107461
2.3488673437963
2.31480452877049
2.29186445797061
2.32619057322107
2.34634529324152
2.32490345924822
2.34101952877139
2.38504884186694
2.41912529328566
2.40981656990268
2.41659987415552
2.44802445854485
2.44538474325036
2.46657980917448
2.42254466222678
2.46190917506669
2.48605679873154
2.52858209667235
2.44452520366271
2.42318277407539
2.43757271151225
2.40374346614687
2.37880939040226
2.37470941318697
2.36133263168027
2.37847289615976
2.35724670124323
2.33130178988949
2.34237226438236
2.27549406959689
2.30857368139049
2.25377310833721
2.26080403288874
2.30467041622839
2.30660362167883
2.28355419823433
2.25446512090381
2.22285750338647
2.21720190404071
2.18755373423371
2.20273292191907
2.19422064726603
2.14566442171838
2.14549369739567
2.1856511864841
2.18538475559766
2.14478545012949
2.08404524887292
1.99948004109884
2.01302071871598
1.99002262090806
1.94551819309367
1.92788563228004
1.92531931265481
1.9035146177923
1.82328514349712
1.78506501078268
1.77534397453289
1.78038199156902
1.80137007100946
1.73415832021322
1.74242836052079
1.75953948618374
1.74464341467575
1.7946808633641
1.83481510411439
1.87326799454839
1.85186910934261
1.86877674372507
1.83295410154708
1.8603752250336
1.81800227819416
1.8212487872145
1.77449585326602
1.77900521073064
1.76780748419138
1.74242184507456
1.7329570388306
1.71549080907176
1.74481631775604
1.770387524116
1.79386979225492
1.81869567785688
1.78882239880235
1.78552539750865
1.72488007691433
1.70724928594084
1.7090417062962
1.65948703173732
1.71732745193375
1.67960092549008
1.69816345512921
1.71870015059893
1.65969978782716
1.63223016858246
1.67954455360948
1.69395105374057
1.70423384942449
1.6991063227411
1.71433621447575
1.71792461700514
1.71987583727485
1.73956262138988
1.69795214534831
1.68544035372285
1.66752636285669
1.64993519236296
1.61492625409771
1.59497348479278
1.59808081112249
1.54128799764848
1.53706879334941
1.53232126820423
1.5590082525425
1.50260228615934
1.47566893211364
1.50220849958432
1.53434689511744
1.53999896046692
1.52091677253499
1.494967303433
1.46513112082184
1.48592624003659
1.51637046720552
1.53622452286798
1.50747391491352
1.52193399024396
1.49556812749312
1.47278832458501
1.46278037933142
1.4187094671738
1.41910309856534
1.39331554698094
1.39368947744766
1.4095662527587
1.40802823442609
1.43419034157458
1.46152680137219
1.43385631842405
1.406945065003
1.37224191587849
1.31292343274263
1.27668463693935
1.28932520017411
1.24212661909907
1.21123971613849
1.19833033507422
1.17961565025421
1.20341216014241
1.17014290840942
1.14737837639963
1.07895177646815
1.09041174910806
1.11216878323164
1.15477969459153
1.1561240923773
1.17114169469944
1.19525944385811
1.21773328889886
1.24715344373884
1.22147703075357
1.29744649106996
1.28945782143044
1.33020497825082
1.39995181140527
1.40134414783477
1.3942021427044
1.38228655965875
1.38938424414352
1.40762293406883
1.41451042232729
1.41794957064112
1.4256038988901
1.4347601916277
1.44631694984826
1.4373777429574
1.41784122350861
1.41273672686503
1.40243807261019
1.41768152291112
1.41481953111695
1.41372648726377
1.42187583355543
1.49709167075246
1.50253196590955
1.55016889101808
1.57257462907068
1.61088036348544
1.61176111094974
1.67696130635021
1.68313581018877
1.72664933023701
1.71126815894487
1.68882466125981
1.70249394608029
1.68369248947045
1.61004542955819
1.64447541795634
1.64041955017078
1.66951095288729
1.65981863366939
1.63561453291726
1.69314711240071
1.75212061059268
1.788458839935
1.74997975735131
1.83596417908749
1.86558257980982
1.87760374004757
1.87886803025877
1.897586704514
1.89259400253453
1.95873493613539
1.96753884218891
1.95408792532382
2.00563001346315
2.08376222259196
2.12757272841915
2.13274216535631
2.20038827725653
2.26735746254377
2.25548275339932
2.29543673647945
2.34342365564875
2.34603094286513
2.36909509191875
2.32955125799872
2.31664208251141
2.32199243007292
2.43148881547358
2.42623271951348
2.44267496447423
2.43020979948652
2.4337428625714
2.46981392612692
2.53235078714998
2.52909288366926
2.53384869624456
2.54450018005502
2.61796297928284
2.69747954850375
2.69985372407612
2.71807521111428
2.73063084676278
2.81940310633106
2.86005674523798
2.8658173350633
2.83591719776022
2.856238296633
2.86446291991091
2.87645002883351
2.89270390264982
2.9390013711451
2.9670019501706
2.89014935214353
2.95695648437423
2.94476985903395
2.91533197210292
2.9318985479201
2.89062738602451
2.86309743038925
2.91539626579879
2.91933190249773
2.90849982099736
2.94168488414622
2.88229384900747
2.90144140803458
2.85793194820673
2.80270208354248
2.8212399658687
2.86234907744214
2.84325084053866
2.89533519742792
2.89571904613279
3.01085921160692
2.99594854647528
3.03361117479693
3.05710421105448
3.06614591272116
3.01747050298233
2.99463229457398
2.9934398348013
3.00949087589951
3.00589823715689
3.00901388587535
3.0117906331098
2.99391873555002
2.95602688849148
2.94544334914463
2.94162070045072
3.00618528760236
3.01605085719865
3.07702590580806
3.03926934757457
3.03407323015022
3.07989303073069
3.05380417765875
2.96377526885754
3.0167475612779
3.01268791252049
3.01931409980029
3.05422289963002
3.05972406788524
3.06222615955054
3.07257679570599
3.05997245386483
3.02722014732901
3.0117804671128
3.00394966686242
3.01669764235541
3.00253783787156
3.00517735198974
2.94048108610298
2.87191560315852
2.86873558393247
2.89782709123105
2.88328064947898
2.89907389781376
2.89726624846736
2.95002249539216
2.91870611897726
2.92726716657011
2.96094128822378
2.92326057369158
2.84928838355024
2.86880403328396
2.90925843964447
2.95166403781929
2.97699195393096
2.99758944605382
2.98821978213215
2.95362792319422
2.90963898162042
2.90074239997707
2.9287092200634
2.87942097507128
2.94170989073384
2.89867550528697
2.88341836917055
2.8791195007123
2.85520885683645
2.87458501171759
2.87264562750002
2.83779591103412
2.82254670223674
2.84827200732102
2.82785847218092
2.81793413868708
2.77585264178763
2.75678575582894
2.73833351980246
2.70401548464946
2.68445272235331
2.68531444513186
2.68984193676777
2.61233324890735
2.61111234707911
2.58270014473035
2.53695112192503
2.48755035244979
2.38692525234172
2.3272717709524
2.32396676651941
2.32658042797457
2.27139074813058
2.21435563785175
2.20443046503599
2.18443014762267
2.13391377168394
2.13770681231623
2.11135479627742
2.13635669867891
2.11629906574732
2.06326556111013
2.02582347993707
2.01150334915318
1.99203978684188
1.91689518622451
1.84755582486178
1.77006695322695
1.76838892979484
1.77664780372188
1.77214781899269
1.73086572167475
1.71785062907237
1.63117835131738
1.58649377522396
1.58951576160837
1.5719919990982
1.52402882691143
1.48141344471832
1.47123291005057
1.46655489963657
1.47966944966494
1.43200570377124
1.40830226823516
1.40774228185437
1.40177453598256
1.44868002776141
1.40791531078902
1.41779718029686
1.41212791077359
1.45199760235309
1.43321605876454
1.41104186821247
1.39962106133165
1.34634551492478
1.33527595954999
1.36836478367821
1.37896823483181
1.32396306907306
1.2974111378325
1.27516232547046
1.27328613126112
1.28808457409721
1.24448173683694
1.20212237275981
1.200801875923
1.27282497355188
1.3134156754808
1.29107812572499
1.32565440644916
1.36586277514789
1.43244687046795
1.42727368893523
1.45893198346921
1.47754459440217
1.51342607647503
1.49087466201766
1.50620790223316
1.48955890538348
1.4817860880349
1.48852801416166
1.48569677291519
1.4947349842826
1.49502303839587
1.54899283054093
1.55571868906292
1.59527448271921
1.59498537255663
1.6216272217776
1.65723138692932
1.61097037522582
1.62022487194435
1.61689537559755
1.60482502070821
1.59075959053092
1.63655090296265
1.62831121492035
1.6507647081606
1.63251985420518
1.68536746257988
1.69107506711973
1.7189364168967
1.7009741285219
1.73867427977549
1.76166676360543
1.75416816923006
1.71586203880724
1.71547432840027
1.70650840793276
1.67225068609832
1.68160431206431
1.6711443996288
1.67905312957695
1.67018890992806
1.65692235115314
1.70051847480487
1.79225584147125
1.78432855258914
1.86148643746407
1.8447205106975
1.85087194636996
1.87506863641781
1.89215444000656
1.87267978429927
1.90603471902068
1.90535388851185
1.89014581867481
1.93783945415494
1.96328916999214
2.01268353220388
2.00027490338997
2.03916791801817
2.02151433477669
2.04562824428277
2.04927030215008
2.12793687362101
2.11939604432922
2.12277110301007
2.17012243741869
2.13576309981581
2.20144903173518
2.2645273068919
2.24006361468757
2.2224139934129
2.21433230516907
2.27895717888163
2.28800255391664
2.2683057578924
2.24536587083742
2.26472766302864
2.29298403481688
2.24937718483445
2.25371621692157
2.27856171340946
2.21744119965612
2.20400085501464
2.17911797635098
2.2009123554886
2.20443590090136
2.21758396404896
2.24439627048755
2.23038243549082
2.22660333141815
2.18568877626114
2.21565528928356
2.2372086921833
2.24035183117051
2.2285551992327
2.2546477041336
2.26889043034248
2.24432647709574
2.26360245091369
2.2395029290564
2.19492610994102
2.19588934515877
2.22429051335301
2.25971018716803
2.28174305119659
2.28176981539004
2.30840482471467
2.3392397927262
2.3797707913595
2.36883141995858
2.38464150996644
2.41755966435852
2.38979418632228
2.41502786764064
2.41651770327252
2.45147906913917
2.46856479226479
2.42229729095568
2.42293335031412
2.4204574843083
2.4257062269047
2.36355711119884
2.31720286378899
2.3577175387747
2.40334908064942
2.4063216566022
2.35264572261352
2.33653836915744
2.26871911046924
2.22968302594075
2.23353956949694
2.20546740589158
2.18027368215192
2.13502183883188
2.12081482069525
2.11902005142536
2.09376967141981
2.08921698627093
2.10200207051573
2.0816469471284
2.06569002668667
2.04580549700304
2.00141231621186
2.02740592582019
2.0162808481219
2.03338422126181
2.02037448099403
1.96076878127036
1.92276283546818
1.89999155862127
1.83631557031475
1.84022750335895
1.82240685281504
1.82887217712097
1.84272395257412
1.79190956114826
1.75367993847946
1.7224263938881
1.73692098239072
1.71421221052368
1.69458271432939
1.66772366979108
1.59772850960942
1.59777470264087
1.60510052399982
1.60140259726562
1.59998912737715
1.5958829487201
1.59030052400446
1.52668486010999
1.53825380113522
1.4942279504986
1.49274060373521
1.47168430682283
1.46380265442291
1.42076113050128
1.4052618776677
1.43971829575345
1.4354780004341
1.37063385305586
1.32701342342735
1.32098308538835
1.31134240557054
1.2682391378974
1.23717968429191
1.21282168858768
1.17848285582702
1.16185230505123
1.15878189976217
1.16548842313453
1.15899516428693
1.10210325262554
1.06892158740441
1.03658289040749
1.01999755538287
0.9802579048528
1.00855573322406
0.98585238164554
0.985927507037039
1.01001487562715
1.01498147400441
1.03011012611132
0.987288899762736
0.991800229438653
0.998098507517999
1.00133025586225
1.01066867357591
1.01554862081511
1.03228042729751
1.02624157613745
1.05170979866466
0.996825755123982
1.0037674794009
1.03791589589876
1.03871329932081
1.01870794513511
1.00942581967593
1.03227547398693
1.05075975506046
1.07088690917924
1.07787454015702
1.01441852638411
1.0564516244714
1.00149785603773
1.01185607322355
1.02645673433977
1.05492470032501
1.06416314355198
1.13250770126512
1.11473063397089
1.14481103823866
1.11792962897051
1.15814440661222
1.24432271642078
1.23133415912943
1.26252435598342
1.30224961776731
1.33210118292502
1.41991846039827
1.43203853107785
1.4399681709078
1.45839246549577
1.48405953528564
1.53471937250969
1.50194034849969
1.49967758410877
1.55402504945217
1.56069229391945
1.56139582832295
1.55647065388102
1.56900739477348
1.55736261431188
1.56974874771601
1.56490644092748
1.54042000387452
1.53253764062409
1.60806284235223
1.64570694035636
1.67060704288095
1.67193149847843
1.66139644093192
1.71808602460436
1.69026218190011
1.75804781905492
1.81127233523841
1.84698223939835
1.88251178350042
1.86541495550051
1.89925142417298
1.92028019006946
1.90578705906142
1.94386743949141
1.95665270345895
1.96144626417493
2.0408767752963
2.06327496489758
2.11466353617435
2.10218721970759
2.18154982842494
2.20692436888656
2.18658418177725
2.22017592022767
2.26809522588879
2.29950105166396
2.30533298565275
2.33464332830246
2.34573165417571
2.38307447059343
2.4504348623827
2.48325179542708
2.51744949665621
2.57400773770881
2.58866644683701
2.59317779156154
2.59901326151328
2.55741494629633
2.55674890126304
2.58782376297167
2.61687038370007
2.64890814913676
2.66312310128136
2.65500357082172
2.68850513691141
2.76267952872964
2.76781162864859
2.75556089116898
2.75288970876474
2.78137205616138
2.81414361578415
2.82783917813224
2.84321672025264
2.87915642017297
2.94703227401838
2.94036511691557
2.89621941209872
2.84371740857838
2.86299646985379
2.90916624093087
2.97865979151177
2.98702769009744
3.00845888173419
2.94623098890064
2.95737966058654
2.98344632556753
2.9741004133225
2.98909412779955
3.00926523153402
2.99456501821309
2.9613422277799
2.96352050841643
2.95706413141712
2.97649042776315
2.95210551211612
2.88809764069964
2.85246664152209
2.90185733516862
2.89847126794707
2.91132797938666
2.9449635983691
2.96217192045087
2.90945406924572
2.91019653943725
2.93781920182471
2.91547645590104
2.9109144423029
2.87726083246932
2.86286930541782
2.84678601699269
2.84724351330115
2.80306766128199
2.78025710799263
2.75846203156565
2.78442601703256
2.75624763407793
2.72111369816159
2.7381970637938
2.71971480762467
2.73278435662846
2.72453571451819
2.73503157325218
2.70536522324808
2.6938254982684
2.60689652107212
2.56874208556479
2.60072244283103
2.58140922587959
2.51766842733507
2.47139325748733
2.44893799853209
2.46150899479846
2.44156010413851
2.47761088405065
2.46867670488625
2.49227983901944
2.43929466451867
2.44010293715556
2.44443009644209
2.40341707321988
2.41212432458693
2.38525666108637
2.35016422558262
2.34136700366067
2.34998599995684
2.30904346410312
2.28636155502311
2.27215839954247
2.26955470286963
2.22359558235091
2.19598265353402
2.16663822334125
2.16970253308385
2.202356714351
2.17603746142086
2.19585889363958
2.19567730375873
2.21725199392172
2.21070874885553
2.23193348030952
2.15607196397382
2.08817822543854
2.09972996219673
2.05845916545034
2.04111663533079
1.97604971714503
2.00152440253262
1.95860314450735
2.01160280002575
1.99081599190369
1.90015294621384
1.91721111454682
1.90947301831925
1.90946664491889
1.88613893136997
1.85244200550756
1.81082481289288
1.84619596167147
1.83391596527455
1.86646893544178
1.83828047948998
1.80148110331803
1.76267417918753
1.75857872325853
1.7126138637385
1.68340519234404
1.69656201108351
1.70250750796277
1.65613181744974
1.6459309645026
1.63378207888739
1.55609068796259
1.50014523624756
1.48451147626272
1.48226763993135
1.41207761636123
1.38916069809174
1.41082871812444
1.4314030839645
1.44637083345683
1.4653112879076
1.50650210457067
1.48396874618319
1.46871151855306
1.43838303618349
1.44290177489879
1.4377545493349
1.3983218783487
1.3828040284547
1.39055856545501
1.42918924212256
1.44459852636535
1.41667457291902
1.40672360868414
1.38620879177212
1.41469752016875
1.43734864184124
1.42952033610709
1.41359628621796
1.37608286246897
1.388613018897
1.34072322035779
1.32883016316265
1.32027871824533
1.32775369839554
1.32966339886878
1.41115691573441
1.37764354109464
1.41692904145106
1.39160654593197
1.3622908551002
1.37685775959073
1.35294926767948
1.39679442821143
1.38112264377315
1.34949267339263
1.34404854601944
1.37314998991544
1.34670211863275
1.33418008615196
1.3625810677786
1.34575165463148
1.39685903599054
1.34896547098054
1.32202039157195
1.30736438708851
1.31198056183096
1.29160826894133
1.27705738205209
1.30222039870156
1.29974585248407
1.24071346311294
1.18651818418174
1.18592298660284
1.16005786463657
1.1368326099157
1.11654640009549
1.1249468954824
1.14029078469489
1.13484282083785
1.11795723568945
1.14132455820125
1.20000788437212
1.18367843616348
1.18611907802557
1.19994575787284
1.17770055374938
1.19600854845594
1.17124539079292
1.21151665861147
1.2245211110829
1.19893081324753
1.17728517976421
1.21962150826999
1.21068902405872
1.16512851700616
1.15155722175773
1.1658676260735
1.18409921232022
1.18409275639249
1.15705852286383
1.14444163535357
1.15803308245702
1.17871073336816
1.17245027403927
1.18516815718101
1.18167792263141
1.136337447811
1.1574677001012
1.1615122718231
1.13203678662659
1.15186541775362
1.13189388728361
1.13106242048772
1.11899195205866
1.10691430289348
1.10259868663834
1.13965202978816
1.15262130383451
1.17042163525451
1.15272992817633
1.15637207708847
1.17369885925206
1.16910172041657
1.12638029519071
1.14182913344954
1.13685503259392
1.23156528302997
1.24580681934489
1.22634807459981
1.26971548597587
1.3047623229664
1.29386482156857
1.31736084917883
1.33631166737779
1.32026833673833
1.32139153658444
1.31936681562181
1.36360115252123
1.3409597066239
1.36043349045886
1.47250237052074
1.44439681610522
1.46307636369372
1.48265292028783
1.49931928976205
1.48520222809247
1.4631966055053
1.45317962973502
1.52289416795329
1.51844546592863
1.53424889451217
1.52700755093161
1.57087020612437
1.58789899340448
1.59191614498278
1.54675071352926
1.59513858790838
1.54485428341194
1.5315974537461
1.5581195109609
1.57849689732862
1.53435718785534
1.5473036697285
1.55315918238215
1.58203840706222
1.59889847214913
1.66793312714169
1.64102731298056
1.60684481990336
1.58329396956488
1.56646182498641
1.59214086127608
1.56421919342351
1.55460143530855
1.57812184463934
1.59089975322158
1.53376429092173
1.53397827174845
1.50948084712504
1.52252152684449
1.52291549584924
1.56510991751936
1.5913640355224
1.64259268004808
1.66165374715041
1.69792834733513
1.68158414550279
1.64993390326048
1.66044252883174
1.65706776551829
1.73251400546345
1.72440208247458
1.70999131392727
1.7013036893431
1.72830348097264
1.76594381912249
1.83606956937396
1.82869128122194
1.92141124087867
1.94761358953014
2.00592515874267
2.01207667471308
2.02477901692268
2.00976660693511
1.99883635804361
2.01558691936813
2.05705003059892
2.04350133027475
2.07675469106811
2.11956478806186
2.17864772002207
2.25033879991982
2.22872687063012
2.2532923892442
2.25052690545215
2.26301069874771
2.30466569084936
2.27990059669845
2.25442832350623
2.22075371057579
2.26101999898572
2.28760232667269
2.30764909331847
2.3425315160443
2.35133972309537
2.37596171787722
2.35100867208952
2.33004388679899
2.32327124562331
2.33476564504935
2.33894585873466
2.36075345369872
2.37780499282066
2.29592492205566
2.31307072741232
2.31075695220534
2.30108727213539
2.31638198206939
2.3283355042068
2.32945311331658
2.34882250243068
2.35335637901192
2.39756987337823
2.43183539048935
2.43380692229439
2.42812928323646
2.45503896875698
2.40555826186005
2.44722067859279
2.44027498575799
2.44099743267384
2.41462224499993
2.41750068117229
2.421014709204
2.44394725551212
2.44451910950712
2.41461848681462
2.41025781414606
2.41306466100863
2.41567585243526
2.42244486669534
2.38832246066804
2.35844422327522
2.30418848509605
2.27755353514973
2.2997900225568
2.24062043611923
2.20795039853142
2.19281384231882
2.26360946188374
2.25156182294388
2.27358397508475
2.25273191102881
2.29037220351876
2.28118402902537
2.26337988421178
2.23838183549743
2.24491362231108
2.29827380671881
2.27852045028746
2.26939266926832
2.30169778737472
2.35219095080581
2.32030338935378
2.28468732134225
2.24992175505142
2.22339967297209
2.2183202623732
2.23379936620203
2.23339679198794
2.23655737223511
2.24175336888352
2.3060060226414
2.28295675336154
2.32585336830539
2.32408876436655
2.33473680451595
2.39630304855407
2.37361877908459
2.36304604157891
2.3453432866337
2.30415474090503
2.29776977166131
2.29849977475167
2.30917426765073
2.34554309227104
2.36930711309964
2.36171441278275
2.36567643977487
2.42245675876327
2.42551566315704
2.43111430997603
2.39605525226727
2.39638638692976
2.37936835416021
2.38168977146741
2.34242768677311
2.3616390820939
2.35230045607064
2.34391393685299
2.29780048182844
2.30917089443453
2.30394467103499
2.2793189567605
2.22032260888259
2.22122174433035
2.242472547941
2.22901766785342
2.20472308285669
2.16815860353358
2.21117181036612
2.2204727254692
2.2319182935166
2.1918059837248
2.16629974688273
2.16543434438009
2.1770532450484
2.12363671028748
2.14752137634271
2.16651486513664
2.1991171876538
2.20869283263332
2.21617644769721
2.2458251851109
2.25509608108124
2.23827013034947
2.26074385329855
2.26604894733656
2.25417085436725
2.29954333924679
2.30105582373126
2.31894654989277
2.30160157802222
2.26505626547152
2.26419107153135
2.25576305128656
2.27755555152469
2.24934407220053
2.22863880890177
2.21485671259612
2.26724641660256
2.27685347383652
2.23275511449182
2.22930121862924
2.23237901584376
2.21713705976206
2.22291875016183
2.2072805222091
2.22111346103816
2.22522030414305
2.23154354946378
2.22329317030709
2.22275859606521
2.20599852287901
2.19871197950056
2.19180608452503
2.21069226664967
2.23141858568028
2.27047015582486
2.27048200190354
2.25657502155862
2.20885004947033
2.15602430801372
2.17766592126033
2.15807818436107
2.1348091562906
2.13220255613452
2.14221768596431
2.13451263941832
2.10203353995738
2.09674534624153
2.12927542209727
2.13498784971486
2.16668868505774
2.19291744538428
2.20007749016922
2.16035869682988
2.14236140068504
2.12526627722128
2.14879232694989
2.15640201181915
2.14053945468123
2.1627575426771
2.1396429764542
2.15969459002435
2.15036283920109
2.21699846395012
2.21879620163109
2.23050176214556
2.26253147491094
2.27197971314216
2.29598141108968
2.29655734761269
2.23308179366403
2.20660613274987
2.17871697083922
2.10727682258313
2.09491271121045
2.09748725135082
2.11369949147264
2.11293575293526
2.10417187272389
2.08405550555559
2.05163149857381
2.06920802236002
2.0194787603434
1.98770927030378
2.00287793289752
2.02487099122263
1.9444110318686
1.90711688707087
1.85052765362434
1.82994452697485
1.83928147535541
1.83943061116533
1.85497317846248
1.8445291548748
1.78342766414099
1.72954513203313
1.73509860215603
1.8032774833442
1.79494957407345
1.78126670913214
1.73186466553423
1.72818541716811
1.71517621489562
1.70308153205648
1.71482129276121
1.68991858199971
1.66781481068438
1.64253254041811
1.65377804722887
1.69191578439763
1.65506757335096
1.64601576338931
1.67366177691794
1.63418431867876
1.6024117645789
1.58392230157742
1.53482112985512
1.55142247171066
1.54364509661802
1.55935072616127
1.53648728221624
1.52948747967338
1.56287385400906
1.5153865531696
1.50149709937379
1.50709811861016
1.56007483566791
1.56008924209922
1.52030808097839
1.53441382994275
1.53763144455013
1.53355997157468
1.56604404710756
1.55714176627297
1.4895687904547
1.47038395247925
1.50549053840361
1.54110584522642
1.54352915351979
1.5323794252251
1.4959883830019
1.49888031609039
1.51116008753772
1.39394545643087
1.35154428868498
1.31459887278551
1.33883212092036
1.38621445675305
1.44054616401184
1.4006175295813
1.4429339805245
1.47748559261889
1.45013954599326
1.44084758251872
1.41565567641993
1.42909215283966
1.43480873795641
1.41775022827035
1.42567750483382
1.40765067626684
1.3489704093421
1.33748893323597
1.35299093723496
1.40358719893225
1.43003141648849
1.47904626588778
1.53606185343441
1.58056218798903
1.63938893123741
1.65895149271976
1.66203837943383
1.62813605230219
1.65407764681821
1.6635276868993
1.679219748849
1.66403878411125
1.69183216373869
1.69472025538645
1.76161849587209
1.83378397303415
1.84240772835412
1.86285704711434
1.87368570453134
1.87845653234806
1.87062308230221
1.8522731499707
1.86616455824386
1.8177217173186
1.79941333774221
1.78104464632138
1.75286762776083
1.81987201965602
1.82309314997576
1.86427339456724
1.8711386560031
1.92744490945875
1.90993413185661
1.92835260832997
1.92626367900493
1.94289066493722
1.94221670245047
1.95915184619184
1.92276806275232
1.94623493571619
1.91822291401267
1.90700815716593
1.89871360701914
1.9255859997711
1.9362625899893
1.85933183559315
1.78579675229756
1.75802903985801
1.7785010922602
1.77175878879916
1.88662135044285
1.92078134737456
1.87931826542559
1.93263706929382
1.91451288017172
1.91407265493624
1.94283349721371
1.96130379655661
1.95408720804702
1.98043629012246
1.96969041229665
1.94889106935667
1.93857798928204
1.93854796200871
1.96803124594297
1.96467501172208
1.96184953083673
1.98951538373035
1.98224616765697
2.00004659252438
1.9685804389122
1.94287075734084
1.95173146750538
1.99831156195109
2.02486372984526
2.00912850982188
1.97777900595968
2.02537131160834
2.01608542230329
1.99714851843944
1.97201113872347
1.98373504135154
1.96543011307685
1.93946868779673
1.93581506644258
1.92918192012408
1.90701298565516
1.89460038436614
1.87660814110229
1.79387754622317
1.79630428949827
1.7847081139749
1.75440084215679
1.7401106261871
1.75713617625047
1.73341716740341
1.75100702097156
1.70923155484297
1.71755037308713
1.68155423413399
1.7521583493612
1.71551864943438
1.71968759546697
1.65862049707208
1.63679814803642
1.62230360023803
1.60382055088537
1.66870510766471
1.68133212452046
1.65128798949153
1.61740410815759
1.60954267109677
1.60746821786149
1.63636944060278
1.63275724125832
1.65623545856365
1.67020952772565
1.66643207758368
1.59515106362596
1.60738494448658
1.60169476747052
1.5922364589618
1.61448981698866
1.64013132713618
1.7040192700663
1.67199629151915
1.62311709956223
1.64582031349231
1.6577738696022
1.6464975508416
1.65875579672667
1.67151822719522
1.67478412441543
1.66514450056787
1.65273176943469
1.66877526886653
1.6545039970882
1.68476997780979
1.69622306566959
1.69756268588898
1.67812920508545
1.66770336788653
1.68290777830527
1.62706788971623
1.64948517649609
1.65144172983122
1.69084308913257
1.71184930443798
1.79939237743427
1.81961231866461
1.84270300918072
1.85706467889516
1.9382413365436
1.96003023817025
1.9655011002584
1.95679090190769
1.97424151521839
1.93981425976721
1.97752605302226
2.03397916641114
2.01454940010172
2.06415079594913
2.0110953398504
2.04185046577346
2.03924298614077
1.99011190707845
1.97851566670869
2.01047853264954
2.02579588293082
2.04680600342476
2.07542006658696
2.058786004435
2.05011326615877
2.04486821422225
2.06511459712283
2.10468140801818
2.0936759722875
2.05391350793912
2.10264609690525
2.08622638921646
2.08937557843008
2.0949742379301
2.13186967164332
2.12074380869802
2.11953984690015
2.1300033960955
2.22086130667424
2.22902620943896
2.23151332658452
2.26438259730986
2.25271131148749
2.29577349044855
2.30251983060632
2.31212583501238
2.27605444545299
2.31735578717282
2.31494018790748
2.34939389211899
2.35820192564936
2.40366844070799
2.46439602325764
2.44035342585304
2.44226088861941
2.46573157294692
2.44370942901531
2.4419220973483
2.43757254310458
2.46263101048658
2.48913057935242
2.48194785792637
2.48639147099493
2.53090998603705
2.52396446197842
2.51785790597332
2.46663076553448
2.47809129923088
2.41982817400865
2.41426338611096
2.37581787005432
2.38731640924831
2.4148808155667
2.38723369389129
2.3804198036041
2.35584664209218
2.36099752717348
2.31713755464425
2.29770406506363
2.29616142251506
2.28450146139023
2.30222674757954
2.28540817126948
2.24794836062597
2.22763819639529
2.23047879988055
2.25829550907099
2.29765930957107
2.29805068272114
2.31441411356555
2.35506088539073
2.33561612447006
2.28736900442416
2.29836311949472
2.26335649236285
2.29776123110563
2.26272067582215
2.24456266027148
2.21418396765907
2.23287266562426
2.1893361413414
2.21553845591038
2.23316963347294
2.18705601628843
2.20362637214327
2.19196221489485
2.1881207378918
2.11893877237764
2.11667746594714
2.13494086654708
2.12521078395852
2.13304072150452
2.14255237527333
2.13453451482308
2.15258337937488
2.10646592218816
2.04915491784751
2.03139582088698
2.10175520710961
2.06453228417003
2.08468822178509
2.05061838433751
1.97020899669578
1.95144141134156
1.9512907170163
1.97004703340608
1.92768083490875
1.9478630882765
1.95256637234014
1.87535131051121
1.87547179496117
1.91140767977747
1.92504320365489
1.92566020329495
1.95400700459097
1.97467090449005
1.98102197999477
1.97567160527872
1.98399428172544
1.97092701952844
1.91407487637499
1.87341676567752
1.86833745075378
1.92873759281106
1.97525008948067
2.03707982991064
2.03502922450305
2.00914676132926
1.94633119142374
1.92668687128466
1.91277279272865
1.88697293501593
1.89725600130828
1.91083883681104
1.92755576160179
1.92668669860146
1.93062612445206
1.87942532836954
1.89002064200352
1.89286124841586
1.89811019478492
1.89286897492597
1.93321856184679
1.8545814386583
1.81589869880772
1.79287565917357
1.74521925605524
1.73405968822631
1.71732004727389
1.7517925918803
1.75473857761232
1.74937327044486
1.72698994337704
1.73463915473122
1.74425258831475
1.73416151492479
1.68403693226438
1.74158125974679
1.7466381516035
1.77058294589521
1.76007430270483
1.72157600084584
1.81283651506941
1.79398247930616
1.84183448456856
1.84964554238249
1.8339443620136
1.89020955420518
1.86076763930602
1.86839419734553
1.83418515358823
1.84621024148978
1.84769264590289
1.84261687323718
1.81434511404752
1.84230073440593
1.88065235466991
1.88102867671164
1.89917926952563
1.94726457956192
1.96255185222463
2.01012147993445
1.99363779186916
1.9989355365277
2.00748036138639
1.97527678381685
2.03637284411037
2.00452281978254
2.03946168656729
2.00910539444597
2.0286029232271
2.0831598012361
2.07485588551559
2.1074094722033
2.12285098336838
2.15160072952712
2.14430524017231
2.19041889997103
2.22382278913283
2.19332370061641
2.17373601034918
2.17796880809987
2.20764780572295
2.21713698530566
2.19975024889502
2.19687582905943
2.22824793463042
2.29180857777623
2.32507316629186
2.31080559082143
2.29611294927515
2.31400015648632
2.29069501064516
2.28905098858453
2.32801579124738
2.32221008939782
2.34539092790347
2.27848532049663
2.28290261730206
2.25905197879286
2.26986183387376
2.2878242160786
2.31947498716226
2.33513464238973
2.30273551463739
2.33546216681937
2.28642488367552
2.32225198765029
2.29714452070357
2.28682008880553
2.3036613404766
2.26588551622429
2.25286120598655
2.26240350401605
2.25259489880396
2.25138955515286
2.25342203038045
2.21561004847012
2.22266880490112
2.2038268299618
2.18880831996053
2.19709612908167
2.19521317473493
2.22588055531547
2.17976156353574
2.18478103558152
2.22697288190153
2.23107930514487
2.23919640493124
2.25562826846859
2.28490080593897
2.29390084859611
2.30555105724287
2.30100638278656
2.28134185322811
2.24028139142807
2.22416031189837
2.20704677756677
2.26510394243699
2.26205705777334
2.24193128346376
2.22300434650476
2.22077095430971
2.25233872614153
2.2719334438379
2.30650112479903
2.33571571355151
2.32086414185648
2.32316958530408
2.31543524329623
2.28890134411891
2.27905291668097
2.22553218686297
2.20437094473441
2.22570424188027
2.21806145717297
2.19197044039714
2.14976018069582
2.16861174681384
2.13400576870423
2.12362008599164
2.13319162247838
2.08134826209326
2.06578700968677
2.05829760713554
2.0682212139474
2.07406445214922
2.04026577783218
2.0097766572246
1.99087278123191
1.9204600704832
1.95090133912598
1.97299784736271
2.02256543738868
2.04496383343244
2.01609748174084
1.97641388648392
1.94865373170846
1.9327905915732
1.85194482041482
1.86060607809805
1.81278401130057
1.78868479057774
1.80361824046621
1.74239398940038
1.75754213327578
1.76268553037612
1.73643814480773
1.7040577036629
1.66235654350486
1.6253507585687
1.62785535110555
1.56935976745564
1.57673947069245
1.55772663208015
1.48189999505913
1.44705645937426
1.42668524834
1.36801312586919
1.33057981040085
1.31232336011661
1.30502468446767
1.32660274960643
1.28209148182362
1.27582213308369
1.22514857718342
1.21177067723437
1.23050441639748
1.22169258072118
1.26859201740365
1.23841906735855
1.23630536868836
1.30251000692161
1.33800454355703
1.32394144921966
1.33225710603607
1.33505741510527
1.29902022343641
1.24305304971637
1.22724209613263
1.2128728459866
1.28478367271004
1.2566287778592
1.28126298841189
1.2961422742508
1.24610744089262
1.26990486315887
1.28924168622161
1.27657126274718
1.30118522834535
1.28763487109716
1.27047875848688
1.24922378044867
1.26757835524626
1.32162171782731
1.34190847449838
1.42046888595311
1.41109620355366
1.41983785868971
1.42795898305312
1.46485220414228
1.47899365392149
1.51376899544672
1.51511603832271
1.54861655766387
1.59068914769699
1.61670554245488
1.63491352350916
1.61714738676262
1.66515588579616
1.72830656752286
1.73567358138507
1.78418428744917
1.80538637742004
1.83816191721804
1.91965865612685
1.91052319227402
1.95839796755893
1.98797518121123
2.03258777461501
2.07045041227153
2.11447604020744
2.09097552386944
2.09573521669396
2.0512995105674
2.04481289270595
2.08619717259174
2.09546810819012
2.14505104555778
2.15865639014068
2.21143744634147
2.19851695116386
2.21928621246574
2.2602340973598
2.2853831687317
2.31432471730989
2.38407543451736
2.45144724047419
2.48361030114393
2.4768693329369
2.51120396131409
2.58456362418664
2.57940225434501
2.514657179076
2.50652333428556
2.50306575944057
2.49108068756596
2.48538944081274
2.44866284575899
2.43583517310274
2.46255757619477
2.43838843054265
2.4167601480832
2.43939677140341
2.45266341910553
2.48634748718285
2.48135348746357
2.51121648269146
2.53919597377157
2.58876759834956
2.58012302153498
2.6079858646613
2.6484407929773
2.62730286895082
2.63533214125539
2.64709381102181
2.60208627903743
2.57573716539467
2.58645292593523
2.58734103083364
2.54041070669696
2.53272388891933
2.45911332095097
2.46109242207985
2.40104226679752
2.34484844908946
2.32811638956477
2.33984419113846
2.37516337076555
2.38215810728632
2.36364260409608
2.37552459416494
2.32063660724659
2.3503154923084
2.39142140252113
2.44334462261261
2.48125618811312
2.44979381129624
2.46043796068187
2.39415314202672
2.34618817317996
2.346590757787
2.3585406880699
2.35107191403986
2.31732578241018
2.37661230227582
2.35128659889571
2.31450403201625
2.29097304364464
2.16955932761144
2.14362028623172
2.14766493859862
2.13651640157879
2.1296949310189
2.12863397405057
2.08962375766805
2.09494394501757
2.08063875326825
2.04252025791584
2.03469403835626
2.01019614275959
1.93706719507406
1.93247699063584
1.86189814085791
1.85849416189154
1.84063860599705
1.82907916996135
1.87262241411012
1.81587216525506
1.7804529568909
1.75058356005828
1.73562131854099
1.66588246781572
1.62119925278211
1.5977142560992
1.60844943185073
1.63499275403554
1.62782291359337
1.63377322290919
1.64909136872522
1.59347190660888
1.53383556675745
1.44403880245741
1.43682677497435
1.42921215399398
1.4126554628786
1.39322376821219
1.306637712487
1.28852550912148
1.27942193814785
1.24362823024273
1.24305024666898
1.25967087495686
1.23420572496548
1.22820003036366
1.22429311850748
1.17239004759459
1.19677887144212
1.17346786495038
1.19695385058077
1.19142732285623
1.13879994233609
1.19969159580288
1.20112471734038
1.21207357284242
1.16944433567045
1.11659219833646
1.11870787898883
1.16908054454251
1.13555154571197
1.16519811374978
1.13356548306047
1.11540740687995
1.06750631941552
1.05893573360078
1.09457196717006
1.0946430481304
1.09181241924201
1.0968602755981
1.06583571452744
1.10054514371432
1.04837369796835
1.03707855928964
1.02949695273478
0.985689481638562
0.974845593649799
0.975537732677944
0.980963244573074
1.01141731638347
1.05211310970646
1.04058839872498
1.00521655910374
1.04269153647372
1.05397529376678
1.05006227675187
1.08503887389969
1.11689248269048
1.09314322518765
1.11183184747299
1.074529918468
1.00784991608273
0.99927493647825
0.991967943608235
1.03868377371776
1.02125170772228
1.05138215810983
1.07339677794462
1.08187004768198
1.11314061356679
1.12299111716373
1.09997561488247
1.05055818741835
1.0692845980697
1.1020864440723
1.06108195830662
1.11219198937863
1.08158009901427
1.08393536181394
1.16187316549093
1.2071257172835
1.19622974507687
1.18441644655444
1.16745668308165
1.16123895665191
1.16026893857876
1.16742409004506
1.19414383179343
1.2612500392473
1.27800766660304
1.29683094968213
1.31150676649668
1.31744039481873
1.29528996317401
1.30599554164026
1.30588700940784
1.30674817415899
1.33747407000069
1.36413317362148
1.43899400202783
1.41650594551016
1.42872034220244
1.48645293637888
1.45656209593312
1.43801148554118
1.42507980739953
1.4125591208711
1.47640069626018
1.50948796475186
1.55882868128232
1.56071372664706
1.5754703799704
1.53425435379691
1.53692992645785
1.55177440054966
1.56580448744149
1.55902891180947
1.57928942715387
1.62662252804975
1.60436714526208
1.58765011186083
1.61119994227022
1.63163418913399
1.69889343783931
1.76608896482154
1.7965844713807
1.79804056665192
1.7710178015645
1.77456587246779
1.80910986289033
1.81313197856086
1.86169151416655
1.85020449188009
1.86941976418648
1.91612802625348
1.92570745639061
1.91038255848086
1.90817393534573
1.93663015679766
1.98570520152515
2.02802640647821
2.01973364379719
2.08691413270721
2.09947344263399
2.12889294399573
2.13621502689979
2.12755732105137
2.07105128359856
2.07114925426378
2.10319873751587
2.02763911846643
2.05241175552255
2.12311385877299
2.15839538493003
2.20962627778687
2.23574959082532
2.2634345623699
2.27418420245213
2.27663744562338
2.28031721522342
2.30682070775211
2.35076739782603
2.36472276042436
2.40726608943196
2.42486749257299
2.44409805357528
2.4636747851583
2.46992444398314
2.50897984273422
2.59735858994
2.61614496727371
2.64828096482197
2.62239849798552
2.63833291768494
2.60538416636725
2.63493527612714
2.64163634130526
2.65789438495551
2.65676950999353
2.65434264124861
2.65781930392085
2.7063752241378
2.76792686269161
2.78215307197595
2.75002094769128
2.69907976171433
2.65350768832101
2.64936510694364
2.67401355849256
2.63845368819395
2.63887146262738
2.61044915095415
2.66058163682151
2.65406496129197
2.67978951884534
2.6011821754252
2.56224356484993
2.57474287986561
2.57705697448655
2.64251413531209
2.68581727107991
2.64472640334505
2.63127895840615
2.6337020167678
2.68123443180663
2.69219482447978
2.70938991789182
2.73123910013844
2.72473034293328
2.7030538588674
2.73022696946552
2.75172616309748
2.76729191492177
2.77295829081383
2.78036683751662
2.77062375501382
2.74652048833559
2.74154977116237
2.77309382845018
2.72918854547587
2.7589201807288
2.72333020954451
2.68089708809652
2.71307376269148
2.72706453386774
2.67896299370624
2.64566610826488
2.66726969570673
2.67085238615742
2.69444602283097
2.66424543028997
2.68226777723177
2.71275907060719
2.68166167141681
2.6722428638803
2.64405258520192
2.64844086345285
2.62453511190078
2.602546410971
2.589126583774
2.53428279731328
2.45735234187616
2.39992934711417
2.33292533315797
2.31337398638015
2.27598281293774
2.23055000632835
2.25454874599424
2.25360107188009
