1.70665993212478
1.71063926743563
1.68628016666633
1.68729024226375
1.70018622268279
1.70271050640057
1.69886408516514
1.69424165816472
1.68223471419162
1.69240346580125
1.69041383092612
1.67389485733539
1.68112358840877
1.67288349168209
1.66797786991391
1.67373442039157
1.67217036749402
1.66896146861031
1.68407590229088
1.69013347444099
1.70589522117779
1.70819459707177
1.71119685091091
1.71482577441435
1.73188673377441
1.73833536461913
1.74261752902726
1.7426003596559
1.74768958020913
1.73648334001859
1.73992601447174
1.73484395760274
1.73093960364131
1.73185512169421
1.73367725731467
1.72448026006553
1.71924189787316
1.70971937840911
1.71156405429392
1.70517560396225
1.70221148181488
1.69607099395651
1.69009797607962
1.68660948445549
1.6813732915366
1.6754230269942
1.66458664942175
1.65866088018531
1.66523358699142
1.68154013798037
1.68677057697642
1.68078315337889
1.67976566941118
1.68559185675123
1.69336003627205
1.69134733461439
1.68171068683585
1.70510109809487
1.71580881217739
1.72432390974889
1.72587441279292
1.74259789873021
1.75241339810356
1.75143102280149
1.74665001897046
1.73886464661059
1.74709113698922
1.77398941151726
1.78124897519674
1.79546019942792
1.80178491562772
1.80781334848353
1.80889077088176
1.82536614613477
1.82603186472253
1.82538345130962
1.83081466643001
1.83390081299575
1.83885958942006
1.83703007903314
1.82887505390714
1.84658737426665
1.8581834269022
1.87669175087432
1.88152183758266
1.8869228406382
1.90128698181389
1.91371421246583
1.89915391231603
1.90945699720219
1.90800077954345
1.91326905641996
1.93313011005263
1.94349973993939
1.96330297760784
1.96349844920495
1.96919815470447
1.98136040326152
1.97530896105887
1.96936092846304
1.98191974934378
2.01226968118632
2.00731637190543
2.01082941357744
2.03081779932472
2.01521138242898
2.00246625183867
2.00226146011822
1.98073380836324
1.96474874739955
1.96819019694879
1.95452226562291
1.9524187661144
1.95705244496287
1.94542167425359
1.94226237541193
1.94456700359688
1.95573903379708
1.95342160657031
1.94923423025609
1.9530364455951
1.95086473707406
1.95786289428265
1.95871847399619
1.94977038459345
1.96574868837329
1.97725793079982
1.96913559158793
1.95889108804045
1.97701690914194
1.97045128995924
1.97564494500436
1.98487036757667
1.99126688796908
1.99274613919676
1.98902525349435
2.00086589859357
1.98931733421604
2.00867470697789
2.01651217146263
2.01900907846473
2.01798888755201
2.0043722689173
2.01359645934047
2.02787600477716
2.0246644801366
2.02864463071535
2.0322828075748
2.03009145625872
2.0318586445961
2.03594956304307
2.04734526043905
2.05076740351466
2.0660500913206
2.0615940997682
2.07165193492322
2.06177798843077
2.05525515634187
2.05961458885729
2.06155793301474
2.07346838725318
2.08371240161131
2.08727760742152
2.09853752136858
2.08642785181343
2.08460335884662
2.08798806056436
2.07806939625793
2.07827155167085
2.08824364453795
2.10289890492208
2.08726923765961
2.091260215387
2.09113637043438
2.09539422575353
2.08537902663691
2.0824848683002
2.08832456592233
2.09479768236111
2.08667445826809
2.10226683546378
2.08075143537919
2.07486557018943
2.07533429001583
2.07164023329749
2.04994046260997
2.04636670580467
2.03584740122025
2.02551218260429
2.01902728081624
2.01590560402845
2.0135955891083
2.00196398857701
2.00352965777455
1.99943018509417
2.00152706661509
1.99624312467422
1.98798992169193
1.97951438535702
1.96523385300722
1.96211395093004
1.95659152817897
1.96663176675688
1.97328393024161
1.9494310761686
1.95729081218147
1.94741122042082
1.94212953835805
1.93931447789587
1.93073853573468
1.91514727702714
1.88355855687313
1.85795655880694
1.84344308657171
1.82502595198506
1.81212292093904
1.809051661341
1.7879450279741
1.7859752893707
1.7769894449286
1.75198262933347
1.74652233435691
1.72534419014074
1.72162398770035
1.7160967195153
1.69906604106897
1.70429590960195
1.70941566899486
1.70293803301469
1.69216426264666
1.68931884886251
1.67258671108108
1.66765103171517
1.65163593683959
1.6449290348509
1.65123858977643
1.65789140788391
1.67721015054168
1.68693120223774
1.68500449489443
1.68397550844272
1.6889347731953
1.6906297848306
1.70094291400799
1.69070519080132
1.69157820575046
1.68158058680851
1.68220415237745
1.67437702706178
1.67302802464783
1.66538093968671
1.64782728383906
1.66425895846339
1.68007482267112
1.67615229834734
1.68528207858842
1.68754608591576
1.6877484015849
1.66497085332517
1.66435681666047
1.66647114979599
1.64957172476656
1.65174159871176
1.65555756006432
1.64426501693696
1.65299679688525
1.63235826914076
1.62437098123422
1.61483334616137
1.60237036661396
1.58327313934693
1.58053654138761
1.5786576307408
1.5850353215872
1.58230244056625
1.57179038714279
1.54629367034881
1.5350476195869
1.53496833974349
1.51937722435555
1.51320587691411
1.50977839254308
1.51911532953667
1.51971644533556
1.528508939796
1.52468652038176
1.54619483351325
1.54050770977866
1.52191019566939
1.50667186988194
1.50374474498223
1.49567074155725
1.48428066065443
1.48932484414436
1.47044816306149
1.48241028382274
1.48644743848888
1.49230668011375
1.50100956471344
1.49888135080932
1.50651245715349
1.50930135929863
1.5093126581138
1.51558927060375
1.53695792961379
1.52034701908672
1.51734304209755
1.52188443986161
1.52538296414776
1.52461052929106
1.52468899497264
1.53161839681507
1.54687051172398
1.5568638217785
1.57171888906871
1.58326430431155
1.582824094127
1.5823413222989
1.59887080153627
1.60687798746472
1.61778274352374
1.61411669604101
1.61357607433638
1.63368089094883
1.6444012282254
1.63211770374137
1.6391760021036
1.64773660515905
1.64829850126044
1.67561838921724
1.68908454393134
1.6803604668341
1.67744648504737
1.69629100199885
1.70717810668994
1.71264631577713
1.716150326846
1.74348227453199
1.7357992313127
1.75881517468052
1.77134886564921
1.78199219125262
1.78183554103183
1.77145610493307
1.77626701923026
1.77872199527559
1.77202534688785
1.76385165725723
1.76635356933821
1.78490175488012
1.79957226709596
1.81187587805128
1.8018060740527
1.7980960941811
1.79504493925528
1.8039217890988
1.80364630453305
1.80188231463428
1.81507575433565
1.81833400108384
1.82870691595584
1.83938223329112
1.84001443506641
1.83555580981629
1.8508113969843
1.84807651105116
1.85427468311556
1.85132109153838
1.84150956304723
1.83144764312756
1.82717226857654
1.82553415423316
1.81700251856999
1.81581768763912
1.82691048342573
1.84453478224989
1.86407056384879
1.86827650347944
1.86510456598068
1.8735449963062
1.86231878088693
1.87251486743586
1.86154400258473
1.8710453328997
1.87176367463332
1.87604040161214
1.85715992050512
1.86123827486708
1.8664027027122
1.87380835066063
1.88172940746919
1.88549458251604
1.88789570191745
1.88418110626282
1.87791739640061
1.87781125728528
1.8950188848116
1.8905591114771
1.89275449627589
1.89612137745967
1.90115721004278
1.90079602264216
1.90590722952813
1.92176291638695
1.919926311091
1.92109638430716
1.94980382706566
1.94319972528783
1.93326930920559
1.92259746305638
1.91495654125031
1.91051447540553
1.91647801959135
1.92814178175435
1.9419528933983
1.93532383206979
1.94278291289328
1.93722756255886
1.94313057237832
1.94661787061175
1.92786745447882
1.92386574339034
1.93780504790365
1.94782237022085
1.92969044470446
1.94069191466759
1.93889988559504
1.94453158378735
1.95871789920471
1.95321414817782
1.94911517291455
1.93413699990571
1.94814070301641
1.94634758376814
1.93348486837052
1.93420321427901
1.92101741277216
1.92357328102
1.91372397047184
1.8975686797301
1.89811209469081
1.88991479622713
1.88641090417077
1.88610280523228
1.89212909554695
1.89226923093577
1.89857510004512
1.89242581138728
1.88139612718049
1.88318279109214
1.88117363612559
1.86161773969086
1.86424962153057
1.88196512292295
1.88577567241869
1.8951888954599
1.89387392885989
1.88245891569394
1.88762680172339
1.89498762856456
1.89269958200086
1.88359657933437
1.88560750304856
1.88105184688898
1.88114563160526
1.85873045743944
1.84413089482361
1.84891624852045
1.83851508516867
1.83452234494477
1.82205707851495
1.81899772222837
1.80737559723655
1.80159641937874
1.80003170904194
1.8005319133903
1.7949206634851
1.80045281302949
1.80654408625243
1.79768651242775
1.78897665750762
1.78790100633542
1.80132631996401
1.80105296484782
1.80299275323442
1.79054603997147
1.79141517682012
1.77925118649994
1.791483313194
1.79297651434538
1.77251440222343
1.76588012236395
1.76314011718434
1.7504701081889
1.74780197360395
1.75810301831345
1.76060114496757
1.7569624534838
1.76092164129127
1.76845542148444
1.77930625174641
1.77721693859686
1.76880206311355
1.78504214824628
1.78698127217032
1.78597294230271
1.79607006333008
1.79749609356659
1.7902702178451
1.78642567376986
1.79237130860812
1.79169961994597
1.78732773066017
1.7855062914967
1.76949260302492
1.76707360743899
1.75092461078578
1.75051272413459
1.73724126697657
1.7328320867426
1.73399105575109
1.72123094706502
1.7240184274018
1.73510095837262
1.7426524800293
1.73569625454751
1.73205467177918
1.73621115794936
1.73971809819743
1.73363667279235
1.72863849040064
1.72487611513609
1.72302286653227
1.71329078546541
1.72449344392482
1.71962394089396
1.71939128003771
1.72755087456331
1.72118364929749
1.73096272202477
1.73968080558549
1.73030895320554
1.72502674838726
1.72824159498311
1.72460241814724
1.73351798489292
1.73120782270057
1.71342434745627
1.70813147659288
1.70655610197001
1.71310447824596
1.7024795234137
1.70397369052349
1.7010933711333
1.69281072040405
1.70231480795616
1.67987137793896
1.68047282097732
1.68007400415403
1.6879693198005
1.69604252312324
1.70107640445823
1.70469765856699
1.71013972544498
1.70224219188455
1.70210270038607
1.69209759103212
1.67886422828557
1.68388600155222
1.69981704670785
1.69517794296307
1.67951443940559
1.68725297095753
1.6880812602001
1.68941671815429
1.68759931430349
1.6799676910686
1.67878709622522
1.6837286267441
1.69688237205787
1.6939190672884
1.71762401367306
1.72330018511906
1.73779164904023
1.72946800656372
1.7356855601592
1.72778639321839
1.73840553901427
1.75059602330112
1.75511404139285
1.74451397160619
1.71487678948338
1.69825741995856
1.67238583603768
1.6762855910786
1.67573531915268
1.67151069521432
1.66825596487097
1.66564092660428
1.64832953556718
1.64428188047873
1.65625796637274
1.65617882592005
1.64114953155731
1.65066395577993
1.6436651035149
1.63228176358451
1.62763520804642
1.63594270668463
1.63781983454831
1.64552089193819
1.64548989912549
1.64206093689801
1.63664826938967
1.64038417509178
1.64119487816345
1.63036517006124
1.64389078131654
1.64088615144342
1.64452499379392
1.65547996456696
1.65891440183075
1.65812743359919
1.64171711966226
1.62026955680786
1.62903367911775
1.6326842915889
1.64169414110532
1.6461120200794
1.64098126180412
1.65365806669521
1.66582707703504
1.66662519210014
1.66241233703871
1.66227476750762
1.66804910852955
1.65304916217054
1.67039414697631
1.66649275371609
1.65856696406717
1.64193629269251
1.62907506120763
1.61527012891565
1.61962924294852
1.61220187670148
1.61200212647714
1.63117095134355
1.63144171118399
1.61953230783526
1.61011618231464
1.61710244588362
1.61508543150611
1.61328560890809
1.61142038876027
1.60556545986605
1.5985178300042
1.61910414169806
1.62032803019833
1.61241175005679
1.61691472621799
1.62851458323804
1.62225358159405
1.628938853038
1.62657295052702
1.62942919990366
1.63888904143336
1.63614805694132
1.62142187148111
1.61304390477791
1.60620354968029
1.59702301538836
1.60999370469059
1.62202562991196
1.61816965890558
1.6143688916544
1.62370703413203
1.61684588376739
1.60488899912951
1.59670934704715
1.61591360966692
1.60957592003098
1.61768551800747
1.60665624764631
1.59499385685411
1.61151076853217
1.61534546105886
1.63195691343654
1.63652850248457
1.63505562890815
1.64452413241464
1.64240039346673
1.6354550312441
1.63548232426988
1.64713068663121
1.65294689640661
1.6503247344191
1.6583574424342
1.66661206632858
1.67500405587856
1.6768679066382
1.69464887115933
1.69339083980463
1.69746031264869
1.71540053230585
1.72573566122026
1.74311137625004
1.74138686899051
1.74417471227821
1.75076585407815
1.74637246401131
1.75100986373788
1.75389956735137
1.75816092655793
1.76610580173012
1.77368852299098
1.77012916764998
1.75097086246817
1.73492889940162
1.74366471241045
1.72614054528596
1.73273935069941
1.72144041011535
1.7334083809478
1.76147133094979
1.76609758160168
1.7683727055886
1.78021405285331
1.78066438563742
1.79996416098553
1.80069633647823
1.80888454292527
1.81773247878167
1.81422401927546
1.82560265608866
1.82040403017337
1.80611290909305
1.82094349870259
1.83070776664158
1.8287616017846
1.85162888061255
1.8518640153072
1.85049318156509
1.86177529637527
1.86387146840295
1.87446824123623
1.87026234049311
1.86048546598116
1.85368464937763
1.84730605015152
1.86107494583191
1.87037742813989
1.87151905085329
1.876473133637
1.87132964936486
1.8733006349755
1.87738174358926
1.88649567746608
1.89335390050332
1.89651767673294
1.89045512303627
1.86924016327292
1.87463159755647
1.86769428958605
1.8799285741162
1.88897174633096
1.90046255430864
1.91305114420245
1.91103069235318
1.918201841903
1.92756690081986
1.94432131833148
1.94159691292326
1.94268747761369
1.94491047856044
1.92631504131747
1.93548404910368
1.93144054173886
1.93969232411895
1.94427216285823
1.95127555357756
1.94797549769357
1.94487097616502
1.9477760917657
1.9384496708266
1.92263009853887
1.92259546254504
1.92778794136308
1.93383535340989
1.9374961081791
1.93794340706933
1.93661134883696
1.93753686347645
1.93111477002782
1.92821346984922
1.91470084136289
1.90778656553783
1.89731825235994
1.88076293942909
1.89157714608515
1.90048341396919
1.91961067383713
1.91489284458594
1.91132704784371
1.91711513450278
1.89514365125581
1.88373995167891
1.87358543659489
1.87413988668271
1.88702495874079
1.88565491609292
1.88235328972694
1.89210578403348
1.8804650558356
1.88933586675816
1.88958734935841
1.86894548764194
1.87760084071238
1.86988827003003
1.86444239273175
1.861844839177
1.84921762061057
1.84554213083053
1.8332053718593
1.8273643148337
1.82075097120765
1.80655817387054
1.809140089716
1.79486687609702
1.78269024427093
1.77621723006803
1.76106256603493
1.75248489715533
1.74825397743237
1.75042368432021
1.74358435085008
1.72754975621525
1.72051504616266
1.70720877050818
1.69160671853803
1.69714355956772
1.70869761142202
1.71007522593069
1.70779667687704
1.69903881913793
1.69782797999723
1.70480570940797
1.69846670421749
1.69081535556014
1.6750792896564
1.66609862804094
1.66765287022707
1.66680370599458
1.65934773305083
1.65963558658405
1.65208691489465
1.66213146917059
1.65255873326343
1.64387577638947
1.64658283156903
1.65259886809376
1.62654618359385
1.62996092352696
1.63920283831734
1.63087799712409
1.62756475667288
1.63371432788001
1.61730702348197
1.62889597120675
1.61117050777259
1.62627795616585
1.62706861417907
1.62532480691738
1.62620864062026
1.63364230323073
1.63461588064587
1.64480347404901
1.67239343482296
1.68485423965082
1.68314011389012
1.67584153939726
1.66191883616876
1.64388095093145
1.62427363029802
1.63215976216098
1.63769838385057
1.6565564734493
1.65820840460403
1.66632281830705
1.67530821046976
1.68097530243774
1.68627893167806
1.68759306639902
1.67688604053216
1.69589552776154
1.69253359435128
1.70313005737447
1.70883861640276
1.71259922604494
1.71469409918465
1.71822808181851
1.72458938610058
1.7232559658173
1.7165272299121
1.71208710622831
1.70762864546255
1.70310895929205
1.70541131756323
1.71060632900774
1.7076521211044
1.69925661012524
1.70732853738928
1.69425464533264
1.68159435713923
1.67533120629343
1.69178023657904
1.68370571431381
1.69144571555908
1.69048327612164
1.67719424766181
1.67922556149433
1.68239649423954
1.69121142416923
1.69439583891551
1.69577427666373
1.69275444821655
1.68567403375636
1.67994133203073
1.67490824377618
1.69271052405588
1.68947232756765
1.69848262852266
1.70170151617645
1.69901989781036
1.69088639691839
1.69478288550961
1.70564710151694
1.72129951256219
1.71545927854665
1.72200002265814
1.7252925871186
1.7338617828629
1.74979111846166
1.75732790122701
1.76337009424268
1.7571343109137
1.76419111729378
1.78982030036892
1.7947375817755
1.80473506806044
1.81019460855666
1.82422644053588
1.83816988017194
1.84128356442786
1.85109894421787
1.85456460394472
1.86691222374225
1.86459257470748
1.86433597199597
1.86022025002645
1.86431875629155
1.85776016669215
1.86276910195392
1.87424670601658
1.86955804950587
1.86590775103784
1.85793570340788
1.86464470933061
1.87526459198971
1.86199667868493
1.8532072279227
1.85847424976958
1.85585447516736
1.87166291018144
1.86399836582595
1.86890665036244
1.86415941181493
1.86629863709952
1.86942560591415
1.86955377829103
1.86758584709519
1.86307010820705
1.86130101180844
1.86445039136847
1.85612887787989
1.85595681312076
1.83932731039164
1.84840507026244
1.85630301861394
1.85408369926961
1.84006073686303
1.84693469962289
1.84857498206404
1.8405262194861
1.85106916674796
1.84602973804499
1.83581627893129
1.83911857703502
1.84501437449399
1.82925853094682
1.82515036895162
1.81511710386293
1.81762830875026
1.81084108021602
1.80588372028873
1.80315968926534
1.81568852587429
1.8220371734838
1.81292093206848
1.81598729274765
1.82331271945789
1.82518421857721
1.8215280657666
1.83934595845599
1.85027778027314
1.83993487532337
1.84128905808131
1.84499970808898
1.84203916802985
1.84420314153429
1.83365155042858
1.82807265669668
1.83233157992019
1.84254800129667
1.85660501323579
1.85344675606166
1.86438657976375
1.86982763056483
1.86150729091811
1.86204727948899
1.85679244664755
1.86515193645015
1.8518140424196
1.84286657776308
1.82679926163532
1.82737915692056
1.81801822609457
1.80372272364248
1.79409897982435
1.80083891130798
1.79372602808292
1.79712260050635
1.8093991700284
1.80512444862009
1.81105542029577
1.80201429985072
1.7928729851838
1.76517388375556
1.77207601691639
1.77289290804227
1.77777145399052
1.7734701445066
1.75928579932945
1.74901758607807
1.75369565002308
1.75550047508314
1.75382918752426
1.7359423687948
1.72444965207285
1.7135262163641
1.7160768293718
1.70257322334683
1.70718861291866
1.70055046689502
1.71477089580433
1.72530891456342
1.73819919706946
1.73105479494487
1.73262839272474
1.72790011791739
1.73543171812047
1.73684138996517
1.72621007328532
1.73439689520156
1.72227898581082
1.71898614489613
1.70911984621117
1.69723731535061
1.68982892416238
1.69832875302575
1.7003859321582
1.69471506516866
1.69532862208057
1.69360676550692
1.69165949794581
1.69282310480807
1.68535690571415
1.69844506693777
1.71463389234472
1.72401115145931
1.72970979375412
1.7361587343747
1.72886762117843
1.72925125766236
1.72463503303447
1.71087800271234
1.70430050703583
1.69595450693532
1.6988913710248
1.71434390305725
1.70981824443286
1.71012686806085
1.72051354553091
1.71855144118524
1.71144288225289
1.70311753376614
1.69459265432084
1.67796914486626
1.65364939905428
1.65299025463419
1.65999280576122
1.65397687564749
1.64940231290635
1.64484199758318
1.62536792253399
1.62926173896245
1.62613970286043
1.62696358930744
1.63018105767133
1.652246707381
1.65673081548406
1.65287866009175
1.65844067721387
1.6565573904172
1.6404535346754
1.65485083913295
1.64016082056867
1.65358703910099
1.64469703095922
1.65823079244564
1.66398142630874
1.65922845828715
1.66201979218982
1.66025532113405
1.66923873485022
1.66633676670726
1.67601172413994
1.67772242105915
1.68409777351124
1.68634985990382
1.66937855459947
1.67867688665883
1.6720724445292
1.68850675478089
1.68970241861406
1.6985648759408
1.70292660709656
1.69683138160356
1.71053536623172
1.70893719217688
1.70078929502169
1.70174351723116
1.69472587998295
1.68524048280026
1.69220921657009
1.69720064882313
1.70680830969935
1.70764051532867
1.70147170037639
1.70400130202194
1.70850369669575
1.71869179656739
1.72602162424414
1.72454382289091
1.72016333092376
1.73063821301416
1.73241893730832
1.72906010482255
1.73649497237055
1.72045581474802
1.71625088706281
1.71750483319214
1.7018484775706
1.70295416213785
1.70578668847827
1.69582577907726
1.70677915189973
1.71059083932483
1.69768022910535
1.70230845449168
1.70421049893643
1.70851395148155
1.71641364377306
1.71184038595636
1.71076484179627
1.69982927908165
1.7123541086726
1.7281057914285
1.72605620853988
1.72582130582961
1.71815473335849
1.6959782068044
1.69905632415894
1.69993659661824
1.71120155264314
1.70910092510121
1.70199413871182
1.70968943339301
1.70857982209891
1.71773702620148
1.71536706708929
1.73385049987147
1.72332707506498
1.72545464296625
1.73155972478153
1.7391307518947
1.74306932805681
1.74326376428211
1.73963298487266
1.74756401898097
1.74732911715825
1.75171401057814
1.75039407436715
1.76135170992665
1.75908253216002
1.75276261649103
1.75010220235049
1.74276989301577
1.74067613707849
1.73259625736288
1.73567721198798
1.73056848874447
1.74062960087239
1.74654653769709
1.75097189731501
1.7507299785748
1.7622457293931
1.76994066318767
1.77374748363176
1.77304074233427
1.7635317088722
1.75974993887275
1.77251523955422
1.77690391503152
1.77393795624095
1.76681811515094
1.77745039485997
1.77325673753316
1.78567555770254
1.76827987814925
1.75088907055881
1.75591860893748
1.75883410315193
1.76760898402037
1.7507829429086
1.75936360200499
1.74958119833972
1.74221361872702
1.73453446154882
1.73920835384274
1.74754036890671
1.76101539166678
1.75613562180285
1.7355139381347
1.73546397160676
1.75230987451195
1.74330359228685
1.74157680150091
1.74395010568706
1.75194283985538
1.7517880848715
1.76302169138818
1.7693354106813
1.76291532859673
1.75162487619587
1.74643360092609
1.74058690163501
1.73988517717284
1.7315235617582
1.72675204640986
1.72954869557781
1.71783804653805
1.72126943276887
1.72703275437504
1.73016751779355
1.73718046450731
1.73661093987275
1.74419689395792
1.74640299177469
1.7325462292091
1.74069404473413
1.73651583528815
1.72873950839221
1.72106467603957
1.70820713138475
1.70700507530349
1.70708389728445
1.70218082067325
1.69030169039267
1.68323076292758
1.69223587397264
1.69058501215982
1.67165277377056
1.67008368070866
1.67008950784787
1.68797135950846
1.68349643729939
1.69594688197393
1.70642957740607
1.6964097185316
1.70049647124883
1.70640135570387
1.71426784763309
1.73873300871565
1.75576294459045
1.75673246897812
1.76636446358151
1.76887650760819
1.76523812639969
1.78543715729581
1.7945087889905
1.80930826753942
1.80554085414333
1.81245535904113
1.805542058694
1.82526521196201
1.83502587329705
1.82673708272685
1.83428899369792
1.84578268454833
1.8375755476809
1.84056939457402
1.86380037852982
1.87282594370707
1.88233011407871
1.87778997392716
1.90788001575247
1.92596373648031
1.95573821106805
1.96702090947346
1.95915595052134
1.98621794117841
1.98911463460152
2.00818184293804
2.01049145931957
2.01129819187211
2.01720120523531
2.01938112892838
2.02105347548681
2.02041984025642
2.01340203520877
2.00759466216239
2.00454643217544
2.00712414860304
2.00079796187821
1.99568619276345
1.97774825475651
1.97053067105474
1.95704558714083
1.9664787564744
1.97345929943317
1.9742117145776
1.96600522220294
1.97794029527488
1.9891986111562
1.99454375334931
1.99362942368741
1.99526270649784
1.99857222918918
2.00619780810259
1.99822970923741
1.97962294937731
2.00182649797131
1.9972425415976
1.99619041740305
1.99747432461297
1.99009225552682
1.99889102424528
2.00598843490217
1.98825459493722
1.98680310143474
2.00557689612079
2.00923987192479
2.01766261916072
1.99949337727421
1.99636898543444
2.00122735219567
1.99483967294737
2.00756696466151
1.99951795950522
2.01537416839087
2.02936974876168
2.03768700957223
2.0501677547382
2.04902149497554
2.0446892939005
2.03039804817124
2.02566158313393
2.03163623652613
2.03489952375385
2.02070448329894
2.00419916852028
2.00495161830491
2.02437673699509
2.01031816243117
2.00913748670528
2.01296261290467
2.00590188378589
2.00734598004932
2.0025065762954
2.00707298555501
2.00883295880493
1.99590680459598
2.00194256248536
2.00435597980384
1.99809481201635
1.98834766819846
1.97731821945136
1.97108304656557
1.96365078410773
1.96671633373662
1.95432181779006
1.94969646259368
1.9474742986196
1.93674165058797
1.93088636601122
1.92856865718984
1.93022001832222
1.92750558295102
1.91304941649757
1.91553072085229
1.91336128266147
1.89256628409535
1.89292400934725
1.89071403085664
1.88254056335595
1.87307795273998
1.86612107601333
1.87054830702927
1.86801303136739
1.877511927433
1.86854792782059
1.86756236684605
1.85327579291837
1.84149784156467
1.85237913041712
1.84443136897782
1.84586168141179
1.83213861737605
1.84347104935504
1.84759160691191
1.83247437229731
1.8347366289027
1.83970221682417
1.84415429665258
1.84897438369941
1.850000077385
1.85187871440317
1.85030638069988
1.84933855655724
1.85104243628069
1.84355112815001
1.8353561283921
1.84056775884401
1.84109566550303
1.85040540347748
1.85585042216409
1.87726744398165
1.8796479617211
1.86795915789352
1.86514038713517
1.86574901179913
1.8613564659436
1.84364074897428
1.83928229760038
1.82950784014857
1.84694636760827
1.82778289425284
1.81542000835664
1.81427178723716
1.8184219287056
1.8194469551613
1.79662266981831
1.78840670567182
1.77763997354017
1.78355023717368
1.79286834430433
1.77784525955711
1.7796895026208
1.75790395909685
1.7724390502909
1.76604275029566
1.75602878802574
1.74631990883865
1.73407056763273
1.73244406947306
1.7260097156715
1.72645571614022
1.72170552841578
1.70743602858735
1.70201177082831
1.70071819790896
1.70289527851473
1.71258771626984
1.71854509183115
1.71592331512914
1.7123727904253
1.70659933179705
1.70654020864557
1.70332806910956
1.71655716325156
1.72228773514305
1.72882678352061
1.71124457879959
1.71668779467487
1.72786054881294
1.72908898200534
1.72176247440143
1.72357406390367
1.73873843789863
1.72313308235725
1.73102650628426
1.7413767999831
1.72354900056239
1.71944551927148
1.72170606272291
1.71065699231673
1.70574578223542
1.69682240167112
1.70455760243706
1.72557107404907
1.73340396809476
1.74040801815643
1.74339380031073
1.75605860462737
1.76977522698298
1.77740832623574
1.79540608099534
1.80637453784299
1.8082134368621
1.82905348563354
1.84996119719655
1.866060461925
1.87028856997683
1.89214149293736
1.89120388407684
1.89284871178634
1.90809154508941
1.90616837229994
1.88653029231294
1.89058947960363
1.90850474718898
1.90694203493708
1.92520443610985
1.94830357212448
1.95116448613147
1.9651484599466
1.9716058478617
1.97458825458015
1.96854543971437
1.98381952535099
1.97330931411753
1.96992996208853
1.97263560029717
1.97248526103811
1.99512551484952
1.97814941333819
1.98764525276393
1.98280953321794
1.98284393770827
1.98045549914497
1.99591308417081
2.01546425764345
2.01669179441943
2.01499141255924
2.01329273797757
2.01182400323444
2.02227254383565
2.02948715372162
2.03879365256362
2.04785679096209
2.05231833433339
2.05377190732792
2.0629663926189
2.06897343773187
2.07167055693794
2.06845042366203
2.07641580802963
2.08341098228705
2.08129622847843
2.08208066552748
2.08561948460631
2.08509619458188
2.07454121167605
2.0653518351583
2.07026141603068
2.07816855310444
2.06599955687422
2.06494002793029
2.06269010488504
2.06047601392368
2.06624896534375
2.05270276886489
2.05065863022511
2.05011441270721
2.04226324217957
2.04143860754973
2.03934200954244
2.03533425194064
2.01540711934861
2.01560166240045
2.02518206079793
2.02046530045859
2.03157885358132
2.03784031866009
2.04619350331372
2.04466739288676
2.04882033498768
2.04461765968434
2.05046855277144
2.04232502602006
2.03468742193573
2.03302241912052
2.02781756950619
2.04227005195803
2.04254933682311
2.03186907450176
2.02721415876758
2.03741844298803
2.05253928980079
2.03481592445218
2.03527839912842
2.02869148356212
2.0291334040249
2.01764541662374
2.01416572421456
2.00993649429453
2.01158310940223
1.99744426445455
1.98496808242622
1.98212128125953
1.97916224774908
1.98379052404245
1.97654969292432
1.97107287585509
1.96656106864669
1.98436430131253
1.97334703677827
1.98475967419937
1.9877373932742
1.98582013052807
1.96352714178608
1.96106763706402
1.95824279474258
1.95944450114357
1.95021715520723
1.94468741015283
1.94798053018417
1.94781881423552
1.94593320298709
1.94340088304954
1.94788895228388
1.94159914991564
1.933276302165
1.91827574886061
1.89562654376432
1.86196051990402
1.86142262176598
1.86237871494798
1.85940491124574
1.84277572657908
1.83752295596565
1.83781785730365
1.81422229423828
1.80722989147771
1.78423927959506
1.78920603407686
1.78139198959063
1.77023920432729
1.76264001212954
1.76337050825742
1.76610635361704
1.7666784553169
1.75315309340409
1.75409295522603
1.7366531839044
1.73339937362355
1.73466722973615
1.7470305192763
1.74060322386165
1.72988795266814
1.71684896614261
1.71176929519429
1.70422993731517
1.71020189444709
1.69919222570583
1.68322619467457
1.67923381693982
1.66560416292921
1.66346092099588
1.64952420755768
1.64050096047314
1.64861127627118
1.63971706900374
1.62820504013036
1.64008155591497
1.63889685972354
1.64119645186609
1.63157569529933
1.63633497424424
1.64292113747332
1.6224535237367
1.62714475890075
1.60013536836927
1.60196581892892
1.60346058379443
1.58972647776945
1.59753339044552
1.57720776895756
1.55924452039267
1.55902173268501
1.55647964330301
1.57134560374844
1.57685912290246
1.57712901461142
1.59344339557557
1.59472794722349
1.60560182267504
1.62045737493786
1.64071354875327
1.64876248961629
1.67021622547611
1.65629892201428
1.64857852979952
1.63226826736696
1.64267329533484
1.62976474524967
1.62115610047046
1.61949699784066
1.62294046438348
1.61116847908571
1.60589528551613
1.59798973924694
1.58875223903088
1.57845343950547
1.59367283910975
1.60472014389215
1.60845979266143
1.59908781351201
1.59415501663553
1.58471087081756
1.58044651726591
1.56030472553599
1.55868588767006
1.56145339325634
1.56601053028448
1.56437827032601
1.56548094039474
1.54819215772559
1.54947624060248
1.53607059191711
1.53890266087759
1.52427965600835
1.5264632478635
1.52281959055133
1.53997015260242
1.56073553079052
1.54787896586169
1.55227346372822
1.55806579624033
1.55568145980563
1.54624096496157
1.53946127892131
1.5489740211404
1.5575917567179
1.56210357259868
1.56258142294851
1.56476726616781
1.57437553684282
1.57322639543467
1.57149325472305
1.57870706466136
1.59228342185296
1.57529409858798
1.57656150501946
1.5678078164998
1.57153555552944
1.58990057151451
1.59087002814742
1.61018344332824
1.60453451202753
1.61112050594988
1.63044188113138
1.63193733260939
1.63659883715309
1.62906279172289
1.62458886474927
1.62642118140743
1.63907345261707
1.66611657660365
1.66689302243737
1.68011267048269
1.69777354125565
1.70756369559431
1.71581478291566
1.73115354683365
1.7464895928529
1.75102974166086
1.76429913026826
1.780910556703
1.78875791148173
1.79558245053215
1.80103336454608
1.81022346399205
1.81733968587645
1.82958634356001
1.84609620895365
1.84954727951203
1.86581898678226
1.86500158088738
1.86880804674612
1.86983706484889
1.87205969290574
1.87876636261264
1.87772608869835
1.87321371727228
1.86050007801213
1.8576939997944
1.87482091457614
1.88094987151419
1.87749429805366
1.87566843271112
1.87817739138361
1.87596996993529
1.89687238849402
1.88651313672447
1.89187744617128
1.88343088326842
1.88650638313174
1.86666611396647
1.8720720925817
1.88212483780073
1.87056840731138
1.88889552160544
1.89155276559607
1.89951115732896
1.90073828293885
1.90815272513682
1.91713975168762
1.91456491243785
1.92038859898484
1.9272309834389
1.92224317745338
1.93758815080964
1.94210757768669
1.95831481175967
1.95719476911452
1.9455677923183
1.95998918921297
1.95446168887984
1.95673294377191
1.97617743691277
1.96879579202411
1.9671950233917
1.97321967903331
1.961016212626
1.98007150335363
1.98810965134778
1.97556447022805
1.9988937536828
1.98934917311878
1.99886145808872
1.99456585825171
2.00579925855777
2.02673528489138
2.05837437364914
2.06982346844164
2.08067975398481
2.08113416449348
2.10387968341481
2.11045118308986
2.11126324048065
2.12432789589343
2.13653075682329
2.14163240279535
2.14059973637655
2.1329723748982
2.1403137508903
2.14307170815628
2.16029673085391
2.16698943259452
2.15751583053608
2.15975750581485
2.16949730458217
2.17584078287196
2.16397566558733
2.17155204966454
2.174396618853
2.16502718879359
2.17292769787682
2.17868729510548
2.16787207064278
2.15365869715703
2.15127164633045
2.1402375931804
2.14392572746771
2.14457056267631
2.13228222957813
2.12676667618744
2.12312952678111
2.10276756292821
2.10363611379719
2.11182350324812
2.10548293624512
2.08555699028066
2.08508263550712
2.06856422721516
2.06307436245412
2.05827069278574
2.05435396184936
2.04983445438744
2.03899323342238
2.03473678062522
2.02913796785896
2.04712491188397
2.05182902930255
2.04000084453642
2.03261736746107
2.02132437362428
2.02666898155167
2.03551571977442
2.01848726167376
2.01707320514257
2.01106258388692
1.98025389893556
1.97312641685141
1.96176397278016
1.94020227035039
1.94240774836225
1.93354937602931
1.91785210267296
1.90941593825274
1.8987523380668
1.91606178284276
1.90393647614411
1.88484857800216
1.87634917045901
1.86621299879035
1.86254907957608
1.84400847668041
1.84551161923925
1.84665719334388
1.84353513738683
1.84516833417915
1.83178059366435
1.8187006817176
1.80592073140796
1.81015200079895
1.8008517083942
1.78931481544098
1.78417211191102
1.78171522136573
1.77497634478316
1.77657994534362
1.75175744163766
1.7440254895651
1.74998089578211
1.73273882261957
1.72901072106615
1.71941395023076
1.69812833178931
1.69365703169238
1.68491120241585
1.67313785927395
1.67045469254723
1.65071892784303
1.63647380823885
1.6398967121695
1.62473058717658
1.606322282336
1.59795370011538
1.56980643958931
1.57421390074263
1.55343553408122
1.55094364403477
1.52408356974535
1.49994026288192
1.49515777031905
1.49733383550516
1.4929358388236
1.48019222750349
1.46456454851448
1.43439943869159
1.4166186604967
1.40349350243652
1.39889289774009
1.39412964795617
1.39175562665417
1.38267640122326
1.37592137805402
1.36418886021269
1.35798283963265
1.35595529041001
1.33910412688185
1.33018669102551
1.31681647643378
1.32057723732804
1.32410668093233
1.30832263746165
1.30906136065094
1.30295435400078
1.29826505248215
1.30102728735389
1.29084904620089
1.29264317454652
1.29019659665526
1.28455253710143
1.27439354016848
1.27493493484035
1.29125035516937
1.31304563908918
1.29740631321247
1.27026470395477
1.2639130301682
1.25983054080199
1.25649423067736
1.24254544403527
1.23318244085285
1.24214580433744
1.24359795967151
1.24813228963972
1.24344919565544
1.22785371207298
1.23543436643731
1.23422569978334
1.2380344902321
1.24454794763452
1.24229536389936
1.26075177850707
1.26723885109726
1.27011267047529
1.26615208574152
1.2717467126675
1.27038913974363
1.27820150111491
1.29555518458293
1.29148565421778
1.29329499194127
1.29169042770067
1.29931585837382
1.29904286785725
1.31839864534455
1.32912378636362
1.33053341639536
1.35815519295984
1.35952175802689
1.36107928904694
1.35179923386012
1.36279185763802
1.37371184387104
1.36040362327603
1.35940455354367
1.37337828051049
1.36412181759527
1.381894565717
1.4030374187334
1.40764535488203
1.42062168265085
1.43034601510905
1.42735912190336
1.43645890828003
1.42812119749295
1.42711308772808
1.43675865769659
1.43983097501699
1.46010415170332
1.46166937059203
1.46817014692662
1.46288462711158
1.47008257570431
1.49416521403647
1.51123687310347
1.5178254862524
1.52910654019605
1.52435795672123
1.54741945087208
1.5609333848635
1.55837816781397
1.56722308879894
1.57887238726882
1.58515693609117
1.59079649678759
1.60948386536122
1.59878665073792
1.6033809429354
1.59734432232464
1.62775746007923
1.63516703976689
1.6498433473056
1.64854278800383
1.64520861188988
1.65901402832364
1.65976462415512
1.67405344158611
1.67794224456817
1.69817690433199
1.70635836606158
1.71182985267149
1.7134257982099
1.71208103273834
1.72388750572005
1.73651337534609
1.75318177112362
1.7474725319867
1.75104911658703
1.78148987954005
1.78946155971146
1.79862808893622
1.80610511926542
1.8007039320117
1.79639129100616
1.80923776525793
1.79782945061763
1.79726027062765
1.80291344751362
1.79740711502065
1.80230786749923
1.79752307889103
1.79912027391293
1.81634426312581
1.83154831360481
1.85535794227066
1.86427646943565
1.88186947660496
1.89146896313242
1.89181873417432
1.91483400491834
1.91587120548833
1.91255475148594
1.92136765992291
1.91206311865036
1.92666158029902
1.92491190613773
1.91946532276986
1.92663029866271
1.92048101730709
1.93235224725047
1.93719221268763
1.9454259903827
1.9371506540726
1.9358498431305
1.94283327446784
1.95639864382782
1.94579652239721
1.93491871951835
1.92135128041672
1.91964434862922
1.93178205841247
1.93449922973816
1.93750952518259
1.95165296270302
1.94185358370807
1.94543958579528
1.92972960736436
1.93615720667104
1.93631162512132
1.94169628544146
1.94669754276115
1.94263011988921
1.96444730294979
1.96140835215356
1.9762071980266
1.96106879328984
1.9689443429435
1.96321634618022
1.96579679316511
1.94999683530349
1.94230346960602
1.96325467972139
1.97549400896066
1.98068975427742
1.97736992233266
1.9726938217878
1.97291708654932
1.96411147942969
1.96492831025224
1.96366960093449
1.96751528897394
1.95958843649066
1.95055323912574
1.93515131974635
1.9473964241368
1.95176440171746
1.94788845158293
1.94563319931019
1.94401083063525
1.95479594640074
1.9547848122633
1.9600896854108
1.93569669748126
1.93981868368556
1.9430049994112
1.94868430770639
1.95513954724311
1.96028671981606
1.95202845250094
1.9610421156514
1.96691276522994
1.96792820814414
1.96857942457757
1.97802273153481
1.97486995034126
1.97784301773479
1.97391286949543
1.98227208239891
2.00566428263127
2.01139750636454
1.99840642050219
2.00436843239289
1.99704210138165
1.99205824207288
1.99911811902778
1.98446320737926
1.98691391442645
1.98879162548009
1.98467949009011
1.98415919152057
1.9819950365785
1.99463515108668
1.99730100521616
1.97701104211482
1.97997015675048
1.97584515038666
1.96635104065561
1.97805581499364
1.97056645313287
1.9688103760976
1.97887741194057
1.97947722211544
1.96544357837448
1.97134145280947
1.95662198765878
1.96025763309003
1.98156864247098
1.99330748245379
1.99974468499889
1.99747752569208
1.98610819679305
1.9992663641451
1.99069884972528
1.97613518681383
1.99210510592592
1.98486708248465
1.96161429550924
1.97271163983507
1.95796942646241
1.96063608081093
1.95669844595365
1.95404493080024
1.93724388931578
1.92497901610827
1.91959539215646
1.89623983184728
1.90993763564533
1.90831131147484
1.90336217045618
1.90393274199858
1.89629464917875
1.89564035141593
1.89583165255957
1.888776777734
1.89321070640157
1.86342203614075
1.8627175213923
1.87528734030937
1.86036631487532
1.84910921834796
1.85199058017701
1.83910036520424
1.82863614184843
1.83580267140446
1.82919500412545
1.8273318847311
1.82180437292457
1.83656955340792
1.85043498411553
1.8506190073679
1.85307409487682
1.85067570036485
1.85827786446295
1.8598598392865
1.87671562097458
1.88777236427809
1.89210476656717
1.9148049569681
1.90641623754475
1.90456075844496
1.89717411634231
1.90651688589895
1.88931970702505
1.90748866309566
1.90238108277924
1.89479117544488
1.89194584420924
1.90263727277123
1.89932714250532
1.89620982639261
1.9013119179335
1.9300184239798
1.92596707459954
1.93402205888424
1.94057731435669
1.94114568331167
1.95065265927068
1.95572562257492
1.94908317455407
1.95339692268452
1.97106117606716
1.96797436609914
1.96711954977101
1.96911831514666
1.98001771483086
1.97813157821477
1.9812703679885
1.97357202821911
1.96349573277217
1.94590009255951
1.9509358947644
1.95982927436656
1.95491912537364
1.95834932525673
1.96439870139666
1.96055543968901
1.95950130689908
1.98224047145059
1.99343392883089
1.98993736189599
1.9863679816762
1.98317533891127
1.97725076869694
1.97810736966697
1.97672848992977
1.97360797279781
1.97457508904691
1.96819693309948
1.95861154150992
1.97712272870757
1.97938113581883
1.98897282716822
1.98759468676713
1.9940526047973
1.99640156472642
1.99102737726537
1.98228274846058
1.97731370250128
1.96617084913246
1.98655839937775
1.99156773286411
1.97341701650288
1.96971273879728
1.9661228242472
1.9624398706208
1.96176914414633
1.96368674223325
1.94472772696411
1.94170280605799
1.9526112568014
1.96043340175637
1.95354342410094
1.95066960401657
1.94332134418551
1.93209673268364
1.91701593082188
1.90022080961389
1.89690532171877
1.89943093995965
1.89890090617876
1.89162999479135
1.87588201106748
1.87191578245207
1.86971589802202
1.8595047393476
1.85424388585034
1.84275416202582
1.84964816490773
1.85967346763693
1.84956578518315
1.8602491983973
1.85925567567857
1.86665997644265
1.86196047339438
1.87293307860715
1.86065619429724
1.86349705090868
1.86075305692683
1.86222351428979
1.85933882687289
1.8575566161803
1.86305545035907
1.85510192987296
1.85011722978651
1.84527639616043
1.82438326613977
1.79746452896786
1.79763174299148
1.80653949131658
1.79482029338124
1.79836681648194
1.79817995396013
1.78262517568422
1.77967383118646
1.77891501230337
1.78228089331647
1.77117122584509
1.76701073743783
1.76979757947273
1.77108569574226
1.75521638848873
1.74588153715619
1.74546389031754
1.73108292792436
1.72427450440785
1.71500017471309
1.71113363979062
1.71279957867539
1.7209901184974
1.72284510702467
1.72461813732349
1.72561845804858
1.72814534826621
1.71669647972473
1.7183472035674
1.70447714949902
1.71478909937047
1.70876998603049
1.69379880235678
1.69003763383697
1.70184064050964
1.70642068676034
1.70621635939186
1.71715126941248
1.70139976793645
1.67991238921741
1.69601848964128
1.69286916184729
1.6892854622718
1.68475124469715
1.67926500040259
1.67000271159786
1.66967065608854
1.67269872224156
1.67144468185092
1.69020774817839
1.68569746764219
1.68909635970682
1.67577350715425
1.67199938950044
1.68787927162519
1.70232493443798
1.69649685876301
1.69052997419505
1.68821163564742
1.69886457323707
1.70153930363648
1.71030468257049
1.7313146762009
1.74093940036432
1.73565335680893
1.7224500921192
1.7233215902954
1.73213613083196
1.74478737564488
1.73609766275545
1.7457736145682
1.74611675011092
1.7563941443022
1.75449850392449
1.76001147595653
1.76479828961231
1.75997254236858
1.75405222765789
1.75941106545985
1.77080595120432
1.76869701995522
1.76969991096932
1.77559633720422
1.76660927514637
1.75847791567809
1.75091468600803
1.75089253429634
1.74719727509541
1.7518567127542
1.7601623792358
1.76405368499748
1.77694128660858
1.77147315688202
1.78333045678278
1.78277752173858
1.78394603859803
1.78317563732806
1.77976543132339
1.78626323986984
1.77554891283017
1.76858324959185
1.76963245018408
1.75893731389282
1.76886383451076
1.78096132397032
1.78996446554558
1.77920615762623
1.79511317545501
1.80546276562304
1.81353688536687
1.81564157055872
1.82302771179503
1.82633797168198
1.83816340615183
1.85143868955779
1.85364827865126
1.86251977731658
1.87551130325861
1.88936741425336
1.89108534348829
1.9008776777094
1.90162525493021
1.88323566687819
1.88909967808907
1.9175187875612
1.93238625012768
1.93672245079283
1.95218149624892
1.9632345196651
1.9663924307172
1.95997215671996
1.96484955882818
1.97837443205241
1.98455621985779
1.98404528603532
1.97278436096624
1.9733181560255
1.96319226254191
1.99025897521775
1.99498737563084
1.99651096368112
2.0128795928064
1.99403383966066
2.00650946485092
2.0130230143047
2.03734768200983
2.0341023452529
2.02799692379908
2.02380003668277
2.02965041955144
2.02873294676695
2.03160694695742
2.03728351460033
2.0430480211937
2.03230496386442
2.02662780540908
2.02770587957165
2.04059238805996
2.02762499734181
2.02962035537893
2.02140686365208
2.02007821206017
2.01795583168494
2.01062903432161
2.01917601028375
2.01769508234787
2.02558033450669
2.02323573298268
2.02204442356806
2.02361911534176
2.02221794822196
2.02977925823788
2.05085157758897
2.05170933350039
2.05576105426102
2.05306547872628
2.05238217007466
2.05830884599688
2.05515671737298
2.03770078385763
2.05284926681424
2.05633402266379
2.04774026919086
2.0398199283664
2.03495393403829
2.04904625829936
2.06033790517627
2.05469470773984
2.0645418645856
2.05536793387565
2.06279483141155
2.06280647646768
2.06576491405792
2.07966265136035
2.06993163968334
2.0691056746261
2.07481556554831
2.05324251365179
2.05397216711061
2.03722649427031
2.0261764716953
2.03045789785682
2.02329533743787
2.01607899975393
2.00858484109408
2.02157908795752
2.01621918525556
2.0101847342674
2.00954557853137
2.00760683339456
1.99700362782911
1.993258538403
1.99190056513889
1.99398375413506
1.99281178167511
2.00285785377101
2.00700982226278
2.00412262951838
2.01194793012701
1.99990334641145
2.00086159540199
1.98857539032376
1.99254677506538
1.98983526582812
1.99038341373532
1.97709693890847
1.96961038796394
1.96287729191342
1.96650629981415
1.98179936219226
1.96377369683624
1.95874550385268
1.9621709900976
1.95724591198122
1.96088472065403
1.95402920143634
1.95809736334582
1.95255912315638
1.95192763180073
1.93924075359742
1.93002050335691
1.93121176490028
1.92423663085024
1.90698763900069
1.91683252787671
1.91200356278549
1.90612196837092
1.90950022856324
1.91253203267339
1.91753739154299
1.90068712536172
1.88815942987062
1.88259613588242
1.87264596394432
1.86123311626339
1.85405294161689
1.84262821436357
1.83754561166034
1.81718734487972
1.8102451938196
1.81342150548208
1.79988752898736
1.79566916371074
1.80397632517067
1.78434437082962
1.792084079075
1.79175824623499
1.79292848953312
1.78664664943063
1.77478938804461
1.75715323896641
1.76148498153638
1.76849146403783
1.76443310416168
1.75968998858587
1.76107534155963
1.74810575746764
1.75349298508765
1.72735243458392
1.70503403989838
1.68798413432688
1.68021883582586
1.66901007108156
1.65799629707596
1.64441983259439
1.63406625432776
1.65534703587154
1.65298821752124
1.64216672612889
1.65282555697516
1.65183411172541
1.65792943690845
1.64676505293671
1.64670867484104
1.65377884582595
1.64321505820226
1.64314876958909
1.65066085848525
1.63695216926178
1.63839982865093
1.64033552070683
1.64630495869517
1.65320572790529
1.64332991806832
1.65262898500756
1.65835588357637
1.67136995873206
1.66070264988625
1.65995547821605
1.65847242596261
1.67039153655473
1.66822413385337
1.65998157758576
1.65436984160969
1.65733507730113
1.65569513364665
1.64390334288626
1.66491800186112
1.66079289192947
1.65632621710535
1.63882361143785
1.64610445192443
1.65678213007643
1.65667243266748
1.66616725129347
1.67845836436787
1.68517630081525
1.68402985824045
1.6896026272134
1.70430587650881
1.71579032539174
1.7205365824605
1.72153945392087
1.72127608998062
1.73177223873483
1.72612838526938
1.73410243260537
1.73516103210293
1.71947800489812
1.70858835509377
1.70910471214304
1.69885148388628
1.69508943817311
1.69354586596748
1.70327515506809
1.68887756322239
1.68579139160516
1.68697281737729
1.69582000282309
1.69154663791807
1.68580411217428
1.69824608036563
1.69997437994312
1.71238837664218
1.7139717818695
1.69936658016811
1.68909759097686
1.69062954729008
1.69135332105175
1.67703068011877
1.67649149279545
1.6802331459078
1.6759970414521
1.67447236639619
1.66649994412452
1.66610836165183
1.67534179652517
1.66044734268046
1.66268449457185
1.65455593378566
1.67091730384076
1.67440937769532
1.66828201501846
1.67870093752926
1.68388689536952
1.68509870337174
1.68858568586995
1.68031732241847
1.69298377032587
1.70229478355474
1.70182053206242
1.7215896254804
1.71712993210772
1.73441697265232
1.73137206985731
1.72628735353712
1.72667898622044
1.73201885769254
1.73626817832089
1.75295388860079
1.75906083230846
1.76386070942141
1.75433821424993
1.75617201208252
1.77508223519027
1.77753455469323
1.77090259479806
1.76673450107547
1.7737674198118
1.78874555015102
1.8158566883572
1.80821838326653
1.81782395578977
1.83507292544429
1.83926508341337
1.84595421654923
1.85174368130483
1.87861598968384
1.88915968239527
1.88975771198185
1.88667090581166
1.87608188183288
1.89141411558211
1.89148602386179
1.88871211965308
1.89702878618293
1.89151504724974
1.8838958928201
1.86957655233403
1.88299892161995
1.88181223925926
1.89265523979952
1.88751948218693
1.89530518050676
1.90063318955571
1.91776800260043
1.92692477338966
1.92540291804188
1.92954360810833
1.92534005218677
1.93044710350621
1.91975387444209
1.9077223844616
1.896170140208
1.88507765279304
1.89740825701964
1.88620439631135
1.9026316487942
1.89904725078875
1.88777198634374
1.9008535819688
1.88528799755525
1.89520395789304
1.88750071988205
1.87887578176391
1.89590174983139
1.90245280602914
1.88735412362061
1.88127794336777
1.87597712423046
1.87740576655656
1.87532744939497
1.87746761313632
1.87678802610267
1.86927961848113
1.88230234001331
1.88584638223183
1.89054593840419
1.88501173172084
1.89274810259119
1.89104493592944
1.88716517984422
1.89631532248913
1.89907437655257
1.89004534021557
1.88280285880843
1.89359965552423
1.90314830350015
1.8979043043551
1.88739205859529
1.88725940674415
1.90407458837103
1.90304145463121
1.91269826767749
1.90122469580499
1.89335116930326
1.89156875710332
1.89233174209284
1.87994758981396
1.88214747950536
1.89430617586814
1.88457951935764
1.89278100517822
1.89075231608054
1.89837744466673
1.89675365111237
1.89366854378322
1.88408462911921
1.87351789218147
1.86780732716555
1.86598671911572
1.86283184873152
1.86600913606725
1.88086976487418
1.88184921125523
1.87070206125953
1.88450601627609
1.88735487781754
1.88388495889599
1.88813780353314
1.87804526957892
1.89355125860823
1.90171276695088
1.9207649930635
1.90184867714149
1.89700871094978
1.88303421108914
1.88444803286777
1.88001052786114
1.86763042823333
1.85376210752488
1.84805692431791
1.85469211310849
1.8306164463873
1.82187180224821
1.79784717872732
1.77778002751286
1.7730312251923
1.7740674282474
1.76332695963981
1.75427777809806
1.74924216813495
1.75406807741319
1.7491355209091
1.74459939779099
1.73899658355416
1.73255027905457
1.72763002233962
1.72924212523466
1.74331351442598
1.73718336386037
1.73519701370385
1.73988530849821
1.73919845430502
1.7413890040692
1.72539389916754
1.71641754459388
1.70252865604244
1.69854204434284
1.68160140514778
1.69033440550913
1.66988538277229
1.67507410065
1.67022566034973
1.67201166966323
1.67237555518591
1.67243474404198
1.67028383817061
1.69154182931389
1.66512418599299
1.66911442096073
1.65511792773352
1.65420539162537
1.66189853879382
1.65305674560174
1.64053037815003
1.6316567204259
1.64129991728269
1.62024094623707
1.61288215978573
1.60909855638081
1.61125390840525
1.61314889653272
1.6181247010911
1.60008291010102
1.58823186451634
1.59210330979185
1.56799836315775
1.55209088031236
1.53977109657492
1.53171039338686
1.51807118301069
1.51360867908785
1.5092051791548
1.49886235699149
1.48643098121491
1.48209473857294
1.47676265643687
1.48774728683366
1.4897874249498
1.49029971663018
1.46541816789717
1.46983014719337
1.46881995624057
1.47173182642293
1.47276177478286
1.4626865138011
1.45629229669518
1.46875961464175
1.46768441270576
1.46041791349378
1.44096926155113
1.41732062447864
1.4175227615519
1.40410709782881
1.40548172223583
1.37763938041525
1.36194650245974
1.36585563274187
1.3859918925709
1.37581127432502
1.36767886467951
1.35815527780583
1.3500515679797
1.33502695299415
1.32892757564434
1.35505157451837
1.34244991935661
1.34847671649972
1.35338838108167
1.35689460875241
1.35890824800889
1.37309881285842
1.36147552967038
1.3618717360388
1.36883032499127
1.3544663169472
1.37058538567846
1.37080100066844
1.38455230788697
1.39525365338035
1.39133067236132
1.38117788124217
1.3920083758631
1.37984726230124
1.38153469987266
1.35456637622011
1.361688547201
1.35139949872636
1.3443880430256
1.35343165466636
1.36761635329001
1.37815462043393
1.38536197433833
1.38689884980588
1.40321478337369
1.41059245819441
1.41016085362044
1.41401391474713
1.43223414608728
1.44547054671741
1.4476774296723
1.43240051509557
1.43785546385693
1.42024705285322
1.4338769132774
1.43196312603659
1.42134691262866
1.43736296407836
1.46708053912003
1.45390785812661
1.45726031671545
1.46735134650139
1.46683061305383
1.47632375398271
1.47617002729477
1.47298206277154
1.47709149972283
1.49316894148407
1.5004338167787
1.51576892246339
1.51915305539476
1.52243584628699
1.52489821060383
1.55112505610898
1.57593138022216
1.57572481045973
1.56872174559443
1.56883215984869
1.57192740377781
1.57562899901133
1.56001035873476
1.56964559721779
1.56063236593074
1.55670048404948
1.56613223204263
1.58848902250875
1.57554920171654
1.56631998410667
1.55643235059332
1.55145563896525
1.55265373507657
1.55763455179448
1.56171445760645
1.57245598771329
1.58129088935542
1.57771661691018
1.59517831294184
1.57657276496297
1.58739775041024
1.59666693747437
1.60243532521834
1.61028444803131
1.59451551030082
1.58924639274972
1.6008184386317
1.59991960676508
1.58688914544615
1.58324574375276
1.58623641279319
1.59248169576725
1.59654737894375
1.59627744293772
1.60897973851523
1.61384149782418
1.61663059075823
1.61734133916904
1.6378186833822
1.63886520603383
1.64516967622493
1.6573069619573
1.66347702616261
1.69116599104409
1.70333103966173
1.70348189406805
1.69830134805645
1.70838832278795
1.73232905756806
1.73298814867408
1.73888890486723
1.75590985179271
1.75665412440002
1.7579077559255
1.75318162700786
1.75544925740286
1.77282785673901
1.77454534602895
1.77710717968519
1.77841899929369
1.80206004247501
1.81522328684394
1.83274427791154
1.83481939954513
1.83793703150736
1.8383005065363
1.85217597796047
1.86047510793948
1.88396598781541
1.89745309604124
1.89507500050139
1.90282172727461
1.91872009765321
1.92407133281426
1.91275677751358
1.91708394219435
1.90264744208987
1.91762202458625
1.92193835378095
1.91850431390344
1.91912616908408
1.90915897838836
1.91753667224274
1.91587972849596
1.91969068756245
1.90170563760425
1.90390124786192
1.9037492050222
1.90955785338212
1.91874421890705
1.92513159472913
1.91207271212519
1.90821380695508
1.91242267200479
1.92162309151012
1.92796069843482
1.92238609580765
1.92264271243745
1.92560002467851
1.92720492272979
1.93201311507608
1.91588934643899
1.90656301158091
1.90342294642097
1.89397312412081
1.88507512448916
1.87026109414742
1.86838070012
1.85473109788879
1.85737501040336
1.84711418803568
1.85066314983251
1.85503976314568
1.86229774057058
1.86878417273706
1.8638690978726
1.86607307310119
1.86138232184968
1.85678836449275
1.84353119184684
1.84193474753511
1.83733525635809
1.83298556193036
1.82359981553527
1.81261942084895
1.828871421162
1.82228235659331
1.82159370558834
1.82914458416125
1.83135436621524
1.82250312066827
1.83083946083845
1.82448347841389
1.82684563819722
1.80743972862465
1.8024199986555
1.79476315070286
1.79708474964606
1.78215332906025
1.77021355840607
1.7747053166771
1.78338088557977
1.77830063909067
1.78476757309261
1.7909323827183
1.78954569586441
1.788013312746
1.78416336510785
1.79407509622311
1.79889223161349
1.78603460057782
1.75934408195869
1.77102527309504
1.7552356330252
1.75374267971725
1.74408462017081
1.73787094010435
1.74122926523508
1.74889285159807
1.7494535956391
1.75523750066288
1.75881090236851
1.74897856711323
1.74576194278975
1.7376811410509
1.74464959514487
1.73353093599259
1.74131464082415
1.73484504284289
1.73233024843116
1.71331587353287
1.71746566023681
1.71925932645951
1.7120000547407
1.71747509888869
1.70215827805417
1.680157578399
1.69067971948688
1.70461126205791
1.71218388518252
1.69609124312342
1.7030176034784
1.70611277767036
1.7159612903874
1.70844963913098
1.69888349461341
1.71788116718384
1.71997521258652
1.71792092490477
1.73184943704712
1.7380576680599
1.74750934957582
1.74319778695836
1.75248762945255
1.74824328097306
1.738545455127
1.74232968836333
1.74201666494391
1.75566365803659
1.74806597136323
1.7499839960422
1.74720405046461
1.75725273586404
1.75013927720196
1.74901974583335
1.75779323458279
1.75850092412484
1.7679450780289
1.77604310079159
1.77676693078135
1.7768142168084
1.77253844178862
1.76623440030332
1.76773207548698
1.76705266123086
1.76118804070581
1.75411869824201
1.7608083809102
1.75734299236067
1.74728742908065
1.75329986726004
1.74763728173179
1.75521054894384
1.74984351653336
1.75044680922663
1.76506359125063
1.77091159006664
1.76726465391704
1.76708717823231
1.78407172863188
1.79228475563175
1.78054445362924
1.76283470161907
1.7680171404451
1.78314709008831
1.78581873098869
1.80318064995139
1.81210407245866
1.81012710716344
1.81512887483363
1.82314383655402
1.83088312824498
1.84155812262544
1.84039237434649
1.8415957266844
1.84129543114669
1.84024892532912
1.84744460183263
1.84807697377429
1.8521319962347
1.86159915673803
1.85252583698109
1.86462680192793
1.85231223870724
1.864259291831
1.87984056286447
1.88761608131928
1.88780580910126
1.90440276493913
1.89313067330254
1.90124944929047
1.89408933666291
1.89339780010991
1.90129614781958
1.89865339040412
1.9087035445168
1.89792707058291
1.89848909342155
1.90060282191305
1.89639493644861
1.91382964266563
1.91120517006689
1.90416329167159
1.90109604499189
1.89296997811811
1.90136266627858
1.90337606735635
1.91233351666263
1.90847909120117
1.92058070033433
1.92148351264969
1.92588429201821
1.93112401657653
1.94114846305418
1.94660158196207
1.94049996186652
1.94354451893001
1.9522729416545
1.95994680399628
1.95659365282617
1.95945959739481
1.97321496752132
1.97219999077748
1.98301144647781
1.98372917201189
1.98040087904792
1.97516645003502
1.96866432740877
1.97330892409862
1.98552182331259
1.99225853513786
2.00410552480741
2.00292048265014
2.01380116066957
2.0057404867593
2.00066827256621
1.99689360745013
1.98320454125835
1.98478442439382
1.96781772160794
1.97706070440686
1.97861055802778
1.97178551286059
1.96311884508977
1.95642602096244
1.95435717897097
1.94735511422781
1.94859614767861
1.93479324234109
1.94080429991767
1.93559274400139
1.92195254529103
1.91389944727795
1.91704258290507
1.91952689392015
1.91090193770402
1.91218491467183
1.90601245669237
1.90086768106208
1.91455108812156
1.89738722120712
1.91192287714433
1.91001046204142
1.90157911150876
1.88328824662209
1.88001781013463
1.86242640829052
1.86912728973456
1.85688544029617
1.85987102643334
1.84633952190381
1.8203141728506
1.81950207611754
1.8007951360546
1.79055741030655
1.78796354918798
1.77169299502641
1.76484666805996
1.75520115610987
1.73869317927423
1.73046353021753
1.7121200344673
1.73303639986541
1.73408023425634
1.7143269581266
1.71490334237384
1.71294609233442
1.71287168539649
1.71105742614125
1.72076299109078
1.71547793829309
1.71841448054213
1.72510997369289
1.73066932686479
1.71909803748749
1.71388518107991
1.70020417933339
1.70154382515714
1.70378611054783
1.68156890468111
1.68733842972483
1.67525663801406
1.66073442286185
1.64728828880263
1.64179934260861
1.64754781854406
1.64433792247252
1.64110290861569
1.64738742524781
1.63626068418609
1.64072423995409
1.64327176608203
1.62423943951334
1.61622222613447
1.60729388254625
1.61655752968108
1.59155529417102
1.58935829712654
1.59359501895054
1.58474508215741
1.569098793317
1.56438521068169
1.56388189959764
1.56759117307491
1.57094097036443
1.55603149201206
1.54075678155003
1.54103156983566
1.53843748746482
1.52695849302618
1.5211858091148
1.52273566010352
1.51460502872291
1.52725292596984
1.5245678096715
1.52434062075064
1.51646594028671
1.50594245336195
1.50756313257101
1.50875799759464
1.5038866533934
1.48926631030544
1.48860299317194
1.49205270269299
1.49932191260853
1.49496194713677
1.48758341917385
1.48384193624816
1.48417317034389
1.4793260313764
1.46326563932115
1.46544428617806
1.47334762709419
1.49185650771596
1.4840889298621
1.4694201403042
1.44659026795469
1.44616315191149
1.43678432890989
1.46517088493209
1.47321503746844
1.46439242651317
1.47256473247677
1.4712085252324
1.47408728536275
1.47559946035364
1.49185082965104
1.48368388842233
1.48851762134121
1.49735822174221
1.50198845037064
1.52074023593708
1.53104948143913
1.52233088364299
1.52964401570785
1.5324501585297
1.51811354919785
1.51581506745233
1.52615620029351
1.5299415344525
1.52724390816381
1.53995287902687
1.5421906906249
1.55842502932691
1.56539931350799
1.5682956814291
1.56705535597144
1.58659840820057
1.59524416568819
1.60273421841846
1.60784390411479
1.62317344249856
1.63480646813251
1.63117004543826
1.64804989157129
1.6467307022836
1.64616157631624
1.64114346000156
1.64784109986967
1.64785408033068
1.66565638877581
1.67992262491699
1.67424282880722
1.68474724173201
1.70194560028162
1.71528684820918
1.72793603213251
1.72613996675746
1.73058465246333
1.71541234769004
1.71490274106954
1.71218816738942
1.72980452494672
1.73235330022044
1.72723567703278
1.73553235967015
1.73422598281342
1.74474212880365
1.76063566389359
1.76019884402164
1.76456746651266
1.77735197979395
1.7852184244031
1.78805438047422
1.78751833966096
1.78810029787216
1.802034978598
1.80381757478328
1.80692955090529
1.79948863193152
1.80436240840745
1.80281689192531
1.79466733753704
1.79002706172035
1.79693386135563
1.79083606654822
1.80710289118444
1.83057108705505
1.82929295035088
1.83660495796173
1.84285863883176
1.85405419304898
1.85339386227479
1.86661025202005
1.85472348057706
1.85957055309824
1.88767992091647
1.88445395189667
1.88309654915347
1.88394085231487
1.89994098584708
1.91572848356798
1.92794254061977
1.9215005089835
1.92879167087973
1.92127576871849
1.92750850534506
1.93539550508994
1.94844611564082
1.95124977207256
1.96210692444555
1.96184245312774
1.95989149389444
1.95715977557491
1.96945158848273
1.97543179375421
1.97577800611698
2.0008631780948
2.00989169700136
2.01020841399358
2.01554314482981
2.03988903565001
2.04046762146207
2.03649152070753
2.03666006875922
2.03531125727281
2.02799948800226
2.01295218781951
2.01901148314886
2.02910720021454
2.03954307485765
2.03685841496391
2.03497062676153
2.04720127229294
2.04842728063351
2.04597882189655
2.04048494263118
2.03246211269587
2.03889900269877
2.04700408479545
2.05085133440337
2.04537155973455
2.03943843174013
2.04150861878148
2.04824065871191
2.05960517751313
2.0506456235231
2.0614122416061
2.06104672710128
2.06396175430884
2.06151307102081
2.05574646396967
2.03266072129193
2.04706232546599
2.0330368976731
2.0407291759847
2.03502500643282
2.0288432557704
2.03790157880587
2.01767412790514
2.01733487255916
2.02729100291877
2.02412223841465
2.01123291754606
2.01909003957899
2.02311612847368
2.01462280295782
2.01265110115325
2.00086066334256
2.01041732711729
2.00135310519981
2.01060277346931
2.00735531935369
2.00865047812498
2.00958507429738
2.00405442443794
2.00721090038458
2.02549170532756
2.02953773109589
2.03112872157939
2.03666770920477
2.04445733858212
2.04300087109695
2.03792878953536
2.0323083096011
2.04000912999452
2.03972414975856
2.04027500771694
2.02589880293784
2.0267570702079
2.02254416403106
2.02501810987759
2.02951398155145
2.02271377540138
2.02523571900878
2.00997520874921
1.99493123039068
2.00625341296604
2.01784944555856
2.0087725460298
2.01568113894952
2.02346841052747
2.03172632311546
2.02915928043623
2.02125885338228
2.01934812446841
2.03549768675277
2.03832898761493
2.03813484906646
2.03132245460318
2.03329341494005
2.02309850925641
2.01997210137286
2.02512131872013
2.01706599996419
2.01116242751169
2.02347152392358
2.02341328458308
2.02678635046336
2.02909946698964
2.02183695805403
2.02707406222652
2.02838322552604
2.01946560553384
2.01109967971042
2.00063891259444
1.99377976905535
1.99402000523324
1.97550882133535
1.97374383854647
1.97680941750605
1.96997317211262
1.96987277220108
1.94560959212095
1.94239137110339
1.94398130780881
1.92595823552867
1.91908951962385
1.91832063465957
1.90575830357729
1.89141619835069
1.88460658168489
1.88764061632787
1.8844241680924
1.87202361627571
1.87467986176399
1.86334312756856
1.83405547013455
1.84605419651742
1.84572435052279
1.83220221179434
1.8240209439437
1.82520729047908
1.82652449952862
1.82897856080645
1.80556668726242
1.81074688017484
1.80943952472041
1.81182165452437
1.79673199432238
1.79156190138063
1.78706363203204
1.7956966441816
1.79437095143261
1.80589949911895
1.81127285223748
1.80523529571829
1.79739443315179
1.80797125363907
1.80508200250327
1.79978057602243
1.79107516185411
1.77992395211524
1.7564262469737
1.7635313961769
1.77418666220261
1.77750123542332
1.79171897260912
1.77781610096093
1.78628868171021
1.78918802195583
1.78731953923065
1.78395923826933
1.79843755195158
1.79450355113072
1.80100252465274
1.80303755406509
1.80424296612764
1.79178463472195
1.78386691340014
1.76987331207062
1.7691952206041
1.76325448368958
1.77533681321743
1.78818553265407
1.78147880640348
1.79070527442257
1.77400574394109
1.77923120026628
1.77199647539107
1.77606828598745
1.76562231624088
1.75701663328313
1.73113185774382
1.73399220788472
1.71121432202861
1.70882145714476
1.69149264463537
1.68183457105856
1.68053214060769
1.68696456873392
1.68560608728235
1.67352779117373
1.6654702499299
1.67479979018179
1.67191571493425
1.66351441206461
1.64744322496695
1.62514532630479
1.63146121703867
1.62438385098409
1.62397375195415
1.61047557935013
1.60188424128897
1.60270978149564
1.61036486446477
1.61895889962664
1.59818571226472
1.59408747766849
1.5896947737609
1.58195454347122
1.58451641582995
1.57874059764176
1.5862477781293
1.59205990253133
1.59015597629795
1.58248967111662
1.58301585201448
1.57680394006149
1.56340213299992
1.58600703251666
1.58028454054557
1.58753179554303
1.59044592590097
1.58776620462789
1.58352273907302
1.58835514154042
1.57936399044374
1.57923043363395
1.56903188179576
1.56689763051513
1.56497847536755
1.56683532609982
1.56312298387099
1.58684033228831
1.57401447799696
1.57307819720415
1.57430982773354
1.58593544026851
1.5889486349094
1.58127963115868
1.57291057339797
1.57067140784168
1.58529765963661
1.58997363728118
1.58913417666372
1.58819073536735
1.59496695118129
1.60205147817518
1.60948425478198
1.62006779203037
1.62625728877672
1.61836600236048
1.63078846479245
1.63885677447704
1.64628284468207
1.62372095421307
1.625795171444
1.62287612261447
1.62302624364185
1.61166552218349
1.61080901740437
1.62063201367786
1.63426104564821
1.6339177373486
1.62031517800223
1.62210881906574
1.62870170769418
1.62213483788182
1.61018744684258
1.61316161169738
1.62326694987836
1.63975812362917
1.64579568436741
1.6471227738913
1.64538873643797
1.64602247847768
1.64727831432913
1.64368202954802
1.62506018253895
1.630188366274
1.61992571883122
1.62110714950881
1.62146795444732
1.60480918347424
1.61119095968711
1.61256555160318
1.61481321334934
1.61983784582644
1.62301417274091
1.62552135703647
1.63034659908371
1.62933013808749
1.61864796239925
1.62372551706901
1.62583112499299
1.61065541420158
1.60846644857873
1.60699145492638
1.62332665909817
1.62435032851166
1.62420688869528
1.62099021883813
1.62746251306921
1.61923507798104
1.62041784539715
1.6286762157304
1.64464658096811
1.64348398300874
1.64197805297601
1.64987113041651
1.66959105421482
1.66498274787727
1.66080607116086
1.66128472546616
1.67020147331325
1.67111395339168
1.65858210978817
1.65377660770604
1.64883933944495
1.65994593573887
1.66461606640386
1.66394422575961
1.66905944893554
1.68687053129539
1.6855770742002
1.68994920315262
1.68142104468849
1.67909269822955
1.67480485555225
1.66703817155892
1.66539555797284
1.67298342566134
1.6722116619513
1.66782566295525
1.67931459623285
1.67269888419651
1.67011192274729
1.66118261720108
1.67718349080501
1.69230499297818
1.69989825536788
1.70389611635642
1.69513309380767
1.70133245250337
1.70431559518615
1.70991842536522
1.70533661384687
1.71023033860241
1.72176163897597
1.71187300230256
1.71287292067792
1.7189714495615
1.72479911243527
1.72793204611562
1.72405161576421
1.72453880387401
1.7202700526897
1.72626962795401
1.72958821775209
1.73869455992191
1.73948444543089
1.7353904758831
1.73673865493968
1.73291900605375
1.71806982534092
1.72528149854249
1.73230142161182
1.74868690476172
1.77020274397235
1.76093568416467
1.76599619732369
1.77079568005801
1.77470848063811
1.77303754188108
1.76957848003906
1.78601327992345
1.78913672270505
1.77993439223779
1.76940718075273
1.7612476121927
1.76056414512307
1.75652818531372
1.76657239189237
1.77205429681469
1.77398912368041
1.77059776913201
1.77930422334683
1.7863444769748
1.77505262850491
1.7727288214201
1.7655836783262
1.77122048687361
1.75619617794425
1.7556681198633
1.75044517324048
1.7585665276358
1.76189238798066
1.7608730433898
1.75630489408808
1.76728669579533
1.76699125620177
1.78141499143385
1.79536940955077
1.79282506595266
1.79631252889632
1.79348464702626
1.79668144995346
1.79732197917493
1.80146578840708
1.81411526141032
1.80819781133308
1.82478967023632
1.84138967649094
1.8380071877351
1.82935074342395
1.84529314379757
1.8504801662739
1.85939977430204
1.85693783777898
1.84833686770845
1.8386676687239
1.83145735378297
1.83480766712287
1.85722347251286
1.86908620652574
1.86656997384431
1.845096856958
1.85063139013809
1.85268427511274
1.86610165638969
1.85713167776918
1.85053585184786
1.85290296567353
1.84604519468048
1.85218046890342
1.85723896506683
1.86679640729413
1.86594888743587
1.85404719065868
1.87017332084852
1.87642513984334
1.87134513609794
1.88865942046537
1.88800727258668
1.8929945099578
1.90123133369537
1.89358766283681
1.88669939679815
1.88534004601455
1.89001601034291
1.8925689047896
1.88030371961419
1.89319165538747
1.89439302129233
1.89770874970876
1.87862546474426
1.88325304534807
1.89813835511289
1.89503867406601
1.89000951748085
1.88973185946718
1.89141910734202
1.90425643297047
1.92606005123204
1.92924895043263
1.92156465831277
1.893212302534
1.88689212868941
1.89677609267687
1.89843773153891
1.89988987607281
1.89639197478016
1.92562809318798
1.93503089562184
1.94627353035171
1.93577712502933
1.92327844345077
1.91055707489197
1.92372754579523
1.91227260179079
1.89843772094991
1.90630711603945
1.91087049643789
1.91329495703707
1.91058556048747
1.90520392550244
1.9142555254307
1.91363449608405
1.91693274668531
1.9258219077423
1.92470029833408
1.92024461384099
1.91010456588372
1.89530496010538
1.88313982308085
1.86925466724317
1.86137011634958
1.84153880108653
1.83716424233264
1.84079683995966
1.84937587426204
1.84466159162506
1.84472479521103
1.84217146039678
1.85088788191664
1.85586776562998
1.85392709786522
1.8363085116828
1.81998453195932
1.81884568412682
1.81106419553408
1.81173290715996
1.80769873676672
1.81603913169457
1.8187905655835
1.82066312306897
1.82479944389437
1.83456642456752
1.83963904407154
1.85687674667975
1.84098876255332
1.84121716402753
1.83258538330036
1.82076352304012
1.80236888205072
1.80959282307616
1.80963281749549
1.81148958486596
1.80570326317836
1.80195431720634
1.79633176500164
1.80306223096195
1.79434133409572
1.80403749259633
1.81693859553574
1.8174047081077
1.80985789735834
1.80790271429268
1.82508498018795
1.84068109819461
1.83948709202725
1.83828729983925
1.8469956618839
1.81140215477482
1.79967524379293
1.81324287270829
1.79537978306868
1.79782734363785
1.79759338714573
1.79083826355705
1.78645541080251
1.78643478795059
1.78136486356186
1.78095206990654
1.78452100435176
1.78857668386001
1.79173957371899
1.78621608163274
1.78485626473938
1.79352698198058
1.78301107921272
1.78508171954653
1.77462093617192
1.78015025322464
1.77517575068525
1.770136288639
1.75335423068589
1.74415376974939
1.73557939827479
1.7415945555398
1.72831735844595
1.73291893656538
1.73535842932562
1.74743000844044
1.73734256354062
1.73397214575443
1.7441223258155
1.73645869004727
1.74713237391901
1.74997344421596
1.75354910889305
1.76729872454792
1.7917829316981
1.78713876958939
1.7886052441859
1.79496237351586
1.79436133691497
1.7930252907169
1.80034065967356
1.79548989322434
1.80571266854805
1.7969944469944
1.80880517086885
1.79504215104882
1.79972931275894
1.80109719786656
1.81753391455282
1.82291152781119
1.82129063069182
1.82791309962897
1.81002962275899
1.8042367528617
1.80013756644256
1.81018869122393
1.81270752372082
1.80603148014257
1.80047414779534
1.79431598867995
1.78750842071204
1.78412682405126
1.79123200732275
1.80486841426669
1.80130372988851
1.79885189198847
1.79958960876079
1.78630320176431
1.77153260986457
1.7571672130082
1.76473177113495
1.77478198854766
1.77158908724698
1.76734561579172
1.77067746584266
1.76299322538247
1.75536500925415
1.75519335441845
1.75769963627017
1.75576523065944
1.75327150338035
1.7586143882747
1.75626185229228
1.74984509769379
1.75649088840144
1.76290494807457
1.77262263719894
1.76841143778988
1.78048434092594
1.77841102240185
1.77945082931749
1.77178095122083
1.76471925553889
1.74597145421212
1.74336612993002
1.73698837644696
1.73593199891233
1.7097742353252
1.70588349756308
1.7102744377037
1.71602966340121
1.70962142831748
1.71739170564573
1.70161851556029
1.68605688595078
1.69035368713183
1.67051495673896
1.68894187955673
1.68684929412486
1.68567547729017
1.7053403093666
1.7040517488067
1.70005793406545
1.69844983256201
1.69753598452758
1.68794783553473
1.69775695149699
1.69611476963734
1.69417499086825
1.69603410562176
1.68336598952562
1.68578218384108
1.69834631881313
1.6937281845616
1.69856505960025
1.69515252825236
1.69367753240342
1.68276856731791
1.68406114443076
1.6866001505493
1.68050519569097
1.66161173015262
1.66807018145132
1.67087541616029
1.64977366662498
1.6577698501037
1.64250894513054
1.6454585006299
1.65374243867336
1.66657280295654
1.65313110757986
1.65142349401838
1.64811765439461
1.64241441764119
1.62970282960555
1.62234669792065
1.62991395291889
1.62266265610031
1.61457953034449
1.62025362406606
1.61485335732226
1.61317756385537
1.60424287438368
1.597133671684
1.59734297150525
1.59843297673422
1.5930587376707
1.60038756683335
1.60392379629604
1.60997121359804
1.59931993909375
1.60565464263198
1.60735956026735
1.62274282529304
1.62948946627458
1.62379386147712
1.63198858336389
1.6368442897172
1.64264611697429
1.63966160970833
1.64920044824548
1.65561450944204
1.65585429057419
1.66576380636004
1.6590776903843
1.66243105057363
1.67409970213989
1.68068362773216
1.67456401614105
1.67853904940278
1.67275650317911
1.67571950009026
1.67784618172366
1.66914276913173
1.67639853517186
1.68614891814212
1.68181939071969
1.6933083195125
1.68722144726695
1.69572541757617
1.70069809483159
1.71146767888635
1.71377050156297
1.71754738558699
1.70964443378303
1.70078906817877
1.7167594615904
1.71814841936564
1.70813490594147
1.7126629866277
1.72506261934373
1.72470854591023
1.72106341246
1.71652815099298
1.71857011863332
1.71366466340487
1.72105937737809
1.71412137713217
1.72669895799483
1.74286430841878
1.75207553826175
1.7271623846777
1.73217538726993
1.72699295637144
1.73474127685907
1.75049875783343
1.75408786688228
1.74510699552095
1.74235959080479
1.75438769152942
1.74815962869643
1.75193071915208
1.76366388697256
1.76754254060332
1.75103744545027
1.75086669311851
1.74801574414389
1.73171591577652
1.72722728616004
1.72106599467937
1.72055370761205
1.7152282954529
1.7207872122963
1.72935526209218
1.73614534473534
1.7429825104874
1.72973040796289
1.71524352742036
1.69363847109241
1.69318445104347
1.7029527791321
1.72276237752936
1.72376631499915
1.7180670964223
1.71982623357356
1.71893344153532
1.71809891653233
1.71130075054761
1.71550120544214
1.71653518679729
1.72429201360558
1.7212340060866
1.71511439398929
1.72320202217107
1.7246550573264
1.71791293000153
1.73927460871159
1.74753834897706
1.75162091573992
1.76232102239037
1.77164878791391
1.77186525436283
1.76899326143076
1.76420119423118
1.7694029076449
1.7772162254808
1.77344021251804
1.77748963354537
1.78335870204837
1.79719749657521
1.78200382238087
1.78236013828071
1.77474088857933
1.78420266420766
1.79616712705101
1.77388486791759
1.78209035621187
1.76873919298239
1.76759227435436
1.76751293483545
1.75863294024661
1.76566191807067
1.75805924117547
1.76700513354274
1.7638592809268
1.76168017214714
1.75813497006709
1.76515005487686
1.75415233542817
1.74486492297986
1.74803184814405
1.74729368669252
1.73491420297397
1.73371395371329
1.71110000415755
1.71611481495102
1.71871836553897
1.72071641060088
1.73072810527853
1.70873311659933
1.71257499977848
1.69787118368889
1.70144728990657
1.69761032906179
1.68294820620361
1.6859524323656
1.6801532942486
1.67755154813509
1.67714819181423
1.68301950312359
1.66704910223173
1.65937069503624
1.6717717028582
1.68234230075182
1.67802217961468
1.67260265811154
1.67213564709788
1.67561091786692
1.68425564429295
1.67655706700786
1.6590507213233
1.64705980956466
1.65028543912184
1.65858325805392
1.65728126989051
1.66587623528222
1.67644639556171
1.66091521769738
1.65761786484903
1.64175143016714
1.6570562543103
1.65919189156527
1.67173542902108
1.6719702873641
1.66689362550556
1.67057509261526
1.66363888046694
1.67905666901654
1.67228988306103
1.6831038333764
1.6811636295654
1.68731729222421
1.68945964413381
1.68993294396006
1.70588407847069
1.71485660731419
1.71759667935998
1.71874162502808
1.72763760932471
1.72447929015663
1.73871582141937
1.74776527135316
1.75746064142785
1.76452566396933
1.77041366630262
1.77513491148433
1.76727372856161
1.78069822127424
1.77616040443176
1.76976155300452
1.76770542896438
1.77350270814972
1.77291074472324
1.76197711433802
1.76125015133978
1.75133543117503
1.75760904198855
1.76453610871984
1.76623814052594
1.76466410781463
1.77231112495137
1.75505880798995
1.75513493595273
1.76626727251959
1.77973211799213
1.78299558249263
1.77540098401358
1.75805255371415
1.75120455508806
1.73981627793298
1.74103615892132
1.74692370085195
1.74620407915304
1.75054005443976
1.75484269309616
1.76772433308928
1.77661098509463
1.77290193749299
1.778588684302
1.7844315715979
1.7884894806271
1.78197805676544
1.77969298482474
1.78604126190512
1.78328685730056
1.79727185823984
1.79557149882484
1.79477012734814
1.78669281414381
1.78534779251766
1.78921370085142
1.79314307495534
1.79348091238504
1.80967692572128
1.80233134150035
1.78779594464518
1.76497223458141
1.75695498530595
1.7596275400494
1.76905479276163
1.77189138650282
1.76367287949477
1.78809930905767
1.77956304634446
1.7869962885525
1.78775192838736
1.77894630535979
1.79027701971629
1.79302937529911
1.79152434884966
1.80554916382903
1.81589073292348
1.82166028955101
1.83096361943057
1.82354223159758
1.83784894373669
1.82808060026313
1.83637124917845
1.85477622184809
1.85923123483799
1.86319727741696
1.87579743128312
1.87811530625037
1.87305408817354
1.87070107645806
1.86567255111557
1.87184328405104
1.86380674837978
1.8799181111203
1.89450944849739
1.89069041306428
1.89575587700222
1.88567068086289
1.89606222576071
1.90197477612245
1.88411457596457
1.87025068851824
1.8774907557721
1.87811666065934
1.87540243334746
1.88490899783385
1.89801635098481
1.90355823998471
1.90333906785615
1.87910199188901
1.88005461152954
1.8768706668034
1.86879918202727
1.87694258622386
1.87407685746456
1.86725112480942
1.86846459967782
1.86899975325421
1.87697218948856
1.8804216929591
1.88775388318096
1.88907381827628
1.87551625546983
1.88023870935131
1.85754133196037
1.87055257050366
1.87504995924962
1.87521220905417
1.86226754061946
1.85420658748191
1.84481989138119
1.8472311662042
1.83445434389363
1.83157360836634
1.81861279958975
1.80779636258255
1.80539045918833
1.78716340230916
1.77452530848716
1.76975161718703
1.76607511890784
1.76738250510817
1.75788667248564
1.73359424547816
1.73615655592499
1.72938708281671
1.7122576393994
1.70354256243762
1.69950526406663
1.69047824492307
1.71549945861766
1.71781706223488
1.72895730696942
1.73144387410159
1.72101311573543
1.71937049528749
1.71011803762423
1.70484506237165
1.69220606585267
1.70059801018783
1.69468188219107
1.6874099816247
1.69102690310513
1.68457967078743
1.67735645621575
1.65869663093734
1.65226607250889
1.65461746446123
1.63832094197286
1.62517451017056
1.63133230930794
1.65414311172016
1.65787350081582
1.66959910272488
1.68060741424767
1.68711938379676
1.69578698322641
1.69426783879151
1.68854855873159
1.69286974813893
1.69726973085622
1.69912756827789
1.70215154402211
1.70500627305197
1.70786224072216
1.7008450868177
1.69579388230646
1.68462809028027
1.70037863548326
1.69484159044939
1.68391692182822
1.69345175320176
1.69072540273768
1.68426068266318
1.70039513441155
1.70822011056176
1.70628571684307
1.7135392592053
1.72335375222087
1.72901710521167
1.74563290417255
1.74498930052299
1.76796405623647
1.77518665040995
1.7794337126393
1.7727390700864
1.77010505843535
1.77657740457808
1.78157205073995
1.77072087360716
1.78986941519486
1.77618477403376
1.76814915199115
1.75611386688823
1.75210256127101
1.76377974821497
1.75523765662488
1.77383939957378
1.78734251528148
1.78670877133696
1.78733758941397
1.78315640096723
1.80167300065686
1.78698128272543
1.79471438102033
1.81098150294136
1.81712531246031
1.84987332594742
1.85558507743864
1.84968149099408
1.84714740777475
1.85072756453766
1.85546181851568
1.86058464056513
1.85599470601162
1.86110767739703
1.86585670761894
1.86169748078566
1.87198975776364
1.89034499447789
1.89744211679274
1.92704944471828
1.92805899665597
1.93306529735593
1.92921084006891
1.91776581988511
1.92874045787382
1.93479686650356
1.94210731914389
1.94165777707779
1.96160275405308
1.978163889125
1.99164140236332
1.98782484826778
1.97447437714136
1.9807091771635
1.97026594212681
1.96906089373431
1.9835864705054
1.9880004704441
2.00635606174512
2.01013131745212
2.01398930932076
2.02068193461723
2.0260373773571
2.05054969762399
2.05366063906007
2.05200142889879
2.05162825197597
2.04898992413205
2.04129285655767
2.04534914944999
2.0438528314324
2.04771038570255
2.0599683185416
2.05406847770325
2.0601172818951
2.04949915055178
2.04613824541687
2.04932236480347
2.03505983395448
2.03306645543623
2.02108359201331
2.03784623717633
2.05468596795325
2.05432687798203
2.0414675434449
2.04229794332829
2.0302915113643
2.03297742788566
2.03795011563365
2.04852026633482
2.0583762810561
2.04806957535572
2.04662388735715
2.04427186397588
2.04419952838918
2.04911591900471
2.03407818488554
2.05361083523274
2.05926388143104
2.05798966926139
2.06543726643678
2.05670737487969
2.04732671199575
2.04130928543705
2.03227508502202
2.02359764898379
2.02616175406719
2.03088703441864
2.01901443450395
2.00869301933701
2.01212348260441
1.99828735134265
1.98130804656493
1.98627625099246
1.98306899401023
1.9939739489569
2.00897492366737
2.00462969771915
2.00032256852386
1.98721520136197
1.98303714823764
1.97149979316505
1.96179509365104
1.9599404775303
1.95155212159518
1.95721100124272
1.96532417140419
1.97508847363467
1.98101403056765
1.96771752129523
1.96817780270143
1.9489075682171
1.94940213960999
1.94366034978196
1.91834535405788
1.90405767101804
1.90740095865974
1.9100871961482
1.91156420927885
1.90730615721663
1.90598533493183
1.89891622491954
1.89054646683243
1.87011362548779
1.86414236525434
1.85842119690772
1.84924975335369
1.83538143115357
1.83817729330893
1.83045619873304
1.83595728900857
1.83327636031223
1.82875648512606
1.81673059781618
1.79384928322198
1.79825859272549
1.79633652403087
1.77997124780551
1.78860543985801
1.78821976525695
1.78263999174901
1.7838906690439
1.77153492262234
1.77021545439782
1.76286870074355
1.76281088470015
1.75433512450488
1.77178525613319
1.77238068062751
1.77270405587965
1.76339712277624
1.76704406186352
1.75700052641869
1.75481739532099
1.76778493726467
1.77182807556112
1.76611811237193
1.75027541648672
1.72329067279565
1.71025905199159
1.70273032603429
1.70159684805142
1.70270611649384
1.70077709774466
1.69073759941297
1.68651742162334
1.6746017939886
1.68078863747389
1.67044391575304
1.65330595051258
1.64886033333427
1.65194792587503
1.65225762599743
1.6461882131069
1.63624194213738
1.62482559844359
1.62147804747576
1.60865035267093
1.59964258634975
1.59705204216802
1.60391028266716
1.60206417579746
1.61696207341255
1.62527917811117
1.61942400164418
1.6390306030811
1.63121547965158
1.60923928330632
1.60298252717571
1.58655270560556
1.57352151987884
1.57170455480156
1.57000008160552
1.57257539484552
1.57092828843438
1.5672118838271
1.5585667125096
1.55750629238595
1.55341341012688
1.55874107621687
1.56196761703322
1.56601390170264
1.56742794942534
1.56169333752977
1.54402516861925
1.53535982180479
1.52764330142646
1.54292172289686
1.53846266041094
1.54341607327179
1.53559736429746
1.53089358647333
1.5289376782086
1.53660490351867
1.53573899448856
1.53822242827769
1.53393413475406
1.51747921483657
1.51274809888941
1.52661247235652
1.54256048766006
1.55394456166178
1.55428608244548
1.54470956151124
1.55611649583307
1.5635439387757
1.57259831323848
1.57105519788935
1.57670466019198
1.56770003280067
1.58589886437909
1.60038443158365
1.60321252752714
1.60974044902616
1.59133454778383
1.57281076677827
1.58339750833212
1.58239669099746
1.57986978227393
1.57016329027425
1.57111390792071
1.57919257824197
1.57448611431528
1.58119940614328
1.58514994728583
1.57373628577901
1.56481726165114
1.5639769035244
1.56020670972741
1.56244856867305
1.56807875817277
1.57667346817763
1.57742257499027
1.56388143459531
1.57403208505464
1.56101120590011
1.57282599648802
1.59774602021957
1.59195842855488
1.59303606444926
1.61176475778157
1.61144698166752
1.61275579682486
1.6106332473978
1.61342351799516
1.61750627460697
1.61733569557987
1.6038708368614
1.61955666647854
1.62175648164234
1.62415260126619
1.62330587641438
1.63094593742732
1.63981673514993
1.6481552613761
1.6616054134435
1.67560925808209
1.69129140792665
1.70675600340976
1.71331941804543
1.72205772757075
1.73775431197853
1.73291867912496
1.74004431008202
