1.54109756730778
1.54102167570188
1.55813106590275
1.52330890833166
1.59600460332639
1.65107708304591
1.73506941057854
1.74859036849557
1.77737008180945
1.8206866472216
1.90548268315575
1.84924643282136
1.89295608768664
1.90405617770497
1.9348189015299
2.00185943274288
2.0271110253753
2.15443934946823
2.13594632126835
2.15334573094878
2.18358503785728
2.1756121781589
2.15499989637988
2.20389958846637
2.33692982898312
2.31853602825575
2.30253583001653
2.42549261299016
2.35403541099318
2.2946329871527
2.28837847411242
2.21989787252816
2.14833477405985
2.1743589475113
2.12836857069883
2.12446869515679
2.15074777094967
2.09824011194449
2.09572195864115
2.09808050417685
2.16237515959445
2.14596430632104
2.14023323096795
2.1732455512457
2.17639029173376
2.22571611455133
2.23657680941117
2.20516016453799
2.25266456906925
2.28182191348027
2.27438812111917
2.21792420700236
2.32529604201602
2.29956768634145
2.32106544137992
2.39818049574026
2.45784714844249
2.49191077684541
2.49932128649369
2.57721091749422
2.54756519685211
2.64972568170135
2.69038789319911
2.72874205676773
2.74012625786245
2.69628618680326
2.77976285107355
2.84214279294684
2.85362826307152
2.87350308538895
2.89976665311349
2.9125617916708
2.91655114249041
2.9269254985696
2.98748769257515
3.01981307850962
3.09931594931731
3.10510344041538
3.16349973915951
3.14305869411903
3.13003584491872
3.13391439238798
3.12802580702762
3.14684203896768
3.18349931370442
3.20047451380053
3.24873210505093
3.17928835996864
3.17892629017821
3.17772567323427
3.14441558381194
3.13854447397591
3.20296383697842
3.27425648055779
3.18585931735256
3.20828762937263
3.22244402522924
3.26608992532522
3.2022354127847
3.17420387837998
3.19645014591104
3.18994407321153
3.16152353884755
3.24508113690225
3.16468540071645
3.1466155352168
3.16818592966212
3.17574467740187
3.09150018307364
3.0881540543655
3.05850876454386
3.00120702548617
3.00392268603499
3.00297735495746
3.01629486072729
2.97688203193684
3.01509649968372
2.98917480442587
3.01796230471621
2.99080785426904
2.95570553331797
2.92886343899479
2.8957636078322
2.89992227238156
2.8815826752097
2.94748470875306
2.98422651926131
2.8845700287222
2.92014731600681
2.86115966018893
2.83322930681445
2.82519443266639
2.73450636781033
2.67188575875803
2.54413795121999
2.44967233067403
2.36916550185234
2.2945161498088
2.22843351960059
2.19706197661751
2.12373393183427
2.087981408466
2.04611161973418
1.91508115714935
1.87164999263285
1.77994170435948
1.74618410703467
1.70676552660689
1.6277511574704
1.63787634863043
1.62772206414003
1.60755168534408
1.56311625966227
1.53109659670336
1.44788852644549
1.40653178897598
1.33560111274067
1.30245639663945
1.31171369590598
1.32947703149626
1.39626274178463
1.41953536793537
1.40756155333006
1.39082591577942
1.39821678119314
1.40627136530688
1.43292804292424
1.39719312723589
1.40518157091172
1.3131835004785
1.28534390684601
1.28320699696435
1.27275887269005
1.21844540377679
1.1252563007098
1.18508665291086
1.23874236638174
1.22688340112352
1.26672831494361
1.24886958063269
1.21365263822969
1.10904199348952
1.11501427786617
1.08763766066786
1.0168024160426
1.01078504217608
1.00685015507453
0.941963806913921
0.995376159182403
0.904833505937179
0.855398674752444
0.811636509913175
0.773877694601975
0.681262639421662
0.675508211203779
0.62690245881382
0.642038562741893
0.622428396139682
0.589293370832187
0.475830355154735
0.420102086964223
0.417284182969306
0.330415857165895
0.290547812807456
0.270258254434569
0.297201062510391
0.292526587991691
0.315063408465942
0.288712295384437
0.411105301451546
0.36526458459196
0.299801690732478
0.231620680071742
0.239365445038363
0.228622160475987
0.200716541034366
0.231559785051791
0.150324975484631
0.227703266528803
0.25528760814846
0.271040275307632
0.290012158461825
0.272492962814503
0.309753391625227
0.339509930273855
0.339552476049582
0.377385174128692
0.466378789804798
0.411732443230435
0.385532977399089
0.405100183293025
0.426011866186837
0.455316930551487
0.462727121113727
0.480799715710646
0.530022495560488
0.564918667716676
0.609395314679225
0.651943297309566
0.652303278405074
0.661601352881064
0.73369181605511
0.737579994890022
0.793370668520582
0.778606027212833
0.767206244417949
0.872548129706164
0.9283308547988
0.862870435601509
0.865750522231941
0.917481486807299
0.936799339810208
1.00975792362323
1.07652425656262
1.04472618881891
1.04034974183487
1.1392952567785
1.20835373239514
1.24572278409886
1.23323709290065
1.3385889057749
1.32039524298309
1.41386075424097
1.48423285447427
1.53948604064095
1.52764075659305
1.52118347749035
1.56096000894848
1.56194646056297
1.5266726357
1.52940254596138
1.51779641229375
1.62619561225575
1.68054810385943
1.71742515284895
1.68843506246365
1.69863951420357
1.71240350248263
1.73134022381156
1.74656948277815
1.76238272367167
1.82569840269433
1.85780597422345
1.90065152779117
1.96648558982708
1.99605140762382
1.95631988204428
2.04393743321843
2.04813657521778
2.09233625263606
2.0623693940282
2.02411627583033
1.97803035595933
1.96492787444855
1.98747603917428
1.93282224255702
1.92826083058259
2.0166900910152
2.09184559525367
2.15898133053015
2.16389127740764
2.12882206402965
2.16582564543882
2.13142593411483
2.15509191423068
2.10077616086406
2.15821679824159
2.16992608503304
2.19390501587265
2.11084684603263
2.12559183619323
2.18211415317656
2.23391364751725
2.25486081238014
2.28656957649452
2.30000318713035
2.29723008467011
2.26650822315542
2.27339941640473
2.36655561150062
2.33239926233648
2.34722591030029
2.37047500368808
2.36342303551448
2.3478395136706
2.38552783687466
2.47537383141482
2.46016896099753
2.45089422573612
2.57581068202919
2.53300044144902
2.51441574286581
2.46777966248818
2.43532198497553
2.38513432725937
2.40196207386164
2.4860298692881
2.55004093400509
2.53495520438451
2.57450079965498
2.53491900069882
2.54567294435659
2.55830261467648
2.48161358099198
2.45062719001643
2.50160715630592
2.53877016847535
2.4623224893417
2.5349928067925
2.48064279679267
2.50986457658704
2.57668343114854
2.5462824605661
2.52261292017297
2.46675815259392
2.5326759228215
2.51948772992507
2.46413117364425
2.46923783331725
2.40153583623565
2.41812201118713
2.35560438696228
2.28831488852487
2.29456735118548
2.26323482251235
2.25481043539617
2.24567595889746
2.29747819043575
2.2916153789745
2.31185959903701
2.28057137415066
2.23533413337901
2.24987654600564
2.2381225513289
2.1233212038926
2.1281185653459
2.20500047943925
2.23114148045684
2.28210730395764
2.29055246054047
2.22351099629833
2.24719042559885
2.28993217547033
2.26108109155612
2.22759203901672
2.20941241898593
2.19295251803525
2.20579246461905
2.09954958790844
2.01887436685902
2.04432695957651
1.97261093629195
1.94168697826469
1.90047717695163
1.90451696527138
1.84759916821638
1.79708518303956
1.81048187305586
1.80584553839171
1.78625056127078
1.83052344209135
1.84671433057525
1.83504125929784
1.7777864277348
1.777707515713
1.81863839907451
1.79080895542865
1.79436826197471
1.73236351782026
1.72755325434129
1.67601535608829
1.73529366430474
1.75591101663064
1.66632346161045
1.61099904245452
1.58126640932782
1.5193156283435
1.52984716178364
1.55569242231567
1.56709581261981
1.55512613883391
1.578906802405
1.61638519451283
1.66018766256149
1.6510770945645
1.58716326591612
1.67736011019733
1.63827094162692
1.61264009396528
1.6468200556975
1.66697372202038
1.63065825472909
1.61256920719142
1.62652174523342
1.61450045211212
1.58101141292295
1.58885314024633
1.55359171479459
1.57554276210471
1.54789814009116
1.54711333079215
1.49266891277594
1.47535624773543
1.48373405755318
1.42398706156345
1.46385330358086
1.5130789429753
1.52850517638344
1.51212405903727
1.5133514684814
1.52228715493466
1.56126871736814
1.54482550618068
1.52242341416866
1.49027585308801
1.47902103883966
1.4189544061043
1.48022283140704
1.46036384386124
1.46177892872705
1.49239451818975
1.46343943341068
1.53296826976482
1.55939237783564
1.51527630106791
1.50425263695303
1.52094577409391
1.49582687848206
1.55151001014969
1.58046551313085
1.53779088413533
1.49867190118412
1.50420994533984
1.53267811131607
1.48316547638205
1.49832888149148
1.4711506040722
1.40881973873969
1.44562499536942
1.34838016864972
1.35946834144391
1.34918554132218
1.41111413086037
1.42427700487147
1.45462719285304
1.48485241610338
1.53341537423449
1.53270472208373
1.53854508707481
1.4870690085764
1.44087378385552
1.47887741490155
1.54092812978719
1.53024021312492
1.4763879204338
1.52885681705008
1.52250897320838
1.5482333033994
1.54262109876422
1.50726213911948
1.50712429558572
1.54425040318738
1.58879454914185
1.55493428809696
1.68003618749439
1.70856481022723
1.75933872154906
1.73012122123931
1.76857630373461
1.7378290722424
1.78214791065168
1.83521780004753
1.87001444937278
1.85178797090155
1.73076450350664
1.65710562928418
1.55321102410382
1.54871375850579
1.54255614337077
1.53999893616892
1.5324523049749
1.51739166223859
1.44124009677138
1.43685410874584
1.50807672167186
1.48488578632225
1.42844525848388
1.46339590243851
1.44221358450657
1.40132946340204
1.35924857366783
1.39172947119024
1.37833884929268
1.42092718548081
1.42237148180652
1.40202958214739
1.37888945182627
1.40671389800491
1.42304663912225
1.35266330425643
1.40485972085359
1.40386889845917
1.41271144287334
1.4402379924986
1.45226816881687
1.43658158657114
1.33174942983234
1.24057589073227
1.28717899911101
1.27542693366157
1.29522789228009
1.29630369745558
1.27221591187321
1.32289989884261
1.37659614908174
1.38673910802143
1.38017834601336
1.3756480282466
1.40186089615139
1.30293524193203
1.37487011708608
1.35215244557636
1.34198655495263
1.27528301696375
1.19729212930192
1.15224371543966
1.16061905324864
1.15813354871339
1.13209402346293
1.17619524152702
1.1715927500984
1.11951480091999
1.05216915630085
1.07596510846828
1.02868076820079
1.01156157211318
0.992957369541008
0.953885148282287
0.919394061418183
0.988192126347958
1.00932968936273
0.968662566885613
0.966181581992598
0.995096025863073
0.962955288699821
0.953028852914729
0.942401374605523
0.9465117263159
0.961266858383531
0.932650796588583
0.8456186117489
0.825301164002501
0.816146523625965
0.798137178676919
0.864373971924327
0.903286554952329
0.863206193216702
0.838300923678191
0.873607461376005
0.850916279399363
0.784792345395876
0.727167228914039
0.80717391728719
0.773118058110663
0.792876317600798
0.751211799062701
0.727327907056336
0.795274953169072
0.822986552468286
0.890396722823616
0.894143074049418
0.865297225622984
0.887530373169679
0.88092733735625
0.834402035390151
0.812686431349841
0.845748915969192
0.860595567376422
0.843271995194392
0.878617667246194
0.940950991691666
0.960907536869012
0.975572706989506
1.05767856703744
1.06664311490311
1.06365628082604
1.14969964460629
1.20056306341965
1.28009896618597
1.27624176906871
1.3091318860517
1.33833817150832
1.29960657674564
1.3102239029336
1.31995204382862
1.32405834722076
1.38621171055366
1.39777362877063
1.39890022968567
1.31315833785034
1.26700010686951
1.33270308118846
1.27513543990555
1.33176863955992
1.26748357017781
1.32796583018434
1.42622491527866
1.45303717032753
1.47470954567752
1.52260850958653
1.54725703498289
1.65169006699034
1.68008241209062
1.72443989463829
1.75925784529853
1.75168172709202
1.80481463239884
1.76760873272433
1.72516381380901
1.78057686350341
1.82317174793276
1.84830629109061
1.95313078950481
1.96863073584342
1.97237302879957
2.03140585772535
2.0660682385482
2.1382280124727
2.14747128252965
2.11741864870712
2.10110676689059
2.07899462928038
2.131623206479
2.20285318448229
2.22955241311143
2.26062289259633
2.27030017858993
2.30607338571789
2.33378243154746
2.36513350961661
2.40923977938959
2.44165491254869
2.42675382012477
2.36225841240445
2.40161920559702
2.35642500020197
2.3844249409911
2.41865168565075
2.48093084028837
2.55271515628688
2.55463189556276
2.5852853103558
2.64566832006977
2.73208561340412
2.73886186485235
2.75933192745659
2.75912400305644
2.66925132687447
2.71810644303955
2.7032116797028
2.74486494298681
2.74897098725146
2.79327809232881
2.78232658562726
2.75734009904978
2.75562827017219
2.75450145364422
2.67098427184401
2.6502983446042
2.69954606481733
2.74097697895347
2.75254033022537
2.78574540898353
2.74855535208255
2.78018817828221
2.73749043974865
2.7404515258206
2.69169728679381
2.65042451533477
2.60802007586943
2.52636928045409
2.57311414452521
2.56275984615284
2.61977345660635
2.60525049881959
2.60010920423346
2.64385227586054
2.56463571170531
2.53199395867515
2.46499840406123
2.45319807123931
2.48608613594056
2.47566117378066
2.43314890476751
2.46628160879187
2.41163878224206
2.44406977308008
2.42929015234779
2.34515618121604
2.34058134692426
2.30479251971785
2.26947417548762
2.23303154156832
2.16862230697455
2.13810644131036
2.07332468047776
2.04192274988212
2.01661450666141
1.96540866623396
1.97511012765198
1.90620102009321
1.85388294672351
1.81197992475975
1.73003677412089
1.68078702291913
1.67471172316971
1.66664643592339
1.64734824981599
1.58016268133932
1.56480251486075
1.48772122413899
1.4125436444113
1.43930462013102
1.48844773420899
1.50301386314803
1.48388172984223
1.42875032663808
1.40068243706387
1.42518992090985
1.37955073416741
1.33419461020124
1.26558042771567
1.22773606695249
1.24084454611283
1.22801601882493
1.19437033331366
1.17820965810346
1.13230966375611
1.18507322948553
1.14456735262316
1.0923076800979
1.09911823340604
1.10541412109786
0.986689888212909
1.00505400306198
1.04912490089411
0.988533901206525
0.942095355930173
0.952256068177421
0.854572790092946
0.925172143545735
0.831195272565141
0.873848421514009
0.867919762541954
0.859355162624077
0.864631506059222
0.88224311873674
0.87711077412186
0.914383325204936
1.03786965607917
1.07249967386131
1.04019810828037
1.00183571793121
0.929686569227727
0.857994136134791
0.755289823461577
0.80745338591415
0.830718062505696
0.891578585590567
0.910389912053496
0.962135566379851
1.01058172255205
1.04019164597385
1.03527288807087
1.05950900349266
1.02492442696549
1.10492789946978
1.10230062283869
1.13236491267929
1.17654097239594
1.18506651989657
1.19934507776362
1.22652516534117
1.25837150090236
1.25601575661579
1.22428239965616
1.20158532719466
1.18508831379503
1.16736150729002
1.18858644533012
1.22865040464588
1.24889056412418
1.20030220167435
1.23269765835126
1.18054796874076
1.14873960230162
1.11080361868367
1.19683259727707
1.18875204412004
1.20229267848436
1.19162511430872
1.14912024921441
1.14789804833706
1.15939278891977
1.22730876018613
1.23604863307269
1.26013226918976
1.24968570447627
1.23874643873342
1.22302221319525
1.20184960417684
1.26726884762797
1.2426085743649
1.30123821108662
1.31218033029257
1.28748969889985
1.25852279265649
1.297349350366
1.32119207815768
1.37804136292648
1.38496801743848
1.41308228533486
1.41232180149035
1.46123847433723
1.53557036417238
1.5815842267611
1.63740889768908
1.59562451829844
1.62210512547782
1.71828189241052
1.75209981973808
1.78229998547801
1.79420964831469
1.86700271986646
1.93066089185324
1.93843179600927
1.93958508287283
1.96745845574808
2.04649199319935
2.06501580020142
2.07008843075681
2.07867148910073
2.13138626507726
2.11130371436437
2.11855093036504
2.17155936148136
2.14327990148319
2.11258572915175
2.07467576373258
2.09207730860294
2.15827912309825
2.10649564765228
2.10541316594028
2.11518693482503
2.09410167444458
2.16318578506482
2.12007786022367
2.1739107163878
2.16949918711179
2.16658031995515
2.17438414088488
2.17747435190677
2.20788834700277
2.20702021387816
2.22485720106296
2.24081627798899
2.22551289791092
2.21444224069064
2.13567703667668
2.16995379653509
2.18185601153682
2.16888519142893
2.12358325349871
2.16237681717785
2.1681825503164
2.11623517550692
2.16999232201169
2.16228798893406
2.10114349053413
2.1369386277597
2.16597919146807
2.09418517505463
2.09708488641651
2.06090848104804
2.06654400172729
2.03641542100806
2.0233943434296
2.01243023900582
2.06805798458616
2.11076123562715
2.06476364131245
2.09339749092645
2.10569619065698
2.09928172788701
2.0601844710754
2.13287651883961
2.16901091007193
2.12716541582538
2.12791104785076
2.15437898453179
2.14876512881674
2.15914983368232
2.11646040603115
2.07468942806725
2.0843705654225
2.14260936397641
2.18156790999978
2.14990838693963
2.20249803917735
2.24026660590242
2.20613024100402
2.21081302794253
2.20854801378331
2.27763599516184
2.21799267609043
2.16326737084505
2.09515859904396
2.1074943925249
2.06677572864513
2.01460709498465
1.96624046512521
2.00109582566908
1.96402300102641
1.97770522443145
1.99821957535715
1.97913479380833
2.00773320771245
1.95099525520524
1.91666842486114
1.82455327086188
1.82645595561955
1.85843492711779
1.85192335230619
1.85888252298106
1.76371707106532
1.70775016380307
1.73720791280507
1.74333451992694
1.73916538165669
1.64073437337395
1.59199323424702
1.52709152949607
1.5339412785342
1.46034522598773
1.47824235185493
1.48464023676087
1.52767938627697
1.58272248529764
1.61809707955835
1.58549379181227
1.58135865190877
1.55123750280497
1.60808610797089
1.58042438615307
1.53652432719684
1.60168698769567
1.53994761798399
1.52989673380992
1.50268713223732
1.43216793920604
1.3968902387605
1.42125255400061
1.43087332706729
1.41355936753392
1.4189691609771
1.39090238166396
1.3619998700225
1.35045038952232
1.30332579416413
1.37287039171822
1.43399274392755
1.48748935141331
1.49721021143327
1.50774435736094
1.50009190780276
1.50201950803679
1.46957822995449
1.42705274593621
1.39209052022583
1.35498762028576
1.38552346317549
1.42890876779032
1.38558102096292
1.40853519820544
1.44536652793517
1.42147330249177
1.37549756646142
1.33002982399758
1.29371600975912
1.22259135548131
1.11738990884494
1.09980891919866
1.10811718316697
1.09039827543424
1.06367715941532
1.06230766364676
1.00918554084317
1.0313342293147
1.01212641413064
0.996827441548691
1.01385195695777
1.12884447859922
1.14284001643954
1.12684036488304
1.14336275631608
1.1466372424799
1.0545172227897
1.13067689560887
1.05639941878101
1.10634419430285
1.04522542176113
1.11415845126277
1.14531170869694
1.11990475292605
1.12000798512644
1.10906933865293
1.15232837272998
1.1459234384318
1.18719983812723
1.19524674848668
1.24071278789552
1.25236577385431
1.18081622755366
1.23029444037239
1.19856518038429
1.27644738748091
1.30336626741903
1.32141176235128
1.33982472730907
1.29706529008086
1.37186441101849
1.36443201912327
1.31154943751311
1.31672521045331
1.28814778116441
1.26680724547892
1.31621793632047
1.33852668403996
1.37830565482629
1.39339128238616
1.37699190052406
1.37578345413012
1.40522659542104
1.44742586446232
1.51575057113493
1.54254488146278
1.50516842228789
1.5453720301333
1.52748278938844
1.53793903546711
1.57114036477318
1.51711466355682
1.51386094250939
1.53588960693822
1.47791509612124
1.48404469970302
1.50003662201991
1.46485473921198
1.54041159798334
1.58050708431121
1.4888516592586
1.53089200579883
1.54867460045251
1.57186490221043
1.60708735980515
1.59434633371601
1.58408410199998
1.53750100546264
1.60758675582558
1.69773439914698
1.70195498484555
1.7150689429344
1.67783555947597
1.59757495275109
1.60792796424142
1.60586890720652
1.67593332816242
1.66348482719512
1.60704373816309
1.63693284311272
1.61766512266413
1.66523773818765
1.65038952683717
1.75557863812035
1.71794344639839
1.72952339739596
1.75777054505744
1.82118295782341
1.83824440881663
1.84940122714937
1.8474763565145
1.88087793055651
1.89184752627422
1.92866663960581
1.93273170722294
1.96939323108997
1.96401647600454
1.949898467351
1.93707628288499
1.92633918678861
1.88001087215648
1.85840194315483
1.83031597536215
1.78535916435351
1.85002966221895
1.86668779732975
1.88984505879125
1.85866088777801
1.88134745793952
1.9042204885756
1.928660558109
1.92254189651215
1.87685280156994
1.85598993653453
1.87586876392341
1.87371893801498
1.83755226560969
1.81339018545794
1.84958233440875
1.83023139119843
1.85169650812336
1.75357292310918
1.67364410878768
1.69253190149539
1.68416849678919
1.7386979180763
1.65132159638339
1.64305727256227
1.59644734984852
1.54820926284138
1.5124610097787
1.49627901843391
1.50801939405379
1.51881215510639
1.47829748849655
1.37740882108262
1.32453382062018
1.41063070490142
1.33085402015153
1.31015629435478
1.3176058818686
1.34192763051468
1.33505404584059
1.38584111813606
1.42379561078336
1.39462162898323
1.33522619465459
1.30866101144281
1.27812021803039
1.2906326746806
1.26240057924679
1.26597363513419
1.29047013535888
1.24116065688861
1.24128313738373
1.25817999794655
1.26711264143909
1.31533486046423
1.29132153146975
1.30571413365702
1.29049926767307
1.22450537481306
1.25212140957368
1.22488530867936
1.16581051944686
1.1409678978117
1.09936597446866
1.06623484459565
1.0720266353436
1.04148584440515
0.976329578093672
0.95327894270251
0.975637341352161
0.956642150390502
0.89780399566216
0.893542070805321
0.862125172246455
0.945519630608257
0.912452467350938
0.998190221250799
1.0546458061393
0.987008693512283
1.00988250297141
1.01686895239526
1.07257170465469
1.16667780657932
1.22298622066844
1.20268559773884
1.2258022836354
1.24823347067399
1.24149614797159
1.34612248478968
1.39051914645129
1.45163166681162
1.43781843861291
1.47263911141175
1.46140452137463
1.54556848026415
1.57438798368804
1.57063312345734
1.59418409697614
1.63452323005146
1.5937761023787
1.62290115945748
1.74589570240109
1.78148971934818
1.82856536879582
1.8240618450158
1.96706315309033
2.04353816773918
2.18826220598126
2.2593849162982
2.24473411796974
2.38620285905245
2.39630287208466
2.49184161585933
2.52332415988961
2.52477018379719
2.54613400603266
2.57353000717862
2.58276060779465
2.5836055415514
2.55289898170969
2.53553207889139
2.54560046183162
2.55420734844836
2.52579936391024
2.54158106480313
2.46043853639089
2.4265258651675
2.3845445581587
2.43499404948513
2.48001468127375
2.48013940545817
2.43986701145022
2.48062627845003
2.54704813240104
2.57993398075498
2.60379521598559
2.63040745557413
2.63833333095182
2.68516569124276
2.64386883586454
2.58853895656463
2.67447299680637
2.64184220313575
2.66316440740744
2.67892838109562
2.6520865649942
2.68603922693556
2.72275655219939
2.64874456101621
2.64550045517656
2.75086942336466
2.75913519889878
2.81044358370528
2.72762187833996
2.71936360003006
2.75491671396374
2.73207072464671
2.78215762310271
2.73022281330401
2.76718298572627
2.81977311894561
2.88232395843945
2.94788774240982
2.93856841834716
2.91691682846467
2.86375092477501
2.85016632380772
2.88217721219681
2.88616242726947
2.8571983372147
2.80510502966075
2.80448931234712
2.89179204926686
2.8285343679814
2.85238129275674
2.88617453879466
2.87245074658995
2.8664649796214
2.810985455086
2.85258402493474
2.86272722578749
2.83103025144875
2.81954277150902
2.82758050844015
2.78783452971389
2.74813473544102
2.72859802193787
2.69092190058787
2.6646536293946
2.66935004404953
2.61466033548823
2.61626546204118
2.61768290921341
2.56945824696355
2.54134835071889
2.51670066720265
2.5234252912495
2.51908494273489
2.46063715740535
2.48357928459092
2.48067117177899
2.38504638511118
2.38452188878163
2.37766747387024
2.3408043219687
2.3169505965413
2.27042941717551
2.27340842740895
2.26216765223564
2.30827853600996
2.25456237993926
2.2282467392679
2.17812686289655
2.10674263961914
2.13786119096565
2.1242697126198
2.15103979229042
2.08562530129845
2.14296541834925
2.17385230385841
2.10966194910604
2.10790497476231
2.10013973426803
2.1025675397049
2.09733669793099
2.11001780639756
2.10309379953866
2.05630825985189
2.04333479240215
2.02058522289548
1.9843354942147
1.94297138708536
1.92904872678437
1.89909468758924
1.91529118516682
1.93749648655849
1.99290694507882
1.9949223230406
1.92695046421788
1.88770594165148
1.89331818688709
1.90443356832738
1.81925560143163
1.77438409280238
1.73170250939137
1.77251649857513
1.64862450550981
1.58941597721264
1.55849189848922
1.55070125483765
1.55920837530733
1.45906635539186
1.38952573683116
1.35123940100449
1.38122759431714
1.42341302431273
1.34701469410261
1.32124372767947
1.24709001903721
1.29578164999636
1.26618096596525
1.2302454652734
1.18734690552979
1.11137573470118
1.07579051766427
1.04407974281356
1.03063686498824
1.01418643438002
0.945542407583992
0.898752282453329
0.886585522910647
0.884021289504274
0.924282456949326
0.942638743990812
0.931015614732099
0.909106090270572
0.871681066969084
0.864453630668646
0.867367664914794
0.912619553486426
0.918007158070216
0.94200997265299
0.861882205825069
0.885326783731068
0.934875727277936
0.950504819243827
0.921419280290516
0.928999776143665
0.978977905329052
0.931030505976358
0.971848414595025
1.02276444857841
0.937779520739873
0.898195522627836
0.939757463665195
0.881143614942166
0.858753025586137
0.83993878183804
0.872633734517445
0.977660102938348
1.01164501223009
1.07606912578795
1.09231199862305
1.14047463444801
1.21162727641322
1.22754075750637
1.29693362940878
1.33855180794703
1.35257778115357
1.45186458620452
1.55805653006531
1.60980166434171
1.63747707103661
1.73402101982217
1.72998377522066
1.74778615729625
1.79435159406505
1.78907559827832
1.70766981003513
1.7422851843756
1.82148578011387
1.79822444169477
1.91001828247031
2.0350485391545
2.07272260695333
2.14358862127127
2.17950648653916
2.19963613225145
2.17952261271197
2.25833570124186
2.23749708433843
2.22869368752406
2.24475279743184
2.24973947488092
2.34408240356536
2.28953226194373
2.33377389577253
2.32655182350884
2.3074335294348
2.31980177848738
2.39480469502683
2.48765441644072
2.50729513171359
2.54489216836977
2.55458690790109
2.56762234471985
2.63246126889708
2.67294024113392
2.72228158846611
2.74338479397561
2.76785631200529
2.77148545783208
2.81735085413041
2.84063260265392
2.86510567967034
2.85867388903352
2.90742825094732
2.97411855070714
3.01169262598635
3.02325860171915
3.04501345015702
3.04500054467373
3.02259614929517
2.98599307622935
3.00829841304668
3.07260156225679
3.0297317855016
3.04554560967671
3.01655065232783
3.03533632330963
3.08954424648275
3.03156092674569
3.02481726475067
3.0133899421418
2.97948588639303
2.98579731011539
2.95939903084111
2.95860361548259
2.85924832806447
2.85104801186303
2.88061658287527
2.86644853731819
2.92613525512725
2.96754956759129
3.01321741173453
3.01588551606394
3.00294392703353
2.98143793191957
3.0309631143273
2.9973868486857
2.97071814051191
2.96440131531875
2.96129558333722
3.04034370429118
3.02811676772097
3.00460957048791
2.99929137752799
3.02485345549755
3.09118716259752
2.98139030857529
2.97856873936866
2.9367827354604
2.92611190341211
2.90193815440101
2.88263680435316
2.90797469111493
2.90742302830855
2.84845128014531
2.81512828114928
2.78567474882834
2.80207478157631
2.8347648469528
2.80848611095517
2.77903283182454
2.7483016343664
2.82489036051661
2.77859723828371
2.8001127968574
2.80295957216874
2.77759491095026
2.64675936340302
2.60660207258895
2.58070402571998
2.54882121427324
2.53369279302297
2.51400713856329
2.55505892455551
2.53263023714052
2.54758429433776
2.54871087268684
2.57595742864733
2.5428091977192
2.5246877004778
2.46460892140594
2.35671065845224
2.20713010186948
2.22296488225501
2.19694690692591
2.16567870335907
2.08451907513824
2.08072374170011
2.07949419334375
1.97019681001757
1.96204998892209
1.88565133371141
1.91534932066132
1.87077376698538
1.80326301686347
1.78077008219733
1.79639450413588
1.83223033450504
1.84225568407462
1.79639779933347
1.79762754663214
1.72888237072799
1.72780295192319
1.74727090120615
1.7647584357295
1.71172922647833
1.67511960310648
1.60260957714503
1.56144414976516
1.52929783832143
1.57683536903818
1.53599797672299
1.43900316915521
1.41560764148635
1.34111953367154
1.3386888562934
1.27381811603704
1.21060281013666
1.25332369472042
1.21890966084552
1.16250217523465
1.18839653954617
1.206837999612
1.2407188725194
1.20483440169743
1.2287368615272
1.23469170273496
1.13464243292276
1.13618734023389
1.02023572926526
1.01083659687653
1.01089208240427
0.944907729701596
0.984462235154386
0.898261380562059
0.818484833704442
0.832522898733416
0.821897294586438
0.859021114239155
0.880967532770796
0.869388005578358
0.928411406280399
0.917996544830995
0.961653310673968
1.03714354412636
1.12192734275405
1.16072484731799
1.24493559817183
1.14797285726362
1.10925847369133
1.01717641049093
1.0691166989705
0.998011930710835
0.940724988994726
0.910651592225575
0.91434081224253
0.860732221587334
0.812219203297577
0.798782184071176
0.775245764330409
0.721248500308239
0.800464979632769
0.850479764357243
0.880194582925691
0.840158482211536
0.836972490339344
0.812783865088438
0.76815329908747
0.677991710776513
0.665318828452954
0.691638140050861
0.720875270947671
0.711869180349138
0.681702116249608
0.617804338308725
0.614036700570838
0.564027873605269
0.577745394944951
0.54700884649283
0.549491738115425
0.510771977801099
0.606822261209695
0.681309412569411
0.616942304164395
0.633924274466371
0.664449106338331
0.657618076545959
0.593841759284722
0.570782676202294
0.618867589806132
0.649302978408387
0.694124585673937
0.675773521366816
0.68381738108805
0.710689268361357
0.697838348557262
0.699073451330102
0.714520115306207
0.778741353909047
0.677492090807546
0.650569140248281
0.622008766328421
0.63244167709795
0.703290674995775
0.737044818764893
0.803417851912503
0.778503101088629
0.826332364864207
0.87700862417325
0.906734982038915
0.905589318771913
0.88334690620297
0.858191473594082
0.83097255262722
0.838834269766039
0.943338212753773
0.916553652492267
0.977047467288392
1.00420133701451
1.0446746278527
1.07116842052855
1.10498728885623
1.14208751442408
1.14630897850302
1.19322887690453
1.30156057022853
1.3196657452758
1.35468896758008
1.34748943913373
1.37991691519679
1.43238085365746
1.48583385287767
1.53539323443086
1.54733704227295
1.64685194395131
1.62771622856817
1.64327785278851
1.65927920135977
1.63693223672608
1.64996935632325
1.65192730493728
1.65093612207599
1.59289006062169
1.58566189660034
1.67034239953153
1.70532836837726
1.70878437063497
1.68816653999507
1.69061104927078
1.71073271587566
1.80982382927328
1.75269346939348
1.77947265508136
1.77045582161544
1.76755450836326
1.6958058764887
1.72522975831972
1.78352818678015
1.71455292014441
1.79641930264556
1.82954733402732
1.86875787735562
1.87100008935389
1.87467009804521
1.91592492424751
1.91406599554308
1.94011795345787
1.97832659846089
1.94120280136344
2.00449888419099
2.04132345815339
2.11393770312268
2.11740541334736
2.10984502030899
2.18809864456918
2.16256400571029
2.22423587276015
2.31291192619193
2.29708825847877
2.30730898329507
2.33893106501347
2.30040199624603
2.36165026448857
2.41503875307991
2.36374812431041
2.47669614950706
2.44209612165496
2.49122201651444
2.49707060938971
2.54733991475103
2.64994557589658
2.80358817209711
2.83843347709078
2.91312349190732
2.9185810541594
3.04389977494516
3.05789620276331
3.07010608016226
3.14834082739189
3.20548078313577
3.23717778040698
3.23593522340423
3.18180608402799
3.25280307136963
3.28053620278855
3.35188135527393
3.41149036538404
3.3768206882528
3.39338408906322
3.4673941283008
3.50547397551992
3.45308455382617
3.51366780052342
3.54074296475179
3.53144498287617
3.59192920087907
3.62123275964528
3.59352728337195
3.55588715632523
3.56040683110591
3.5636584171215
3.5628034023111
3.58958683216522
3.53670560010358
3.56474752816112
3.58170916521356
3.49826587465749
3.49564026222219
3.55610216654476
3.54941799507983
3.49035197101205
3.53390009124512
3.50240436887674
3.48680551097095
3.46432977607148
3.46759629732123
3.43658594435185
3.40605901637195
3.39221370305367
3.38979684242614
3.48444176335003
3.50867417859021
3.49398353343793
3.4776958193943
3.4424948708578
3.47109896711729
3.49677189482424
3.44816858138837
3.43913246986804
3.41666955183594
3.28526607046195
3.2413208723621
3.21000716360727
3.10204948861529
3.10904915860596
3.07359847919628
3.01486046736703
2.96621893016683
2.90927943137137
2.94988692850389
2.91858510573616
2.88115261885197
2.83226072452388
2.79883062827819
2.77713743526202
2.71897527780653
2.73705212610492
2.7232972857336
2.68509000772079
2.68153528635071
2.61366184801534
2.575562828601
2.48721741710054
2.51469950952325
2.47299649978589
2.3931855991377
2.36177783631556
2.33049604523352
2.29131104350805
2.30645826259446
2.18637808308739
2.12983258170243
2.14714597874453
2.04780636789508
2.00332953695445
1.959832410162
1.84469528471866
1.81435351251158
1.76818542005795
1.69970576203517
1.65275061452603
1.55071459766918
1.4802850589105
1.45997494611967
1.39531396224892
1.32066189377538
1.3032371199762
1.15139470604282
1.16634620924794
1.08553804711963
1.07788931651828
0.927757855319319
0.825048940035714
0.792840920687775
0.766639864957977
0.727451654232337
0.649382964686281
0.567246103489564
0.430293419702951
0.340374700974788
0.299039027546367
0.276426002014073
0.23944173118103
0.226975241548953
0.161963969877675
0.12671940977842
0.0554871201818326
0.0125224249422684
-0.0125340898575261
-0.124537771799385
-0.190336923173812
-0.257224186083811
-0.255750649407937
-0.242884889088048
-0.343888142320008
-0.372418744565916
-0.387078503080217
-0.403172369241788
-0.405506161553092
-0.457535617868164
-0.44589421394757
-0.478297115562528
-0.480790610972355
-0.521739789763502
-0.510120764128093
-0.465341833391257
-0.38898091257419
-0.480771377380684
-0.604260975965887
-0.630345969316344
-0.651110683864874
-0.659418483509125
-0.734469819408787
-0.790024497031934
-0.780905386946841
-0.78296449713711
-0.775697955575353
-0.78657911188051
-0.855433934879325
-0.825695517113056
-0.861124707997441
-0.869573043478591
-0.82634846574487
-0.832787621335679
-0.787978894054843
-0.765070923547762
-0.769995770876983
-0.778813650981853
-0.728129118225655
-0.734524067341626
-0.698789932246845
-0.601934587678186
-0.61237741869026
-0.592804063353972
-0.580509289274451
-0.541265079301257
-0.521547785532957
-0.430301360002333
-0.385632102143465
-0.39437855646636
-0.302979884544215
-0.299919945321323
-0.304749389089607
-0.362764572318378
-0.286138518757589
-0.277287719262907
-0.328794422588869
-0.313938745197919
-0.236814419066165
-0.262065764682574
-0.190684408996436
-0.0887111980166688
-0.0542651490015444
0.0098667051803982
0.0761992822641043
0.0603545067174731
0.112414857016889
0.065061516512098
0.0778250657741077
0.127354633900779
0.14063988249102
0.226773635983426
0.245252462619026
0.301950615681504
0.301504502749736
0.335252107057978
0.452484509757157
0.535533840862483
0.57016407515672
0.605046642096353
0.596801643062497
0.708408198342176
0.802595293436613
0.775054840889027
0.824527974705429
0.883860177203041
0.919385816194541
0.957249525487848
1.01167348641718
0.961942677604964
0.975616532685568
0.968171117557014
1.08378305519708
1.12266994178802
1.19937475156324
1.22637750495869
1.23344493245503
1.25950756848625
1.24613819305679
1.31192988539354
1.3405413957695
1.4328940221429
1.46509675064949
1.50197987608732
1.49889118542474
1.51301220399063
1.5583042850459
1.63362073477841
1.72916637544389
1.71901451040467
1.71814251359425
1.84470483282218
1.88157837754699
1.93083218277356
1.95643167407421
1.90441710228732
1.89138842904774
1.93243238213118
1.89883383466692
1.89453671582576
1.90944135983855
1.86255009135861
1.87264658226588
1.8384336924295
1.84550114028378
1.90578944351686
1.98058845338156
2.08535223966517
2.12798364753274
2.20266980002275
2.26082762998662
2.2520694591359
2.36447006674864
2.3767717308173
2.32645747279562
2.35365796435608
2.35317074026818
2.39997566164904
2.39006039579285
2.36370783095377
2.38378583952012
2.36004327289802
2.43035054582936
2.44346736758378
2.49431798803284
2.45441100966357
2.45382404907075
2.46258328336785
2.51044119520439
2.49362775452627
2.44540020409402
2.38891870249291
2.39430776135087
2.42190018858503
2.4350409813826
2.45433036647467
2.49894552966791
2.45075214061518
2.47827248956809
2.39082748201126
2.44799919925846
2.43662348532276
2.4188144693739
2.42453039145372
2.38891489080166
2.491213573537
2.5007937412528
2.54585519412208
2.4845171661269
2.53002664712462
2.47193405546551
2.48543771873388
2.45001324758583
2.39876784341991
2.51951513284489
2.57490455855851
2.61056246281262
2.60189521914447
2.59237689216273
2.6078600053433
2.56682095784251
2.6072786914395
2.58284055182566
2.5966309165114
2.55512927572318
2.4996614143799
2.43747028223017
2.49303507028969
2.5031177876917
2.49155714405136
2.46872139419031
2.50524669545161
2.5682912585918
2.55018910784345
2.58957546733571
2.49375873170919
2.50714725618322
2.53699564475826
2.59967629397666
2.62043868889977
2.65388444013319
2.61328489395248
2.65058936320675
2.6396169838764
2.6024616729769
2.59839520356698
2.61961396046272
2.60366518970976
2.60943125443603
2.57610213586229
2.58397150577632
2.68458401163732
2.69562501891144
2.59172587831084
2.61671013354969
2.57544440301492
2.5670163787648
2.57827851947648
2.5418504266687
2.50829003086391
2.51644070415364
2.500830825686
2.50503570619058
2.46823903027051
2.53075330159202
2.53339335806806
2.43496280155995
2.41146987417038
2.40079979262571
2.34684333710768
2.37962721754745
2.34180024978451
2.31318767662131
2.3523616440884
2.36772270047593
2.28769417599267
2.29542911974927
2.22494659678092
2.24018875739417
2.33812209030287
2.37561125840233
2.40987905951549
2.37228249079083
2.32730002850632
2.38855121673325
2.37215862058728
2.28279806000852
2.35478981260364
2.31928789761202
2.20998176836571
2.2593333415997
2.16818299040495
2.17390757469382
2.11146393801875
2.08294408106521
2.00308712915576
1.94428973293386
1.93050426173887
1.82295325745063
1.87843243115505
1.86539367450698
1.84923510971773
1.8490972022909
1.83087001607172
1.83003906988304
1.79413548221814
1.75749019865176
1.77216529468538
1.63016675170755
1.60787253162334
1.66858073996378
1.60013191453781
1.56877893348291
1.58747071756878
1.53322255810198
1.44339116881388
1.46067266903303
1.44527136372584
1.44602109245452
1.42396823420767
1.50128515693209
1.56898255151357
1.56996612188528
1.59866200465822
1.58071115112041
1.60361070838091
1.59550603373149
1.68350812747408
1.71969610575584
1.74641143107184
1.88712483158829
1.86469868161139
1.8871665693249
1.85580812487036
1.9033482280605
1.82285199331119
1.92557792593071
1.9171868724477
1.88830927434763
1.88729983935042
1.96564011086505
1.94296676894288
1.94193190172658
1.97155287600589
2.1018719468675
2.10609291033099
2.13535960048442
2.17347047656395
2.17426268468851
2.22546155805862
2.21897163725973
2.20462704457825
2.23540341662235
2.3269750978446
2.31518540183242
2.32047982370284
2.31735760341448
2.35803332864079
2.35611936149599
2.38516420051026
2.36652476901027
2.337460183959
2.3015078862762
2.34237843333691
2.36520586607453
2.36306739693083
2.39498616880746
2.4208284187631
2.4360008217481
2.4290804338051
2.54238086933537
2.59496406079887
2.60589657529338
2.6074088074951
2.59319586573357
2.58266624921189
2.61215003090713
2.61897982138989
2.61546492408155
2.64315867726692
2.62552134868008
2.59248773179326
2.68772171531287
2.70531893835785
2.72821413607585
2.7342891260541
2.76480643941177
2.76150701857326
2.74365309184265
2.73410698901765
2.71081150477904
2.68452372261239
2.78674108032626
2.82013523670275
2.76373730910499
2.75442548716919
2.72311174958735
2.68937881704864
2.68142658726587
2.6796946508585
2.61064448456765
2.63623630177981
2.66707732633008
2.71998175329401
2.67862062395561
2.67388492747583
2.64381938538281
2.57760503819313
2.5154228338002
2.44240751358521
2.4428992554903
2.41822652269104
2.4473010830678
2.39457457281151
2.34554476103625
2.334347761335
2.30000803747044
2.22591152277969
2.21837006678133
2.17352142504684
2.20205077534096
2.21171740347746
2.1540720968552
2.1999645963357
2.1544714461897
2.17613392254938
2.16240248761998
2.22737018215701
2.17736856284518
2.17840734848094
2.14312850053741
2.16702489582457
2.13255277359843
2.12210771736628
2.12778143184896
2.09383717887636
2.05842740549443
2.03239730487988
1.95073907440036
1.83451243010486
1.81771564330797
1.83794828751189
1.7935793873407
1.79947472674256
1.78338500999317
1.72043625381318
1.72013025737668
1.71277230460372
1.71977614605901
1.67802980873124
1.6522541952258
1.66135251833419
1.66217208553253
1.56010555658928
1.52562619271255
1.50431963349357
1.43733018345414
1.41813925608169
1.38437009656925
1.36247255889313
1.35815843869409
1.41264952554568
1.44146013050795
1.44319456251139
1.45694722964486
1.46771018639755
1.40146915345095
1.39452732201508
1.34714178424648
1.3537922124895
1.31073710402372
1.24093993150363
1.2215592925144
1.27426480095062
1.28854881608439
1.27203509768135
1.30240219934064
1.23803335993907
1.12967564013421
1.17242849014932
1.1238959791481
1.11212787727672
1.06287406994262
1.03998193927172
1.0278201897831
1.01971127598402
1.0051379560842
0.975097286402737
1.05903796378483
1.0065152432503
1.01909561488061
0.957458265097716
0.952342067589598
1.02656422820778
1.07654956594781
1.03429886888803
1.01382664796488
1.0144880865987
1.05976542636668
1.0963474827262
1.09226680364205
1.19406768906132
1.23098162926682
1.18608187177472
1.13810635985914
1.1293383829549
1.15529978751108
1.18034104318842
1.1388759256447
1.19992618164203
1.20128610359778
1.23558269423907
1.22906756460384
1.25581859440722
1.28134948620437
1.25398798548328
1.26009369749093
1.29919882957295
1.34236796227306
1.32133059512449
1.34490293793513
1.37502524748755
1.35284330510787
1.31623273047319
1.27757902551482
1.2787118854886
1.25535881295101
1.28037056251637
1.29897078044628
1.32685724408834
1.40151662821735
1.37680927773918
1.43856788818488
1.43325602053654
1.40995195490178
1.40185382312315
1.37186350454383
1.40168238871633
1.33621338151552
1.28224088593231
1.28718001266813
1.25643699423165
1.27153436804717
1.32468484299287
1.37746277844231
1.34955385614839
1.42533243447794
1.45583372584517
1.49205554373457
1.50454862618692
1.52145072921955
1.55052648027178
1.59620715300992
1.65300438058532
1.66502357722529
1.69030241986303
1.76202988638959
1.84067770437984
1.84082140707129
1.92607776585387
1.9332250065085
1.86737895841071
1.91870889224214
2.03742756438893
2.11318571160334
2.1217419543919
2.21153252198534
2.23732719679447
2.26733163701825
2.23963956396162
2.24724980385535
2.32187279907123
2.37495368099481
2.37773013622191
2.32964397804334
2.32262560611189
2.27654036889045
2.38307164852686
2.37873575417688
2.38734377471079
2.45404600824637
2.38879393912286
2.4521300897981
2.4908844950514
2.59607919223129
2.59375297336946
2.55672312231918
2.56134687441958
2.59033164447792
2.60058696694301
2.60959357473881
2.61197395009896
2.67013789776577
2.63142537705498
2.59202686655193
2.60342951262328
2.66029764526596
2.59905478127685
2.59322308001443
2.56899057622195
2.56997651546885
2.57967090667062
2.56884329183031
2.60960025505557
2.61026423775289
2.66321982027526
2.63352789558098
2.62924581269906
2.64611338117206
2.63110673894761
2.66998412040252
2.76680415738469
2.79959244834093
2.84734924032441
2.84646240827542
2.87055312779614
2.92620458863161
2.92244303457146
2.86361223458109
2.94893792015829
2.98560181252098
2.95319369044867
2.91772865174483
2.89411709095487
2.95987371612774
2.99812715984287
2.99911201971363
3.02493622631046
2.97688557740976
3.00672478470511
3.00029628926785
3.03007046090169
3.12434382216354
3.060393133885
3.03020388245616
3.06072333542403
2.95998107283508
2.96163135508089
2.92125587773084
2.85497131613796
2.89361569863253
2.88116073818317
2.87452092662598
2.83718664314855
2.90536747987221
2.89148412264548
2.89194166770174
2.90154429228805
2.84014760192116
2.78509428445915
2.78326343470797
2.77335007382799
2.77738420403631
2.76623463818996
2.80887193422511
2.83931497329327
2.81446472721619
2.85675242392925
2.81709513860515
2.80313419439083
2.76152216796305
2.7625776276482
2.74432726338235
2.74639515976502
2.67594372147312
2.65001264273008
2.61259036791635
2.61372845010591
2.67305758937052
2.59574536674977
2.57396312673041
2.59791143365447
2.55526526104657
2.5717107535496
2.56902142367316
2.59969930821834
2.57746736614952
2.57440987556669
2.53464994809945
2.46677184223041
2.4740185541436
2.44205985448092
2.37963675352168
2.42406361797739
2.39221703364795
2.37732103458958
2.37539222478419
2.36788302327094
2.37386298683265
2.29381775655335
2.21995917304247
2.17205428137761
2.11757141996301
2.05423703079432
2.0201854473795
1.9755443817891
1.9153886245572
1.83178436622541
1.78863470870368
1.80615202931453
1.7732231469911
1.75358715969411
1.77939225464911
1.6959798656587
1.73917245252039
1.74506224355578
1.7345836146407
1.72421137681268
1.6745786041015
1.57440495594732
1.59700510232929
1.64167962969851
1.62806972053917
1.60270743537746
1.60622200017417
1.53535264431961
1.56229033537688
1.44835755446566
1.35500091366079
1.26723710620164
1.23890447596925
1.19604858564808
1.15646429969799
1.08778513253249
1.041267614927
1.16044510719023
1.16076333920455
1.11661579485015
1.15096278967175
1.16639873971893
1.20430500607972
1.15962739552927
1.11870702329557
1.14718860587599
1.09680315102644
1.08822798275832
1.1137753127959
1.05245736543547
1.05016725812059
1.07259286664232
1.08734952553284
1.11784432658995
1.07803217119799
1.09575391930757
1.13517849059719
1.16015104585803
1.1246795266451
1.14221071312665
1.1325646339429
1.18517852924018
1.1594545194831
1.10287558070511
1.06609047768326
1.07253713621061
1.07560983716253
1.0223701359943
1.1071307972659
1.08401461960959
1.08415529564072
1.01218950354443
1.02355351562915
1.05166615628477
1.0113695814659
1.06542015988249
1.11122234275448
1.11591578373469
1.11470876274342
1.14721540916757
1.214380843444
1.23677808183477
1.25029817176221
1.25725745765469
1.26819577211105
1.33795537371948
1.29390036781242
1.34176133652974
1.3519217419425
1.27379013643324
1.24221767470662
1.25623552377955
1.24123589617888
1.20127911537542
1.20004726217865
1.22950414415913
1.17433805599752
1.14933466101916
1.16649304908706
1.18169372567627
1.15080918798667
1.12244571286141
1.17751159014293
1.18459714020842
1.24779078713867
1.26773787872896
1.23031572957428
1.21070381345714
1.24629097930462
1.23852181893332
1.1811932775341
1.15702673760377
1.1825611101286
1.17676692344365
1.12869840966697
1.11902457743042
1.106925271698
1.15579055839203
1.09399681640937
1.07083981201735
1.02569136012384
1.13232889920202
1.15284242767803
1.13684528223027
1.18649192346596
1.21296028650165
1.22934255128838
1.24674391281258
1.21491706143629
1.25218565345624
1.28726311845948
1.28369520842024
1.37320088323567
1.33033853426057
1.40146445690354
1.39776025590556
1.34873431837521
1.34875559235883
1.37038072205029
1.4064556925624
1.47122406826506
1.49142122613846
1.52506024216902
1.49559164242085
1.51569290014617
1.57775306159671
1.58534214107643
1.53989459082744
1.54621758166688
1.59062815251828
1.66501733164598
1.79094178248115
1.75778842019064
1.78653209503631
1.85283913883861
1.87740159373977
1.88721387491049
1.9063444667624
2.0189806293841
2.06924847207083
2.07855049461465
2.06868419143853
2.02270086611327
2.11616924575613
2.10253424741072
2.08099977629335
2.12131779945875
2.07355392664259
2.02260155098869
1.96972556200865
2.0159001885654
1.99931224789114
2.04407526554653
2.02064011694395
2.07592213668929
2.08131269147792
2.14788263609037
2.16295022232518
2.17506752460711
2.19636772262621
2.19649241893839
2.21215112764473
2.16504805827755
2.13144497932081
2.09730907796394
2.05372439281354
2.1024350689556
2.09685652556188
2.18224745962543
2.18949668286764
2.17137309927942
2.24137877856168
2.16659090028049
2.21922463557555
2.18149618423919
2.15873625272943
2.2415275614165
2.28466796376411
2.20189776606604
2.17524939380283
2.16112274885076
2.16042700248909
2.13870413651305
2.13818660348205
2.13252791096836
2.10745086866434
2.15915168187257
2.16984973504607
2.19504664721787
2.18662412497581
2.23603295618427
2.23838722463473
2.2310504885363
2.30362458380053
2.31206057680935
2.29662334333319
2.25596181257233
2.3144409445754
2.35145657214628
2.31400211804218
2.27307859222146
2.26620155069093
2.2988514731949
2.31926145930742
2.36888065376363
2.33272105300211
2.28534603336554
2.25237610109721
2.25970720484587
2.23048521411927
2.25146991437987
2.28068692717907
2.26978963877349
2.31991482084775
2.31158874598284
2.32833658100087
2.31710826206955
2.29652741689997
2.28357203748802
2.24891418354777
2.20186859296125
2.22431700923287
2.24590191965057
2.27731557112885
2.36253461281272
2.40369479497
2.38341996454576
2.44109510822015
2.47564448802542
2.4732927341934
2.50200956342275
2.45635489081882
2.51025015447108
2.53255901706116
2.622358339696
2.57984544560676
2.54803865262647
2.48728944540203
2.48461394550458
2.47108431456324
2.43625760956461
2.39999187201554
2.37118484779165
2.39719653987604
2.29318473010722
2.27279239984555
2.19574812789149
2.10456733741625
2.08499942651124
2.10531535720745
2.09005057098283
2.07353622086945
2.05439408845855
2.04343821778189
2.02663266660026
2.02312673523297
2.00947920054238
1.99153883469329
1.99015262609392
2.01268725046391
2.04036770373251
2.03973888714978
2.02785041681669
2.02875804508305
2.0258687338968
2.01854456742629
1.92501876677791
1.89838888611678
1.83121631640015
1.80641775103705
1.73429473097201
1.7466241308677
1.65728252290906
1.66613991846454
1.60904570396874
1.61915531914944
1.64462365824025
1.64006086947993
1.65385652200846
1.74650997595932
1.66920303035641
1.67256795629404
1.62987612265477
1.64328634804662
1.68054802234381
1.61112355816161
1.54395838994114
1.49305385581943
1.5363332759637
1.4271673933186
1.38056626795044
1.36434849538791
1.36112104785598
1.34829552101005
1.36397389948091
1.27838676384674
1.25758028111962
1.28118390775538
1.19263400665994
1.09473884955094
1.0301343308689
0.999918953981225
0.912563574965336
0.851116677208345
0.84391477271206
0.786593133314264
0.722989390434405
0.709751065171445
0.686732146155046
0.73078852706308
0.740105994813515
0.721497051919373
0.590844035482986
0.607121203202887
0.600758813263724
0.616335401727643
0.618240923792192
0.576610923003194
0.517980627465432
0.547131941413112
0.535776988713062
0.531570402256
0.436089873579612
0.339314400317161
0.352775857161023
0.316056335751954
0.306012678688973
0.183185704019956
0.124949523512045
0.130272379074935
0.189510372735922
0.156632260238913
0.138256442699247
0.114772637696848
0.0904519708249601
0.0249939352106807
-0.0128780178451072
0.0933427828344031
0.0140031556684812
0.0373558873493604
0.0696801452694527
0.0609512506827684
0.101103304848291
0.163644501221428
0.101651551335005
0.10928837617468
0.134537506487783
0.091575816592154
0.168189126977919
0.166396926757116
0.226838560454217
0.30049074530013
0.275070165516124
0.218904426256612
0.255501116437831
0.187559833951223
0.173929972518194
0.0401178847542127
0.0633516767139688
0.0211044399564998
-0.0122502737783364
-0.0107180581912902
0.0659812125623678
0.115142142362356
0.135607527136832
0.116035431300136
0.163934562646677
0.179542841945778
0.179098803585371
0.200771725772573
0.266317443662087
0.295461361136634
0.316630358861381
0.239065160940614
0.236481212475215
0.167525988170326
0.238513063354102
0.249394023978988
0.194474903703324
0.257069040220727
0.395937922573169
0.327124618842979
0.344639711265984
0.365599050924913
0.335596997300152
0.351139294437697
0.340166745612481
0.32343512771934
0.341920331053726
0.419384846281036
0.443037067312474
0.477858892683727
0.469715101526337
0.487805311833288
0.497343727159866
0.608077000278635
0.705528539020774
0.708939794014193
0.675251724569196
0.703786234607415
0.712578075289188
0.720566465139474
0.654558477076504
0.699404423338489
0.696961553996184
0.670813498393494
0.719277312224558
0.811617387023873
0.778672423059889
0.731210405887753
0.681848953467373
0.655831979786147
0.650270834494387
0.672320516783392
0.691619569096371
0.760824388956057
0.77991336237404
0.743965150417937
0.817534414502415
0.725688715792067
0.773709789412948
0.812928615416227
0.826690836819964
0.857282767864107
0.822718333967008
0.803016459036614
0.85540892741303
0.85750021079537
0.802699581999465
0.818277032299629
0.840458666985049
0.88216073375844
0.916238147054368
0.931605947132512
1.00622128845007
1.0274354084129
1.0393576592507
1.04174670589381
1.14255090529104
1.13468838459801
1.16402936330859
1.22219045532559
1.2776460664397
1.4069522167449
1.47793753677355
1.48159793852635
1.46718418834221
1.52212370859048
1.60677446139052
1.61545387049993
1.65598007123584
1.72843250533
1.73964767251503
1.75589617852949
1.7258962919319
1.75657416292139
1.82392902945707
1.83900558664329
1.86682258386721
1.88462110660001
1.98795716471083
2.0757027429753
2.17098226040619
2.17628122922365
2.17649304333445
2.1781689364248
2.22845145699601
2.24948266827147
2.35925467290801
2.42170247278446
2.41223932330683
2.44015507440958
2.49242736459432
2.52239940610662
2.51224548781029
2.52948843413544
2.49201839078825
2.56004965855965
2.58676444781229
2.59320428425616
2.59247737065186
2.53841089618358
2.59387922991013
2.57461654431457
2.56947531938356
2.51093226445053
2.53924157634794
2.56710207640498
2.59164469681495
2.6562231744451
2.67385254766709
2.61722011736461
2.59244256072054
2.64410607781984
2.68754654012913
2.70594186217953
2.71214400277977
2.69059683283642
2.72915984610329
2.76687796359722
2.77051189620957
2.68753446323515
2.63759154550206
2.64401056804568
2.5960996944942
2.55318192816958
2.46828803000197
2.46752352427066
2.40953492954446
2.39377456546404
2.34275597194446
2.36019341500021
2.34989557824511
2.37589648685577
2.39389715043761
2.36343037510167
2.3691089301053
2.34771702180565
2.33016513967157
2.25221046983981
2.22205184252202
2.16802199217914
2.16057851361044
2.12341116644441
2.06349054737901
2.11654493773434
2.09594452850182
2.09332964273117
2.10473291634957
2.12107947588503
2.06216217098264
2.08797555928754
2.05430394731072
2.06210324389702
1.97784892309456
1.96182960286436
1.92159595350541
1.92428366963371
1.85316989003622
1.79760709239655
1.81082848501083
1.85915600945567
1.85036591367022
1.85939476301023
1.89562598305263
1.86659799480425
1.86333911311668
1.85108914229845
1.87071636385776
1.87931202884246
1.81230850480091
1.68917933397408
1.71363652474818
1.62546003949165
1.62698807748827
1.60111726588265
1.57042679844149
1.5599590726671
1.59902457266938
1.56265240000891
1.5746501800694
1.59209886235619
1.5443822508214
1.51346747189431
1.45362410798697
1.47287955783342
1.4103520863635
1.43545798040833
1.41174149621682
1.40691347059918
1.29747762349525
1.30563227887755
1.30079645904992
1.24842178173348
1.28967937520849
1.19970449075696
1.10150855668076
1.13892301460973
1.19193919198417
1.21978222261579
1.13408973718437
1.14500148993076
1.17547864150719
1.22527472129462
1.19561948312343
1.16310074468897
1.23473715137351
1.24219640842088
1.21283981252878
1.29055649867247
1.30833594022869
1.34298936184383
1.31898076996518
1.33025324669088
1.31421611935463
1.27589795764616
1.30562999437125
1.30980909670316
1.37512864964463
1.33736434525893
1.32787062222031
1.32847654298713
1.34457490051277
1.31296075023844
1.2983113123948
1.33067204542394
1.31233052202186
1.35794689668997
1.40710391664035
1.41232387708301
1.38424297425899
1.35870733336371
1.33107739881872
1.33951068245305
1.31183084848103
1.28436149137033
1.24350581112444
1.26191549834466
1.23456903585814
1.19032989465465
1.22166711823137
1.18365238760877
1.19655430660771
1.15590005420815
1.14403291615425
1.20494204456028
1.21088951161608
1.21662902054906
1.23181314864944
1.31024821656648
1.37966480374018
1.32269520196381
1.25678095852978
1.26781424692822
1.34149636474918
1.35526511901032
1.44810739048676
1.49551081252752
1.48575190975133
1.52804556655101
1.56788204200539
1.62956591435564
1.65607902577932
1.66419282960095
1.6837918432824
1.69242956681561
1.68065401659253
1.72662280989902
1.73937151987876
1.76354114108147
1.82681887251899
1.78266830674224
1.82581573593756
1.80522095162687
1.83013283544932
1.90203925334021
1.9451168643081
1.97886304119207
2.06166644930841
2.03598718869161
2.05919235769144
2.04641802582091
2.03965277797645
2.08611559320518
2.11538573637591
2.16351427093892
2.12061190742351
2.1379339395416
2.15263305975796
2.17350360927654
2.26183196780547
2.26044405540931
2.24874565752172
2.24393353458453
2.23129221941678
2.23934806200242
2.2538431661038
2.32706977769271
2.31172132578406
2.36605256472036
2.37443763094053
2.40252156764182
2.41229371487892
2.46921108556209
2.48591459745125
2.43709775366521
2.44579843512866
2.52119272281851
2.5783446937356
2.58289580687214
2.59570653641051
2.66025563754038
2.69178628157444
2.73867083242299
2.76669207761861
2.77895939382008
2.78034009496798
2.75817171944993
2.77663102977791
2.84498731869154
2.89164629466423
2.9418923409928
2.9440635448891
2.99548937736826
2.9579290780685
2.97027844197129
2.95065650330101
2.89812473956061
2.90523238635145
2.87507141313462
2.92700509056505
2.91397995012598
2.8941756577528
2.86279207019196
2.83562662207337
2.82899248167259
2.79741699701338
2.7990738224812
2.74542305938721
2.79871752781783
2.78406201085441
2.72762587829532
2.71305023114778
2.73790652118371
2.74537016384656
2.70861592596511
2.6906059901224
2.65392071394409
2.64537296208889
2.71893526744927
2.65934140413712
2.7266180812148
2.70177486856646
2.66756475572072
2.60905213384999
2.58210149091297
2.49654405753498
2.51855227278566
2.47471575271074
2.50540816243487
2.43842277194884
2.31499836593732
2.31796700265605
2.26456860611638
2.20938798018261
2.17553772391782
2.06882297465666
2.03231322373935
2.01010996617347
1.96955131743882
1.93369539207639
1.86083831519021
1.92138904529938
1.92377602282096
1.83199876011466
1.82975814177618
1.81645290308669
1.82020546422883
1.8020427453662
1.8258036315151
1.79742795781274
1.80289015982925
1.84196701584956
1.85666942037654
1.75970018232293
1.70980055150342
1.66535393662805
1.66427748867729
1.6674761177412
1.57683105495331
1.6044831598725
1.51991837991148
1.44769383264273
1.39505958670083
1.35745717464495
1.37982156712008
1.33349077744664
1.30318232246616
1.31857057745297
1.26469711587202
1.25232349440117
1.25847405434793
1.15537977706276
1.12346873685841
1.07062350181723
1.09717696866993
0.992795224280622
0.958353687810023
0.983449590040639
0.942022263119436
0.876832025545898
0.844556797709832
0.839843362643988
0.824459473944469
0.819071094695844
0.768903557171742
0.675118123985842
0.649115030849521
0.623251231222943
0.556852580178751
0.530766620430496
0.527390536713735
0.514355323853826
0.574075976716298
0.57471444866531
0.549400638226169
0.498246615931839
0.463227661403096
0.44177314738486
0.452855492341702
0.419686096951152
0.33926213669504
0.335835674998814
0.366654096649721
0.376716013460237
0.352005941998712
0.306423863621805
0.297502620428686
0.303666370717206
0.262462523057948
0.185687114203674
0.203492053355393
0.260248942097752
0.353720067329062
0.32748387463294
0.266371597189003
0.174594004914589
0.172360740160304
0.150085696938252
0.241460507683748
0.244365225063264
0.219834812426669
0.242342423435325
0.227550609148094
0.213912962683728
0.231582558855863
0.283396028970083
0.271143433075434
0.283337420303306
0.275637712264086
0.302115670807098
0.403104686988548
0.458158752927459
0.407528068778683
0.422421015955585
0.413677811399703
0.374372071826467
0.349983289938612
0.426193706233952
0.443196523186418
0.423106544636505
0.470228644198393
0.47398500558356
0.536023495976221
0.564030157517272
0.579221327326594
0.585120540711672
0.65684896626508
0.691176834521498
0.739009846848732
0.729952329499185
0.789692020620317
0.835550656400739
0.832420968066196
0.880732399970664
0.863064987136408
0.876479912686202
0.869912539625939
0.91274181370806
0.923859318607008
1.03280511336512
1.09057858955222
1.06235219443653
1.11027897876825
1.19926810192178
1.26749885321795
1.31919153850729
1.30879149131362
1.33388738760967
1.280131948752
1.27788359954185
1.25328381917079
1.33340297793248
1.34311279281342
1.33818835116909
1.38950868683867
1.37823361855598
1.4252545801505
1.4967398233228
1.50464834015085
1.50164598226194
1.55642882455736
1.59454683934337
1.61831273260264
1.62264807207689
1.66606942516184
1.71973406631793
1.76233842914175
1.76326688652759
1.71393241172335
1.73275020063237
1.71758028430359
1.71470847272495
1.70399927505427
1.72246102708668
1.69926755169884
1.77642964263067
1.87429527895158
1.86807301234372
1.91291377801861
1.94096732233235
2.01871654351096
1.99276469806662
2.04328471733858
1.97956375466166
2.00363442613658
2.13013178753967
2.10513184871005
2.09563521833096
2.08924942623765
2.14549798488472
2.19876683659298
2.25658501548351
2.2234430466029
2.24932864247605
2.19809705193258
2.23225768288321
2.28224652009123
2.33136117299398
2.33835145874454
2.38758905858216
2.40891606824456
2.39108700696102
2.38174408719417
2.43134397245303
2.44465942431298
2.45082512124844
2.56284769211869
2.6188456431781
2.62503315598488
2.63920753140253
2.73399545453518
2.75728322398891
2.73066174790899
2.71568864813922
2.69432990170875
2.66397019801866
2.58587468143392
2.60648628271089
2.6426133952583
2.68097418222679
2.65896845448284
2.65026916207595
2.69857816527328
2.71649295436633
2.70162782226116
2.66775406836337
2.63982877253289
2.67906006420422
2.68900981036455
2.71282533197048
2.68071760440475
2.64300085877732
2.65487917314945
2.67339260704368
2.71593201359586
2.68898751464712
2.74890754067471
2.7495529362418
2.75657881130672
2.74320027288911
2.73176546416699
2.61536298704753
2.66098857282657
2.59866972500082
2.63323311670397
2.65615832162324
2.62812263871521
2.66731317995598
2.59750899229317
2.61500316083479
2.656479156599
2.66065079594052
2.59871675082972
2.61908018332624
2.63870945878713
2.59193588905143
2.59934107810068
2.52277058992687
2.58441817427839
2.58351264704021
2.6223402027496
2.60868553262681
2.60840810154732
2.62600749533487
2.59402857903275
2.60119387202569
2.67570429288883
2.72102648949791
2.71503788644303
2.75363421313376
2.78323219377763
2.80525230060682
2.78384116861805
2.75376539755659
2.76231337848303
2.77534900613689
2.74633799882351
2.66696412014266
2.68510813449621
2.67756941026984
2.65967765813891
2.68361378810227
2.65448030379488
2.66272843781997
2.59180875862161
2.55322272328347
2.59267821883383
2.61444462786326
2.55885535733998
2.58224580767571
2.63800523796604
2.66605314101225
2.65386649963315
2.63462810879592
2.62667362107305
2.67226750174999
2.68096000898425
2.6700543035464
2.6404047101679
2.64032536809658
2.60978033732875
2.60942786724356
2.66469633723124
2.63713711893075
2.61816105358552
2.66083241332925
2.63939088428344
2.66799999265198
2.67733869260824
2.67427860629709
2.68949844058601
2.68711902455771
2.64398929793323
2.60912546865885
2.57461314373296
2.57683033194985
2.57573779407502
2.53172626028506
2.55052571719231
2.58454341238168
2.56896673220263
2.5675387433678
2.44160915159602
2.42748692528575
2.44141289673405
2.38511786847581
2.34085136632176
2.34202639283719
2.30069613645591
2.26789329489477
2.26489606097651
2.26608041870247
2.26882286015262
2.20761318211559
2.2422637051393
2.19709738682149
2.04884477987518
2.08882920567254
2.07339332680884
2.03061860558144
2.0001478847279
2.01954282325575
2.03985967920329
2.03949430260315
1.93081200742519
1.94277429191727
1.92159642503604
1.92653423604459
1.86057992737612
1.83961505715913
1.83231890484774
1.88344135845247
1.83643157314146
1.90281781013112
1.93547625208432
1.89966002995785
1.87026707703323
1.92782056821852
1.90732759286264
1.89782260026154
1.85388973854102
1.83040959927661
1.73677466030477
1.76551758685099
1.8070057377325
1.84157958388625
1.87676219191554
1.8227047709665
1.85711689505631
1.87306613571357
1.85400028563252
1.83772950795649
1.9037242190247
1.89449458195007
1.92873071519195
1.92537900333783
1.92561467132818
1.87247201248203
1.83666122814897
1.76074401531792
1.74801435683573
1.70847473814506
1.73535426714804
1.78721542431385
1.76317476178186
1.78065600310186
1.68700549975255
1.69966482349888
1.69940613869219
1.72138542290277
1.68446488493844
1.6424806182948
1.53741875414752
1.54907927119664
1.43736321403896
1.41021075334528
1.32348441556106
1.30612337536262
1.29213544940339
1.33581703085821
1.34604512999864
1.30819014854715
1.26938528661919
1.30349561625232
1.26818071775831
1.2233585658215
1.15139523615968
1.05110713287615
1.07988211379337
1.04717501031351
1.05848756230931
1.02129943619804
0.97628235856596
1.02305750510596
1.05091409636231
1.0974307022993
1.03409469893934
1.00850695882177
0.98132326988694
0.934423402159619
0.928849695674939
0.913772954427361
0.946092030070875
0.976699128718541
0.977842456593312
0.965298509262687
0.966282473248091
0.938624744999333
0.892804874595791
1.00929366058579
0.97458871792854
0.985293483569251
1.00396483632617
0.991071534433065
0.964495173158002
0.974102136689289
0.944466402754466
0.94666743179237
0.896327118824513
0.878725027432855
0.868121940815826
0.868504438752673
0.834515186183125
0.911014852153396
0.860553412667325
0.85890016382855
0.858168369577256
0.904378515884107
0.909533350056536
0.881830646682126
0.848930814344376
0.839530496140978
0.891274905965354
0.902569085391999
0.908003805652223
0.909973921552628
0.926203195750568
0.970764802677159
1.01601087077773
1.07563394153101
1.10136149399756
1.0720578001519
1.14163247468956
1.19878897495396
1.22182053018029
1.12222691370611
1.13392479165116
1.11635710169687
1.14253978742269
1.10751287579383
1.1123626224122
1.16342360043531
1.21225457682038
1.21881475942251
1.15290048451399
1.17536119469521
1.19043953075994
1.15002271791695
1.09150692528402
1.13244625567669
1.1760339276184
1.23930424453373
1.28087599260963
1.30017098782475
1.29978924571579
1.2964505346853
1.30111050610424
1.29031983969223
1.20845956960437
1.24536476584523
1.18699623600509
1.18485640353664
1.16904594933371
1.09865861056236
1.1339860500907
1.14955173191841
1.17581428736666
1.22086466910046
1.23674546320191
1.23471848457618
1.22880320615191
1.19472449038137
1.15986094528969
1.17537458579582
1.18011443009934
1.11113480565639
1.08722454346184
1.08381844144109
1.13935829278142
1.13861521284846
1.15620491854005
1.15167028162624
1.19572843010409
1.17038852010622
1.18122388613946
1.21121279698924
1.28353407720014
1.27241438065629
1.27321827032143
1.3126926935103
1.38379451953369
1.38469810217625
1.35839379332021
1.37077832215285
1.40002997786475
1.43326228930114
1.37730399886565
1.36666430745919
1.34912663856365
1.39459469911225
1.4228570721607
1.42312747991359
1.42199675013902
1.49751234198951
1.46767879237724
1.45201417409861
1.39878410999038
1.38110719105699
1.3726937830673
1.32213188679659
1.30450186475032
1.32770489534597
1.32271301649915
1.30854627806581
1.34186360720148
1.28808175572176
1.29082835661129
1.25928150696566
1.29583051655221
1.34576067762874
1.36008716336675
1.38527102390267
1.34837097366651
1.38035236833965
1.40979092613203
1.4414843573666
1.38258673657047
1.37450599341234
1.42299250970404
1.40432116617692
1.40219820471159
1.42831931142255
1.43264730038526
1.45167550898498
1.43480323649796
1.44605120594844
1.42881397848739
1.45478047497359
1.46017104107173
1.49135587888879
1.51220955146881
1.50659985949551
1.49037611786479
1.46275274230286
1.39673877668014
1.40689921698345
1.43015428647462
1.49938601422226
1.586769518436
1.55864858261539
1.58179299350584
1.61016602659583
1.63099844324871
1.62045473727769
1.6226905488993
1.66907536206008
1.67865761637541
1.6325021473652
1.61126890576731
1.56265630712357
1.54339580391103
1.52879890701653
1.57690510893527
1.5909978047753
1.61113109779497
1.58452120815246
1.5866412232724
1.59861315543148
1.56178639714582
1.58236890822992
1.55091365953679
1.56261593118457
1.47383128884876
1.48080254947855
1.4644828183359
1.45270505960539
1.44126950481248
1.41364832674112
1.40564821174824
1.47984034774964
1.49030782062914
1.54237122310105
1.6297144144128
1.64325386829828
1.6487316439151
1.63201692591081
1.64423511746041
1.65474145192369
1.67486007865337
1.7276357736981
1.7043338033882
1.77070169263886
1.8342284868172
1.81621595555227
1.78749777211492
1.87781177293799
1.90994778563226
1.97225589769725
1.98401020615507
1.96700896244117
1.94525321608265
1.91595829738935
1.92722821541755
2.02658514380554
2.09358091401249
2.07523318121783
1.98199495642153
1.99862760116927
2.01025952845846
2.07509921688148
2.06045776502746
2.06397380222688
2.0789620160974
2.05934579936489
2.08859688580613
2.11541518344301
2.14862477429308
2.13610423079247
2.08304391476979
2.14438032327784
2.16661503069811
2.14341317014246
2.20479105106512
2.2277858231849
2.24115465596931
2.28469689528709
2.26300960730031
2.2543367665988
2.23372318547692
2.26012509912536
2.2723555945581
2.22258604631952
2.27663037357551
2.28923694528297
2.29685072659547
2.22238364156016
2.23667818068659
2.30011996045847
2.28469352550675
2.26525976999799
2.26437101115814
2.23569092526046
2.26896149524609
2.363116556781
2.3811206747605
2.34373152668235
2.26293103107647
2.25509565611434
2.27840553997456
2.32654825257057
2.32680312431728
2.31328170896953
2.46693944812054
2.52017871583926
2.57488287776382
2.5375443218091
2.46335774666525
2.39093690013809
2.43999347756717
2.37006356228745
2.31577310142535
2.35223739670743
2.37098943242432
2.3961666488239
2.37847476580872
2.36060810582589
2.38259776787554
2.37867049540726
2.38850267945688
2.44582605441601
2.45710477297775
2.44153969095698
2.3647043375512
2.31035478272419
2.23680901260946
2.16151765690446
2.11300664312095
2.03114870272282
2.01085302225846
2.0117757793001
2.04112198503149
1.99975904023757
1.99301819209996
1.99037853249545
2.01546900651917
1.99680309937882
1.98049538130048
1.89447675111979
1.80401874238459
1.79221936200467
1.76488149947959
1.75131728640052
1.73598384430996
1.75052834050563
1.77301205504758
1.77247021494155
1.81235243627088
1.8416331329999
1.87141763877994
1.9144645846419
1.82502320690887
1.81862700039249
1.75904494782785
1.73785853318357
1.65872724138421
1.68863376031029
1.6680404110765
1.67127416725077
1.6550945468715
1.63933886010239
1.61288396357774
1.65587866064911
1.63342770313664
1.67283059300337
1.69441338944863
1.70529125886709
1.67100633337521
1.65789390049479
1.75801917248474
1.84371478190315
1.8507657766831
1.82723578044043
1.85456598266523
1.70742507028845
1.66006068707663
1.71469904322333
1.63274517935106
1.65273396062223
1.65540293725014
1.59460273929326
1.56263020753038
1.56071398079581
1.53541223584125
1.55420198558686
1.58944689727596
1.59605290976455
1.61034507175612
1.58388946256478
1.57862518335076
1.5929089510014
1.54701484544687
1.55944551463551
1.52876061058181
1.56071656723893
1.57636531722908
1.55682319687313
1.47749720333464
1.43763989983184
1.44066956602568
1.48800940313134
1.43194011941332
1.45787774890458
1.49030945891762
1.54073985211585
1.5273723908957
1.54181385158271
1.58086557755211
1.56432637143622
1.59272146076915
1.61821146405567
1.63792543793697
1.67198773974158
1.78773649952992
1.77885393245882
1.80562158379285
1.8573097694652
1.87039267007996
1.85819426909665
1.89247523708377
1.87075540582593
1.92101975146319
1.89597295598757
1.94858156461183
1.85585660739904
1.89059778782207
1.88524679501414
1.95748057205749
1.99924999257409
2.00969814008728
2.04500562501094
1.96256949040727
1.95476795537796
1.96998261320946
2.01895588402089
2.02923489934028
2.02391584886993
1.99024560479493
1.987133345743
1.94831700782958
1.93609515447863
1.9446119088545
2.02474408280293
2.00680776552133
2.0135654625435
2.02512455147803
1.96815499318201
1.9066588513298
1.82318271803794
1.86703201635136
1.92330762441857
1.92381762959476
1.91425954595683
1.92019240831353
1.90902432972034
1.88198868217604
1.87883612278354
1.89731471501176
1.90880154581898
1.88957108132791
1.91601681187967
1.88413140875711
1.85957120298412
1.86683997374668
1.89366604228784
1.92452916552834
1.90409981853429
1.97039736978537
1.953993351757
1.9524134101896
1.91042910793016
1.87437987116518
1.76417879717566
1.74470649912779
1.72494106276686
1.71678631512007
1.60229974972478
1.57069135722674
1.58341296543807
1.59803770832063
1.56878750222946
1.60510130397474
1.55024808199111
1.4732441464261
1.49103757735828
1.41619909741211
1.48948108703383
1.45511291987636
1.4527547338096
1.52220924824437
1.51204004127497
1.47894182903778
1.46079739522043
1.43484998102179
1.39200463592297
1.42559455798762
1.4251944524002
1.43037616295212
1.40703097137082
1.35483419604452
1.36025702452818
1.42960744325187
1.37273387731264
1.39537778366511
1.37395337618161
1.3620776459215
1.31001725694969
1.31754823377897
1.33674547601928
1.32080899626762
1.20660896783868
1.20264095032924
1.2033098657993
1.14104212521441
1.1700804693411
1.10815781077899
1.11224176462054
1.12037377936561
1.17084038371712
1.09862562483737
1.1006053126723
1.0647239553183
1.04602522218867
0.991762274187073
0.933820238917163
0.980312767560216
0.960106210285727
0.916536131664679
0.949322154498676
0.944787504745963
0.943355595095213
0.910356306927305
0.879164866987293
0.886328108352191
0.882195050813034
0.832964709891066
0.854113672259134
0.861880760398015
0.92178450738394
0.897441201114631
0.957511311830381
0.960759880631356
1.01589523804604
1.02021882423805
0.975475518528622
1.01703037578766
1.03104175130067
1.06983462844129
1.06522962288506
1.13690303956848
1.1681303699663
1.17484731683736
1.20378241267704
1.1956122388721
1.22004786098433
1.27184524795862
1.29780367213119
1.28936898899493
1.26456403624451
1.22996426845255
1.24664964396876
1.23189740516957
1.19410769660784
1.21076748864509
1.27417407697944
1.25730399986197
1.29485627637291
1.25327576510135
1.3036983794742
1.33046361581279
1.3781660364709
1.37215768787687
1.41167827950244
1.37480901836074
1.34445885570256
1.41373308023264
1.41044492450056
1.40193917531623
1.40382619250027
1.49321756928934
1.49100741652717
1.47029373370791
1.47252954058521
1.47715209749542
1.45877023348706
1.47718947758632
1.4529707472018
1.5321576798814
1.60865597805473
1.63908601757212
1.5463720131671
1.58357471596897
1.56746013715984
1.61036410925257
1.70619620047212
1.72009401462459
1.71480527671322
1.69390106567245
1.75675290962999
1.73149505115714
1.7434149474012
1.84118749019445
1.84207567451753
1.78542852661762
1.77864193114836
1.76876070054201
1.7181035651977
1.69236352499087
1.68252549650565
1.69202126112505
1.67483607691112
1.69584141185105
1.76767386515932
1.81167779842273
1.82563494968225
1.74181515015071
1.68147022239834
1.58151609377505
1.58132556519852
1.61067107254726
1.69842317087553
1.72275545764167
1.7194636831439
1.74277738654939
1.72724690697961
1.71545961135246
1.68079247899896
1.68404105107854
1.6820074962482
1.73551601359947
1.72544275687552
1.70955978899424
1.70990936905472
1.71228809380998
1.66773161975187
1.77499410785733
1.82974250384992
1.85598085718754
1.91727841752745
1.95056786111238
1.96094670038861
1.91649505966187
1.90869499251911
1.91399325514558
1.95305873233474
1.93287563582792
1.92723079452859
1.93862971867365
2.00756538276259
1.92473780954936
1.9266965949703
1.89792196017196
1.91201471710192
1.96758314843145
1.85160383984616
1.87997907875739
1.80278612411153
1.79380330870737
1.81101925872457
1.74674793796121
1.78479262921818
1.76817902604176
1.80991197680235
1.79855043399561
1.78377184203914
1.76995690869541
1.80142096552054
1.77527561532552
1.71963392011415
1.72876987641049
1.70472192805857
1.62644735469413
1.60742355623814
1.53062919283772
1.55678325733294
1.54723548000644
1.54754617410646
1.59204401623548
1.48797077393531
1.52128296891991
1.47576794540125
1.51031931398885
1.48769665548693
1.42388917037607
1.44026824537541
1.40462643268697
1.38614123946849
1.36281580624301
1.37559973396437
1.29836939982021
1.24877414668188
1.29352335293253
1.34027673959008
1.33985679348533
1.31932992031364
1.31005324700041
1.32480698745613
1.32745763062128
1.28412790562082
1.19890767542255
1.14574874103749
1.16530603364806
1.1940718461998
1.18038289014073
1.2138196642879
1.23301715198607
1.16380818119257
1.16577137552664
1.121214900387
1.20387249299036
1.20239368216983
1.25158222234618
1.22565978764024
1.19381618732854
1.1677537300985
1.13294078247731
1.1828218826301
1.14046313257986
1.20705524522582
1.17406988120705
1.20415184451118
1.21151443595217
1.19959083435183
1.25942131030116
1.28270204480219
1.26807149319687
1.29076810603551
1.30715159258317
1.30556283008214
1.35830263217183
1.35842651810964
1.40984934914693
1.42986687847401
1.44264488160028
1.45351321723807
1.41138017267704
1.48440708828795
1.46645980588954
1.42192457666762
1.407696323581
1.4126874974186
1.39806495289668
1.35450511085603
1.33952938285006
1.31979177754971
1.34205311747692
1.36998646830687
1.41163292222872
1.43329261193542
1.46344783412605
1.39668562068377
1.39582018675916
1.43195590356555
1.4715145845127
1.47164799182895
1.44586684266736
1.39444981311357
1.36162489789311
1.31189113734218
1.33073392587796
1.35006399519031
1.35369362486105
1.39031882939429
1.40895936584896
1.48144036324622
1.51212176968068
1.49802899669924
1.52091323016424
1.54587212938688
1.58407147470727
1.55849850692369
1.59076274602208
1.611845753364
1.59549965427754
1.66144693050541
1.6787947663763
1.69770418817242
1.68353594886007
1.6733022361657
1.70509312970163
1.74124788410216
1.75282561725617
1.83840054549647
1.8091678697552
1.76578903209858
1.69202774834007
1.64555871275212
1.67538931009579
1.71911553442114
1.74965621958997
1.75389991491644
1.8687887740618
1.85113383219584
1.89673826597662
1.92558905844829
1.88809842295571
1.96619348749079
1.9522451615762
1.94320812791257
1.99170271498188
2.02764722010486
2.06958273130585
2.11808729370526
2.10192776057074
2.17441949221233
2.15291964565641
2.17418327650608
2.26980139224433
2.30252457708532
2.32296816250764
2.39493842782386
2.43012822427171
2.44423204358758
2.43665379272496
2.41130614858779
2.4682791404991
2.46163135158424
2.53237912439645
2.57073099869907
2.55501579362633
2.57259595654103
2.51901737083346
2.56038435616945
2.56738684523581
2.47344735245024
2.41749086957365
2.43735344065583
2.44389210523955
2.43649455546177
2.47805160903311
2.54261579763971
2.56447955825034
2.58322852766435
2.48739155732254
2.52041263490047
2.5006769252023
2.47183915439587
2.52800938603386
2.50146574912687
2.46828871722527
2.4788852004216
2.44714525035836
2.46686511974441
2.49164324481779
2.51983763470868
2.50064867709837
2.42371366534336
2.41810027996564
2.3072869045393
2.333866179397
2.33570875014115
2.3177836367808
2.26223074330016
2.23563844801393
2.19313090387286
2.19711812919248
2.14076019285053
2.09368083268856
2.04664000261715
1.99849167073325
2.01638442191522
1.95108257684737
1.88781146387132
1.87875386810705
1.82526811126866
1.80067937081487
1.75150987918368
1.63971273637148
1.63402915486481
1.58428435448108
1.52124421371449
1.46403942678495
1.42856467825124
1.36329094389837
1.42670193414287
1.42748017410594
1.47747855329645
1.47995110969891
1.4189206267427
1.40034834963662
1.34383097688765
1.3110777068478
1.24746823956461
1.26779092123491
1.22413811450392
1.17003255569013
1.1499809266247
1.10224454857825
1.02312108506659
0.931862267480415
0.892574434134813
0.906774612905541
0.841736837906194
0.756819543724527
0.76007132900428
0.848870070217345
0.865848580434141
0.885671177177089
0.923716104200596
0.932442556610386
0.977157030723296
1.00003761654945
0.97582478247994
1.00028014801566
1.02756150625549
1.01186678855856
0.997580873476342
0.961301309329021
0.966695861589949
0.926890233778885
0.910592299805993
0.844354359906335
0.882315192197894
0.852942427227276
0.790100667663391
0.828558934324867
0.821553143763536
0.798420100601839
0.867964278928838
0.900003456714466
0.88404714806647
0.890296388539415
0.94998878957229
0.977358894101485
1.07109691091107
1.08545440066574
1.17138747335826
1.23272673877911
1.2555503241666
1.24285003799354
1.21161864027276
1.22359237936105
1.24766087721531
1.22743013951856
1.31401533490954
1.27245807456929
1.22852438816625
1.1611478613018
1.13286180328137
1.19210081417679
1.17094523383184
1.26776070269446
1.33486505795835
1.34063004314662
1.34917231053346
1.34684711032795
1.41567279950437
1.3480568596814
1.3917184994457
1.4573491408947
1.49680736777159
1.64760046665267
1.67988305504496
1.65731835858384
1.66134297586476
1.68188584600728
1.69239216574459
1.74460645312276
1.73567564232264
1.7675265255943
1.80479739846874
1.80931148984117
1.85557315323797
1.95274553725102
1.97432022674169
2.09704835327619
2.116208654475
2.14643140704098
2.14863454490933
2.10066559502236
2.18253662315817
2.22129010947421
2.24437615991002
2.25463203207733
2.34524725519387
2.40724439886455
2.44761155467442
2.42436859959966
2.3775751009973
2.39948263656213
2.37242386106552
2.35274435849283
2.42831896830738
2.48907251609815
2.60229743967745
2.613405568146
2.63256519696353
2.66347504047756
2.69938350898018
2.81054123965424
2.8370102382457
2.85089770084873
2.87619296368983
2.87420189648061
2.85026528145987
2.86867434474798
2.86566472708844
2.87750402903774
2.94155185464064
2.90112265880488
2.92900179664316
2.87598072705667
2.8757315663285
2.91260900240415
2.82567186666804
2.8176197493455
2.7916378544728
2.86248978641069
2.9360165341071
2.9296147141765
2.86868205062853
2.88664191962748
2.84859789616968
2.8887801410007
2.92350144642936
2.98948236716133
3.00574060412177
2.96118190891782
2.944397683818
2.93261414024956
2.92828614711642
2.96518837366244
2.90989986740308
2.97830799146343
3.00987452416611
3.00878560915528
3.05004083043844
3.04017135084416
2.99815868442956
2.97825553826183
2.93871588927888
2.88772240533952
2.90016557697245
2.93763649004683
2.87820984825512
2.85321286479806
2.85893469220093
2.79868290200558
2.74263740158437
2.76550413356007
2.72855145445689
2.77680351485451
2.84230105062349
2.84190086831173
2.83734075475111
2.77403044977398
2.79164601473475
2.73515674031365
2.69315359479419
2.67647204900965
2.63314100928348
2.61866295885459
2.64155801658129
2.69419472937444
2.69007455165389
2.64659388260767
2.68069914637687
2.6075743953301
2.63777028117779
2.61447314208446
2.49455471523269
2.41359461752438
2.4266661788938
2.43937851627936
2.4525928472659
2.44684103846692
2.4267313574685
2.40537056273005
2.36721888689203
2.26953311829477
2.24556384364819
2.22397397911472
2.19123984289638
2.16265359474709
2.18515221429509
2.15237811725766
2.16658799956688
2.15649122073356
2.12818068823183
2.0849983931041
1.97312467084329
2.01258036387147
1.99940761483315
1.92638427519398
1.95641692917535
1.9601123145944
1.96264403374903
1.98626131889985
1.90479371811597
1.88094016909968
1.82026392676307
1.81461910772995
1.77805478035676
1.83926561843946
1.84568630909743
1.8335761412375
1.80609435317036
1.81880761970501
1.77871066286765
1.74243929877772
1.77083955994777
1.78910347535868
1.7582454820738
1.70592787311272
1.60303366436587
1.52506385857085
1.48820190503227
1.4917640491675
1.52540373761904
1.51678515222217
1.46358375480274
1.46153913452568
1.40353332381808
1.42238274206104
1.39703834626819
1.33671021055452
1.31626405250524
1.33832754179056
1.33259775600938
1.28413991882352
1.22453515050561
1.1686025041281
1.18045419157969
1.0988848456501
1.08029919038497
1.05587376692583
1.06247053146385
1.07368250405989
1.14782994164506
1.15607413323029
1.10865099378219
1.20850328498185
1.18200691029826
1.0776522668895
1.04868165889398
0.972059778459691
0.929435723654989
0.919882105378548
0.917829625030603
0.91749937015612
0.909157715480177
0.876940740043503
0.824301717627581
0.810504762898028
0.769263588622169
0.768617560115584
0.771994149664455
0.76544672744263
0.766480981222837
0.727214032208883
0.624909437369544
0.590205687360739
0.552793055766012
0.599301961585266
0.578770285130418
0.621451623418285
0.589544316208215
0.592568404353761
0.570698096447472
0.586599301384483
0.599826449827971
0.594348811778128
0.542086187249125
0.460476013527059
0.438054829418842
0.501519793883061
0.577660724813414
0.645446383511732
0.649931926607273
0.616796302637593
0.656408656077284
0.668538386905412
0.710485215518238
0.668360692239377
0.681493150904732
0.649553758359261
0.755963194469118
0.807508556955199
0.797761451257553
0.811371198858229
0.73055949891232
0.678605862848658
0.745177357020054
0.761655317969515
0.755858033244563
0.693942011611703
0.686901139171474
0.69271080332636
0.667431686564054
0.694289167122949
0.716587217629279
0.679325846627255
0.656870896621863
0.64434783853812
0.630148159418823
0.626950901932501
0.650458005855012
0.695429149236121
0.71006186022581
0.659689063543593
0.727955550448562
0.684492398883424
0.740136269440984
0.817810005095073
0.779245753386004
0.756774908106952
0.827783728142531
0.862601054860436
0.829875270988497
0.82880604151177
0.828548666152388
0.868483949430164
0.863994623426581
0.822120911635645
0.879765363974943
0.893649941682686
0.922034703523751
0.917739678699657
0.956106761625993
0.998604670643655
1.02643246880228
1.1039493029138
1.19574504927338
1.27396910005523
1.36008041350296
1.38861099624423
1.44295263495131
1.52601602419301
1.5019079064752
1.52111998335016
1.58274592759962
1.58688848005702
1.54202575748975
1.55354330626955
1.53122401164548
1.55751436258521
1.61976607277659
1.60599212830601
1.63629758943797
1.7280280439029
1.75057654880004
1.74789441950553
1.7809897804017
1.7821455414435
1.75865459941404
1.75062151398346
1.73424089214677
1.73738107516825
1.80166633752539
1.80364059920987
1.92288596934616
1.95373666646142
1.94506230062316
1.89231388757575
1.91272134592998
1.96978251248187
2.03142304960038
2.0476876742434
2.00445308518088
1.9860119468432
1.94199118229458
1.92689376684103
1.96983135096093
2.00685815313822
2.1209827040241
2.13863830841506
2.17855946884534
2.1549295314899
2.12958733529046
2.11048432007872
2.14443622888101
2.12732650160916
2.16595890465638
2.1881265115209
2.19759480070702
2.19084223438715
2.15894369807208
2.12936161563171
2.09710312585751
2.10363330327169
2.20357528494665
2.23930334554995
2.2854121817955
2.3177199574766
2.2270982124576
2.29527480717002
2.2866790500099
2.37271238128855
2.32769972215307
2.373835662792
2.33980625515606
2.39112813676614
2.38497121175183
2.33091915621822
2.33530341625918
2.33717243824706
2.35457268919652
2.39007075637362
2.35967366849764
2.27566801058519
2.25744734619054
2.21207789810911
2.21628590229273
2.19188977665854
2.20545131964035
2.22768392006335
2.2857964129463
