1.95475243941691
1.96728091219399
1.85082419404293
1.93714914983067
1.80349152043412
1.67975457776932
1.46716031360092
1.42051585693942
1.31450503755422
1.24257267034458
1.03381960312843
1.11691370663752
1.03491986979058
0.982833908870278
0.89411978347806
0.751820057179756
0.686640448639666
0.372493642953402
0.463571334069406
0.440799343289387
0.417462937179914
0.443644819749357
0.502203466368748
0.39664094507492
0.131766007121405
0.195718173326631
0.247229800606724
-0.0465699217684084
0.139933854934952
0.247076485092416
0.272700667657186
0.420533553342835
0.579384802324578
0.520053164920448
0.635578943211808
0.616359102714481
0.537324054147935
0.633219228182521
0.64495885058773
0.619501940236595
0.456703411156558
0.476856387990655
0.472014770105681
0.382323391138777
0.358563493699496
0.222260328582919
0.162690413581389
0.219358781410315
0.126263688324643
0.107202609138588
0.14119125325925
0.257506798190375
-0.00216399284140101
0.0773792768007662
0.0501240025363665
-0.140350667426113
-0.312796553069891
-0.321598798954982
-0.306078441313115
-0.465737588176726
-0.390102370682666
-0.582275860012794
-0.648962940180342
-0.743640053550836
-0.785671842579862
-0.705093676479074
-0.87899586608301
-0.944562056117732
-0.94947588812756
-0.952862211967022
-0.995981921366047
-1.00784456994569
-1.01403216418692
-0.98769636192911
-1.1303151895362
-1.20955318834934
-1.38263516431253
-1.38688581172764
-1.51100961404986
-1.46785217953726
-1.46204402057374
-1.41635152673166
-1.36630290979217
-1.353827000034
-1.42641508208563
-1.45021078410723
-1.52092965865083
-1.31646730807246
-1.36078056390247
-1.32594345808267
-1.25088330934135
-1.22051048135897
-1.31278414663667
-1.45092858665555
-1.17829950596524
-1.23127472277817
-1.2474093928562
-1.31394292140013
-1.18016968758863
-1.13165749648454
-1.1458363131486
-1.03612216479136
-0.983594172640666
-1.17231474540753
-0.918226719863929
-0.923481602969882
-1.01455985637254
-1.03325329619616
-0.898788147444341
-0.940393260557802
-0.858891705060718
-0.764405956770087
-0.777420546444603
-0.760784546172031
-0.828688802385518
-0.744333450923626
-0.828477779796549
-0.731885200155917
-0.807849796570593
-0.755969952833736
-0.660312018488195
-0.602924100138097
-0.502133650781158
-0.509414053357869
-0.493364842798803
-0.601228123899418
-0.653293758747485
-0.440414451375045
-0.557196489466729
-0.360032014649124
-0.313677836696478
-0.278367218964119
-0.0330862774505699
0.136363226641806
0.446145587485153
0.660280821091682
0.889353201078853
1.03185884022607
1.24979472818779
1.34906053789587
1.5319904761718
1.61423861510225
1.67201626687497
2.01367234473563
2.1617376680833
2.3708660573437
2.46386357014354
2.56932421254957
2.75129198032678
2.73258601553631
2.76953836836133
2.85308501845556
2.96986070964312
3.09377632051952
3.27873611360517
3.4087462971943
3.54756402175591
3.60650820603881
3.59791900401828
3.56151192787277
3.43891569026754
3.41510251636473
3.45477058004384
3.52969026935085
3.47445888872049
3.44955521880916
3.39637405927266
3.45096953053393
3.43251225488154
3.68323975158231
3.79522231646258
3.75183097719216
3.78917524542652
3.91854717212488
4.15438966351455
3.98037792951372
3.843213076494
3.8896641825322
3.81455891260353
3.83201874021021
3.96453372305777
4.14769197008517
4.11516112277626
4.18201892153302
4.33978392600268
4.2868284396577
4.28514018260699
4.40751539279411
4.24784340509218
4.44403028756434
4.55244520451353
4.64982645512637
4.70394204998773
4.93005968999442
4.93108713330745
5.05371378391492
5.00115801530037
5.02239872534711
5.07526077363347
5.30201623831177
5.42547182963493
5.4150686329356
5.65375256445273
5.76963900639318
5.74409933919031
5.70411998907619
5.68463251582782
5.61440325701942
5.66862200400807
5.34961232240496
5.41074949444986
5.46912669458457
5.55257346981216
5.48903785000119
5.45755811445319
5.48418907359384
5.40097416768053
5.52955522920808
5.33858484065432
5.24480341356016
5.12957735258375
5.0673105635713
5.04345158947166
4.94289228022811
4.85465287492882
4.80170746298298
4.72755178053004
4.53082978532303
4.64128203596044
4.67044370789134
4.61486826700991
4.51299229584875
4.42766707371197
4.36027136722273
4.2962849265781
4.19826817341219
4.13554312935169
4.08923068456344
4.01774558250006
4.01090727366512
3.98550114556785
3.82866318904207
3.82463361657615
3.72334854430395
3.72685540144274
3.75679859840832
3.47411306376867
3.34278161463393
3.47488165412142
3.46381528384379
3.31650090584802
3.21588351872247
3.09256889112791
2.98213692961071
3.04593222705843
3.08471610396114
2.85535776013841
2.69100313345745
2.53105195756423
2.55897529484164
2.31384772355773
2.30487622010264
2.08831764409032
1.93203737203242
1.7649969336771
1.82038910755104
1.77177715865693
1.65196657221305
1.62001591497681
1.66561499620483
1.59983705570702
1.61907307667842
1.35427470763602
1.24421435791245
1.14763440017749
1.18427493184909
1.08078335835843
1.01300584734477
0.967519528442874
0.882759295857204
0.825832181418706
0.663934412043518
0.616199857069572
0.515705922593645
0.385708623506251
0.303214667660019
0.464871634546752
0.237904732748359
0.170167246476624
0.0172906037308502
0.0797996495428057
0.146134696187072
0.22089315137682
0.267846690915897
0.155406698403515
0.323092794720522
0.346516834185322
0.15343755608648
0.000893056622979893
-0.166099480427604
-0.154151192388003
-0.0617164195516771
-0.150083871836153
-0.0484266489542171
-0.0386611665486694
0.03955900874857
-0.106989080616157
-0.120871534910615
-0.167302371691801
0.0287288548542357
-0.00625386092514524
-0.119786089595309
-0.196211086346248
-0.215246483073122
-0.244906207394549
-0.241175551301839
-0.235916486638538
-0.164019204359927
-0.12919364185218
-0.326900882579624
-0.211464498740043
-0.258261027531812
-0.315481198060218
-0.236251252509888
-0.165758033920526
-0.293910593316164
-0.486653953745228
-0.423766715717639
-0.399865674456841
-0.613524135908132
-0.469465674276129
-0.452136075822875
-0.349763045258742
-0.213748739304443
-0.0600678932973027
-0.0833026638184403
-0.273270250710892
-0.341386758556019
-0.329186088970854
-0.352245980636483
-0.218793632158539
-0.21146019627309
-0.242118869809184
-0.0911129233474601
-0.00215800785957199
-0.116332957331415
-0.225895189387837
-0.0686216957459619
-0.23446980567034
-0.0470735922622358
-0.0713644162046606
-0.192819792868317
-0.151436448198788
-0.106400926495405
0.0175701655740048
-0.11236530455708
-0.0817131781520752
0.0450615877043939
0.0737992381557247
0.245650949720002
0.238212016976763
0.420692380501404
0.583410338812982
0.554638489070202
0.676828885472497
0.688468951034803
0.729523608731544
0.596602139391113
0.58016458878021
0.500579741767833
0.562062145913094
0.665052195547117
0.603837389014511
0.628241595325978
0.936924510593638
0.980149526197374
0.857093813164695
0.807692816513195
0.676092039357066
0.682105971598947
0.807436168847788
0.782502624309764
0.646350246135341
0.744757694097187
0.826992826716298
0.883694571624914
0.864433864374418
0.846413546642781
1.11625508932341
1.33196908693449
1.2957402802134
1.47875458396934
1.56008310319949
1.64700844098844
1.61792175734918
1.75357050371186
1.92764291366751
1.88179975010001
1.89968809916087
1.9569480416867
1.86680459120932
1.82700343472256
1.87075017707444
2.05673175258786
2.05122152406796
1.95706720525924
2.11262824836429
2.08363325094612
2.20095129715661
2.17932968745453
2.27874619525615
2.12334560349514
2.09259440323413
2.34281266724696
2.51783839271635
2.56830124466735
2.73944792334076
2.69705024144827
2.65362161056033
2.63719931251742
2.60761485565381
2.53838541476138
2.49210061122754
2.41853797847779
2.3840421388845
2.57087021947715
2.34982718776959
2.46068674280615
2.56593800213283
2.46720371140456
2.4063374574618
2.44662054017739
2.53328762502391
2.49439082859546
2.48319851454937
2.56543365995238
2.50578557198394
2.59795661304715
2.51495373512659
2.53086946799701
2.53443056600153
2.63906443698029
2.66955268375968
2.64858189610819
2.81001792447993
2.7152112732805
2.61717634264936
2.5612421450021
2.566153226035
2.56876473946261
2.54118298576011
2.38737531194351
2.43482501188575
2.54331338965725
2.63193846669719
2.68803468716515
2.82745526393614
2.6456639174992
2.70914293593602
2.72860208794109
2.6483611084417
2.68928998769814
2.52942346059926
2.45215989952531
2.55784537765207
2.51462944703899
2.4294483118605
2.50430643564202
2.33900433886512
2.25743986416782
2.32071235180456
2.40467579364547
2.3553831099074
2.26943977351239
2.3828716405352
2.34819794912257
2.39571648722687
2.56179221206842
2.49276403479998
2.69760041949706
2.64408477194583
2.66531302883997
2.55902126490792
2.52672662554927
2.46023818004554
2.34940854920757
2.23608719993834
2.20004144449294
2.22404360442243
2.35165455599404
2.39852447976455
2.28714735845362
2.13040462466249
2.11662468596693
2.23700030416788
2.14361373835833
2.16653031839953
2.09378374812308
2.11947638085189
2.22732637164716
2.26132463177568
2.16614646590926
2.03361887405215
2.16490316118878
1.87204829922544
1.80076392446199
1.71079398033241
1.78502018290094
1.67072885658359
1.73225560245885
1.64482538600657
1.51595583226799
1.41926020804645
1.45715201802721
1.69659153785624
1.86505866152524
2.0631570248624
2.07262306924967
2.04615385621413
2.03858187163262
2.06020712784058
2.05659413922558
2.24717150967064
2.29203766589461
2.1453165119539
2.17913584084908
2.30267431856224
2.23207343096358
2.29356021650813
2.37236344930666
2.45738698270888
2.36811499214354
2.39435510627078
2.26241280183714
2.29372300824592
2.32721078894138
2.38177125291017
2.34061627011196
2.28184007520627
2.48033118607895
2.38268384931306
2.35597106593538
2.31845585454523
2.26266951981137
2.22263711377844
2.28777685451243
2.53105549459959
2.69369124226467
2.56593192910882
2.5891196996588
2.56213360823689
2.52659533649267
2.58877794535561
2.45875519668878
2.30477318952118
2.31003158852632
2.25606575729194
2.26875501606171
2.20489427205148
2.46572867512664
2.31892463730537
2.38881738070109
2.42434034402967
2.60058307016869
2.7624001579753
2.86958920232314
2.81853545075934
2.78341159978144
2.86120277625259
2.80527618929139
2.80187699090195
2.87769034475795
3.06259278813264
3.00831370732463
3.12542106256175
3.16068005940954
3.18144583815535
3.27112716055097
3.36886037037731
3.24531467824603
3.18562162512278
3.35633055933332
3.37987029152737
3.35575846698601
3.40671612773708
3.44972310229044
3.45060210756717
3.4737325202757
3.47630797296906
3.55869148694179
3.73372277885446
3.69030047170506
3.66060289454208
3.62335073628076
3.47720978476205
3.3825391199446
3.46518359831645
3.51458385221664
3.42212135909893
3.42261565721353
3.56802805400537
3.7428566438349
3.5514729116415
3.58619884999857
3.56851815099411
3.64633906034761
3.66807692822975
3.49133176073404
3.45090534452295
3.29568514187986
3.31063063181
3.37944797690906
3.31569263338311
3.31467247429575
3.43741484000602
3.49180953796615
3.37921880831055
3.38571841176063
3.41778181496642
3.3446310057306
3.22970719954082
3.19268718802047
3.1552098001067
2.90813700602044
2.82017070782154
2.8545005594597
2.66026809191466
2.56671068069429
2.39040547097165
2.38370015504031
2.34445967174603
2.31244432699751
2.40745163847773
2.36901445488617
2.34534678401274
2.35345393742435
2.15842441428824
2.18462251499368
2.16982536939849
2.35007212275477
2.40874198902842
2.21186856702127
2.30656382689094
2.18479145938045
2.31532382811676
2.17021021941878
1.99494561128208
1.9317305229105
1.84300083758533
1.69935151386284
1.66214321570616
1.40639119157036
1.33297639522324
1.22121752063258
1.11986915390796
1.1161005485425
1.05304197106097
1.14572549165812
1.22256407472847
1.10415306707875
1.03838597974164
0.958911530812528
0.729226664313986
0.684855667219387
0.684777888297653
0.573099827283018
0.481785396702023
0.26369966822939
0.215621154226824
0.266192712964863
0.276675869582184
0.369749228874523
0.281352046123276
0.0992169013544049
0.0236382457911599
-0.0216146039403278
-0.0660234577680336
-0.188587797824689
-0.280166223243231
-0.295475749519965
-0.420512157442625
-0.472789482883472
-0.471413213477266
-0.353519260097057
-0.39630282022185
-0.276433917401422
-0.291782728265605
-0.359366163770542
-0.51272301683815
-0.654837850179739
-0.666006785889907
-0.760789510173469
-0.904961540057778
-1.07527105634125
-1.07341254815572
-1.13045245606516
-1.10503095758278
-0.86470927192753
-0.955385927617362
-0.91401857434097
-0.958356638924602
-0.972069669986513
-1.06529338492173
-0.983463020033424
-0.891700620104541
-0.833695706397625
-0.836354716363393
-0.628179404663667
-0.558308418167291
-0.689594919040234
-0.774185099538261
-0.792843782326889
-0.858949031483922
-0.745448694415667
-0.797491888614948
-0.706530170765189
-0.773050857369945
-0.706352442302995
-0.580644170139029
-0.533714758303416
-0.318173199033014
-0.464907643747195
-0.403035362754124
-0.452165574725894
-0.403114969952013
-0.383772765962705
-0.451533519269586
-0.260885577878898
-0.123017964749311
0.0393081778703662
0.0929068073959234
0.0417906803394947
0.0558097558029229
0.192679705274249
0.0973938444806956
0.183592963078109
0.152132468441406
0.217739094079254
0.412698742966436
0.494583383562987
0.580813508396209
0.660936452069479
0.783006388756634
0.943386121178907
1.04917028673788
1.19088519557367
1.23556848091639
1.2749282314055
1.37746817946029
1.39701484874792
1.59050548996505
1.71903721663005
1.83451683685106
2.01432155181159
2.13809641649004
2.16527382900001
2.212821817966
2.28020623923195
2.45053141571168
2.46841569801464
2.58673683477239
2.78306739333479
2.69760877724048
2.61816646704145
2.61142780009376
2.69279005406644
2.86356191737713
2.9243476211532
2.88805004765744
3.02614238926026
3.18648706381172
3.34195470914215
3.43574991530439
3.41133119317746
3.38427879945048
3.49311000283864
3.51917165852727
3.65443268204313
3.54258990443259
3.66109057224083
3.77570063330633
3.74979696598789
3.74377026809185
3.99846673698857
3.90550750087462
3.80011341081108
3.96097890201495
4.09068656599427
4.07777138079455
4.31252747693823
4.1397303508697
4.36711560110516
4.24528878313422
4.25045003421946
4.22898251620418
4.19492274948038
4.12036577426069
4.08125728528551
4.02576773259955
3.75839080708292
3.73500909107582
3.79753942200106
3.8781239027149
4.06845028140499
4.17154979521516
4.38152857832454
4.22539968204277
4.17154013022956
4.06612397463164
4.01693205432631
3.88306552459605
3.79758750633672
3.69072829043279
3.73000479203987
3.6728843595076
3.69145782925161
3.52718413121671
3.50952927414909
3.42080669622146
3.30720882044829
3.24765976914042
3.2021431310298
3.09892911579735
3.00472295969646
2.98983021100835
3.02160296287955
3.08383841503577
3.07896157436361
3.08352827528195
3.01273602137309
2.86999830482345
2.79502812896329
2.89797890894877
2.82731766235135
2.93068284631841
2.95691982462445
3.02572181350395
2.77890773074326
2.74980041735562
2.73463184409567
2.79596830853845
2.9017882916307
2.89763799612525
2.84300175229354
2.67699138377426
2.67776293968079
2.60055697430991
2.60177255446781
2.57907893857316
2.5887782417698
2.64418290877182
2.48525953899842
2.52103831178172
2.38186358896895
2.33229957395469
2.42245370550245
2.46195298875961
2.34225263522792
2.29369144834393
2.17654416248197
2.07915661971538
2.02258649117825
2.05308027805391
1.91038554476322
1.72252374541828
1.63167694462897
1.44739950831827
1.58318324804961
1.46491947922023
1.2820276763515
1.2036890038463
1.12612900806529
1.10041893425589
0.949580265306751
0.800519963429392
0.81356639515485
0.896420792437222
0.86849545519862
0.674363210803634
0.607462335884368
0.552142519515504
0.475667073424804
0.288889817545277
0.361337701110488
0.361209820098224
0.293086412766515
0.365772679252734
0.464280385066208
0.582729417046781
0.558741187511603
0.417039888669422
0.544829781398884
0.514192712679589
0.54982796783597
0.589769421588224
0.457605521614289
0.578304860537233
0.461365487227836
0.478404994183963
0.496343943097456
0.497439056142812
0.485918934410996
0.392380206749191
0.380676801953718
0.324229416777402
0.272078435218064
0.315782705579988
0.358350577719448
0.537356252186525
0.429417373308552
0.426029249592065
0.416449534277766
0.485393191235187
0.373280095005822
0.4104502152029
0.509499327442911
0.405088600992442
0.420508085814787
0.525349143331777
0.446136522910304
0.386596936201154
0.585467063807259
0.588420577971687
0.67912426341303
0.656290508670939
0.706298524901975
0.719618071726557
0.730194301079114
0.652537226652521
0.540469988603121
0.678317937460613
0.619898806501746
0.582195961477517
0.572282591801786
0.677777621936486
0.537825091466385
0.500067327820215
0.581915589624721
0.60042973213633
0.547413647574921
0.587414944707718
0.612033228340704
0.73740565786519
0.855946273921027
0.813468528723433
0.696231110056201
0.682683628821615
0.773577159477521
0.678960455434547
0.605670820788234
0.730763446990196
0.762841697129971
0.777914439818235
0.643317680160435
0.796561050934646
0.965615276925213
1.12113143738454
1.09086464374432
1.17537192884704
1.31272174073811
1.40792018610996
1.34019209710574
1.46437443233742
1.41713860595877
1.35680258029574
1.37765995177144
1.33015510328954
1.4986565651842
1.53949491710469
1.73228766773864
1.74408532861366
1.65955762945506
1.72416652948226
1.68375828453348
1.92634147460519
2.04531771244503
1.981580157806
1.97664630002206
1.9870042124057
2.21605246398646
2.31848445552584
2.4680471751373
2.46145525072744
2.61145729586868
2.56816662974335
2.50128161239171
2.4266275171419
2.31963474941342
2.22823738798392
2.26261525842016
2.2938237066246
2.37087372870737
2.21008591862577
2.30888470210763
2.39812623014239
2.21075897364402
2.36850299972038
2.41080915632056
2.42692431962135
2.58264941480292
2.63579630701611
2.58538612323624
2.54134146657025
2.56732265867714
2.5459460049849
2.65187458379881
2.7406230120773
2.73992794027286
2.86202474057947
2.71861096458962
2.5783949853243
2.43924517576371
2.47130957555386
2.48006395996967
2.46625249988227
2.46584935628235
2.55486646687266
2.64727475508269
2.73751524410899
2.7934142495952
2.70315224384368
2.61271863295745
2.74793085876609
2.73671069876888
2.63891967304815
2.72994692160809
2.85666759435338
2.93947389537916
3.02790424857454
3.18151776463527
3.45878618382641
3.45940102454572
3.41178889609075
3.40426399111034
3.46990092796167
3.44412629418263
3.52667856228341
3.4439027825512
3.51070444050005
3.52518329937439
3.49505058570534
3.25842345685692
3.21172349378265
3.26835060113056
3.20082405435441
3.16463625436316
3.29876508882819
3.1382342473374
3.31822014702618
3.21403841487281
3.34670629911606
3.13801002443485
3.03172229026223
3.10693603322809
3.11228967574098
3.13323652592362
2.97438763361341
2.95402798473508
2.82152263231782
2.8102127215652
2.65969207166833
2.64617401835031
2.79651026232805
2.72243047994301
2.83093150237709
2.68486635404864
2.59838766620174
2.56015921410092
2.50149851676585
2.6270222276027
2.45269899191495
2.43746683284085
2.58920815987603
2.53924189941435
2.59729674403685
2.61766536547741
2.46275090694786
2.38646681111226
2.31780812492644
2.28815140869937
2.30973364578935
2.31452448842799
2.23884110181429
2.13198350065868
1.97236430320156
1.88518468074452
2.01508999930883
1.96927537049394
2.04111041533484
2.03381269029158
1.97450440463555
2.0809495269728
2.08991316498839
2.02296212476784
2.11877769069484
2.08372427328491
2.01962190420905
2.11278541401194
1.98022612596053
1.8703939156557
2.09031915388388
2.02211276940937
1.97354130361634
1.89608149460986
1.78610086625715
1.79008732678086
1.76302226533255
1.79884785417204
1.62936556203898
1.43572861854944
1.40697839808046
1.36145412335612
1.43625539183325
1.56757342191084
1.55492205204886
1.55015368237003
1.38532410586363
1.4250475743653
1.62835557104135
1.57086352346044
1.60494165628997
1.50854785574894
1.53817693963376
1.23690752615021
1.37149320530108
1.29824599555749
1.27242352573059
1.09334410036678
1.09457830362111
1.08576822501218
1.0756185827864
1.00448255156494
0.972800781537478
0.912713840799063
0.89399760630602
0.836432976457123
0.854586402505695
0.908097132519306
0.945717821642953
0.918707994016199
1.05823998643966
1.08937113316258
1.20746416981713
1.31857744533553
1.19157737867463
1.16531480098397
1.09107821773886
1.2081009061863
1.14894293621186
1.06901605380056
1.01358887244752
1.00643116933355
1.08615111411905
1.15761675436315
1.12561377555113
1.16056184770956
1.24954742492869
1.28812985382602
1.20951491537552
1.26971560847634
1.25004793287747
1.50721227337337
1.69357912332304
1.63486315679294
1.6873466121328
1.56259963963145
1.760922071188
1.80373581060935
1.86531965044054
1.96751424333506
2.05680884921891
2.04688723548181
2.02226999536769
2.00527493932702
2.07115751826949
2.34617142018312
2.48431889948272
2.23856980272226
2.44351991276522
2.49886936409105
2.49442546603083
2.46083240871593
2.46306301878621
2.33839377123525
2.21378680041442
2.32234826950436
2.51312249113264
2.57022777745714
2.64246178306738
2.58878013625878
2.58741480431731
2.58842990739174
2.53263844969755
2.6853949254409
2.67858416784135
2.61616502903329
2.61870279036617
2.50005534359292
2.58583828840526
2.544100044915
2.637802029325
2.76280980092002
2.70343597765058
2.78744764054025
2.95207167546879
3.02364268132004
3.12363429185332
3.19151945305425
3.20229230640764
3.27452631440859
3.44379277204138
3.49476575690749
3.47535187423063
3.51369082558435
3.63464660540946
3.63657333841849
3.68887747559249
3.48314870040622
3.5370756938575
3.34180559493609
3.19107932016447
3.3838856434652
3.34759938102606
3.34464022152984
3.21081395344787
3.02172439032188
2.91107886152367
2.97139006963582
2.91397060418826
2.83087571097799
2.83523672763172
2.62489129315577
2.53244414550887
2.3772411992646
2.38814889192109
2.33795269691906
2.35177975628153
2.18924446864053
2.06641577834525
2.02142337264895
1.98076579003457
1.89344098847346
2.01801520232966
1.89622408921901
1.62901168591402
1.51362211087298
1.37829564610264
1.36522662268913
1.03809490942773
0.881247577045033
0.577309719702202
0.392253633291054
0.363266681157797
0.0251383914201858
0.0532812237331349
-0.202909917594847
-0.28348086043556
-0.279571206072263
-0.305808951936075
-0.37173905908147
-0.358933874452452
-0.341361261048307
-0.287923566495838
-0.281467275058222
-0.321629262116208
-0.360333441485299
-0.294643304872816
-0.358292015950185
-0.179245787199562
-0.0895494811548936
-0.0255924654302585
-0.135470445342589
-0.225142815624481
-0.215713758162773
-0.0977408845347188
-0.196883267456829
-0.332028276801527
-0.403748179490325
-0.503750363074085
-0.542045524049594
-0.57394550082661
-0.709959095106432
-0.635114297153683
-0.542825900328104
-0.751854956610492
-0.673654395019742
-0.739807857981676
-0.814328932802206
-0.772143790402051
-0.825315298524157
-0.918156706730293
-0.800085682930226
-0.797204253615504
-1.04891595958166
-1.0131765348845
-1.14963938584172
-0.913142531825359
-0.860885890318057
-0.976914610951002
-0.909653811400007
-1.01099038670534
-0.862507105071307
-0.874891749558206
-0.947688055172553
-1.09411559228984
-1.22086186179276
-1.19080294131723
-1.15036636535013
-0.960674591952649
-0.90007165715535
-0.930624507317149
-0.951835445292099
-0.861183899710243
-0.758183039022546
-0.69551193373291
-0.8737939916923
-0.74838917980045
-0.781926964148949
-0.826995639542814
-0.819675482809514
-0.796085512813558
-0.591458373215785
-0.66283270383432
-0.657574071784956
-0.595936871750268
-0.475124724169552
-0.438214066609865
-0.250870658722088
-0.121016827327683
-0.098747649818254
0.0752340822154755
0.146978144808445
0.194923062320099
0.332745162278493
0.331413733272126
0.346344234782628
0.468318705350433
0.540663372632119
0.597581333641431
0.559740030747557
0.552089219594758
0.682264299571757
0.635453395363041
0.622771067886353
0.8353600991948
0.78095242173159
0.774931962122246
0.821155513953145
0.907413587438866
1.04021452275861
1.03543229716248
1.03682244379405
0.963696163493752
1.12695989505385
1.2064145767215
1.3233154309425
1.49892262896999
1.43484875687148
1.49098112250854
1.40230185601467
1.5008430904146
1.43275251306169
1.34473893095092
1.49482703516581
1.503008429469
1.49865356364586
1.5201557194075
1.554675377292
1.4693523755411
1.48139012827247
1.65141666505863
1.69377678056825
1.77426170915725
1.80448499209412
1.89361029864522
1.94194732107394
1.99368775236967
1.99448613373628
1.9164612078517
1.8332851055236
1.87189808901742
2.06009319235448
2.1925769164859
2.17561229691903
2.13561464965562
2.29476232359305
2.38726472188209
2.50777153134555
2.42039148799255
2.67232672342843
2.76256240183276
2.83877584973075
2.9176634050363
2.85371638544584
3.08929528350542
3.2672992831174
3.33685738500104
3.26969562873171
3.15389680773954
3.35058427618185
3.41761308679095
3.55465927924129
3.45706217686101
3.53526791954722
3.60169080983726
3.67393180899887
3.82120538426034
3.88687209537947
3.93956811282355
3.98119588447539
3.98203675155308
4.13167722215282
4.23656504211543
4.23232879802268
4.22028610080733
4.116909126237
4.07817949801873
4.09752473802177
4.10501031701309
4.2021193083763
4.21265420392207
4.1411663245901
4.03416813366797
4.01443949571987
3.9317340212398
4.09379967152714
4.01620288029422
3.91156642353259
3.86636115580791
3.96532220254172
3.91939717482432
3.79693966826091
3.86715679036556
3.7330949169243
3.64521916146924
3.82358924734956
3.92259490685656
3.78071989233441
3.955914423439
4.02219222027269
4.02023178051747
3.94914220343765
3.71363890068384
3.6462625250709
3.50730782781222
3.47168578339452
3.36245305542322
3.18758821480668
3.14656727646706
2.98607256536315
2.86340011950285
2.80446280527503
2.5834349621494
2.33137707663008
2.23664410791685
2.18742239337038
2.02323213007898
2.04026391262129
1.96146347063144
1.84147059330002
1.85596366409613
2.03681478593139
1.89914624050706
1.69640933509972
1.7216515920841
1.50868370887631
1.15051874959722
1.02215254398164
0.849288459540392
0.776357280950374
0.731447533693
0.708676336094223
0.494895446272471
0.511270737084192
0.550641697325738
0.541189760871141
0.482660259300558
0.262994587012116
0.325716762443921
0.265124008299197
0.262530246302483
0.277131446355327
0.217456941408407
0.00026321743707558
-0.226604743724744
-0.293492656647602
-0.38192927188936
-0.419830012902085
-0.495249925262198
-0.666983525042092
-0.767703023600532
-0.878825689713909
-0.899166595610925
-0.939144293909667
-0.955949743442131
-1.07654083807306
-1.15007656655821
-1.20872700540509
-1.20332843246772
-1.27875470265755
-1.4202981998085
-1.48977341614372
-1.57196197754076
-1.60704488550702
-1.57234533570781
-1.51500872680345
-1.45029674781601
-1.4979636192169
-1.60453132326879
-1.55053701084037
-1.56382369285842
-1.46243714812152
-1.56263587823745
-1.70487335581296
-1.55933493460462
-1.57750906426448
-1.56544817377079
-1.51213928973477
-1.50321538917787
-1.37494485147838
-1.34873933993212
-1.08964297618929
-1.06078736485932
-1.09212911820691
-1.01571891284367
-1.13462713238213
-1.17772074804034
-1.25278790114978
-1.2534560411798
-1.1578720810063
-1.04161751845735
-1.10997921944144
-1.01664472979158
-0.885123307268227
-0.872941580316032
-0.860418030163162
-1.00196846774464
-0.978725469863948
-0.983502432818515
-0.958201549940477
-0.963679599894866
-1.12700203487075
-0.808026046559674
-0.729609233053015
-0.620903768427674
-0.552018907738043
-0.474229929979871
-0.41886404382492
-0.498147765986557
-0.449434743321552
-0.341162214994647
-0.272038518854462
-0.193277542551542
-0.232924247652951
-0.240769767455999
-0.230665396618357
-0.130835209205992
-0.0724224805184623
-0.255288679911328
-0.152104158132689
-0.155541042339933
-0.101675295733353
-0.0372692706605768
0.270024885682948
0.360691028541555
0.418004870094093
0.526595505581036
0.58512455452136
0.661032060540519
0.591080699669827
0.658507630850891
0.627292311014549
0.653131141981647
0.606677949431076
0.694239259225603
0.727540128377877
0.895786690757627
1.17526502581052
1.52605584709581
1.49066014182143
1.56379881530528
1.63687583374325
1.79801700485976
1.77856978921916
1.7967415408439
2.08239222573808
2.06409516969495
2.24332637716771
2.16539547394747
2.26501767410109
2.44421640451423
2.45591926149445
2.41224910828299
2.3249474571173
2.27663459228635
2.38363177194415
2.37418818612343
2.52598670063833
2.46673207101778
2.42082617725816
2.4087756418736
2.52082817843103
2.64277486896783
2.8354328859722
2.95969818700099
3.03176130867734
2.93107908480541
3.01560016645002
3.26547913852122
3.29610266526623
3.45035790671986
3.4509984247921
3.5898262392978
3.78569540775571
3.68450044296071
3.73357610943706
3.85389136321623
3.82369254910049
3.82655494858209
3.69061725393392
3.77778149604333
3.70023870235035
3.68738367491944
3.89075771900803
3.87626949309797
4.14015851079159
4.16772277059383
4.12371771327639
4.24264320352137
4.13931264375162
4.33606751746801
4.5410177610023
4.48501223935719
4.4934027295811
4.39071267971665
4.39352501148283
4.3870025692626
4.28140689749352
4.31552815404583
4.20528149358638
3.95575820139158
3.74557513883139
3.64412121094336
3.44666783484074
3.64968277263712
3.72501404176521
3.95521961370359
3.83063076391374
3.99465139724724
4.12365406498585
4.20942679425628
4.18109601558021
4.28334309772689
4.3526959111439
4.31451740162442
4.2662817357415
4.39361390072534
4.20732986425999
4.07861525140418
3.95602556628386
4.03537390045473
4.04390041881294
4.02847130849399
4.11339792789241
4.2574575508216
4.30314522513438
4.21602070644919
4.11156537626629
4.10950108974233
4.18383791907524
4.34498109563686
4.35575732966459
4.43326114936947
4.40340591257068
4.42272128748801
4.40669307162364
4.50312999223334
4.31202573180706
4.11412969841907
4.23465557735342
4.15362537480191
4.06493842471916
4.05786350293028
4.22875809877524
4.24968422637514
4.08526549682861
4.00016607564615
3.85079322177593
3.88798408147727
3.82552168159866
3.73332488991132
3.78919231191282
3.75864305398223
3.68601885487221
3.56944478520996
3.80765653441358
3.87911194189867
3.91749059367457
3.90733397254021
3.75851010520032
3.61435971542259
3.4703491492041
3.44606167930141
3.33747583053729
3.22104678846264
3.10741285309761
3.1343745784757
3.12444240694665
3.12879993448606
3.19313552513473
3.16646555736586
2.96293096441998
3.04402850868573
2.90034423911486
2.88609596246421
2.79338986062211
2.76383674193088
2.72913884646574
2.70335971227902
2.71825020820273
2.67272756609797
2.37073440447526
2.30352429528957
2.1692421934738
2.21872871732532
2.10120339061034
1.94915281828286
1.81630365297072
1.70858965195467
1.64352722556565
1.38942018076918
1.41060525950798
1.34476420936341
1.27457944864836
1.37519261543531
1.37832609091257
1.38525254389134
1.35853941268228
1.48190699126517
1.46987028227022
1.25433351566866
1.10825122125408
1.09497147894857
1.15281567503608
1.16111636998051
1.10798015207062
0.874669737660433
0.957509252944697
0.897517362259887
0.877461358751507
0.893180543730614
1.01921545915309
0.955696461837003
0.805113350791054
1.02311546483588
0.891968568240521
0.772930871539688
0.692891620074402
0.705508403748672
0.689342060922474
0.561489187862105
0.544892959890521
0.512171838922688
0.44763079610283
0.550320867848552
0.400587163720407
0.319394652662816
0.175731099472397
0.163880844221807
0.176564954978413
0.0119987623477513
0.11512908301725
-0.0849246879083521
-0.292842011163932
-0.282201314789126
-0.295051863041762
-0.313611719056979
-0.218556288645917
-0.304951223508924
-0.450026667367474
-0.307055411227509
-0.516938091310556
-0.429637114404601
-0.532535950577111
-0.569892682382615
-0.703870274357134
-0.943312990305804
-1.27111049124628
-1.27044268188788
-1.44647033631963
-1.41848826860215
-1.6630774690504
-1.66613670442275
-1.6697035131004
-1.80901298634162
-1.89793472905753
-1.95957190687151
-1.91542867835439
-1.73456733550198
-1.87983129030915
-1.92491022653411
-2.07844208122358
-2.19233325802966
-2.08742470437822
-2.08899401862889
-2.21457660170967
-2.29484201199447
-2.11919104490214
-2.26646285441007
-2.3193349203641
-2.29392870310461
-2.43153074614655
-2.4807272274364
-2.41776587355668
-2.34184417789991
-2.39209208892855
-2.40856746365476
-2.35338021677689
-2.3983486591083
-2.28273622190504
-2.35539496795919
-2.38813162449694
-2.19563240376191
-2.12449979413625
-2.30108994055608
-2.26847584856295
-2.15357471128417
-2.24806939827118
-2.23438916510425
-2.18034828836247
-2.09545946232394
-2.13912275223879
-2.00816917152106
-1.92699392040075
-1.86922221123953
-1.85964049483541
-2.0627434711002
-2.09274889307795
-2.06564214262885
-2.00865941737242
-1.90333133066041
-1.98714458039539
-2.00086280004659
-1.8707241200941
-1.79884568981616
-1.74865649953456
-1.47080752864294
-1.32107154389761
-1.26341380531269
-0.998451604265383
-0.954838012175254
-0.893050299696505
-0.757690373688513
-0.622789661452814
-0.52462649283211
-0.562510817588365
-0.46278742135112
-0.412287498769825
-0.223092606332297
-0.172843700097478
-0.0915014108013901
0.0341207519500187
0.0257916749262532
0.123616718203331
0.313070947045779
0.357089721660372
0.552928601195869
0.645358485313137
0.926997764795182
0.881733423621486
0.983883138850341
1.21509357322396
1.32799314014967
1.4185567625802
1.50896671582169
1.44911188944372
1.75876772026483
1.90241476013686
1.91450155250731
2.17259463872623
2.24945481637752
2.36032683343156
2.66561582949406
2.75778711483857
2.83126692570812
3.01837660435953
3.13938072648256
3.35407498938575
3.54684875823507
3.61324229655108
3.73416005648145
3.86840243147558
3.90262382791289
4.23114194830546
4.20686656474393
4.40192093362188
4.38206344735967
4.72361789627735
4.95770694852598
4.97147003190351
5.03676036367219
5.15578773690472
5.32262177647087
5.45701950955401
5.78273220756833
5.94629461880497
6.02801195932178
6.06712951680384
6.1433326288016
6.15909152056205
6.28076545563884
6.35175818512853
6.50456148861475
6.6630189486417
6.73747666480894
6.9683545203676
7.10264007540835
7.22739396845663
7.24045792952516
7.23717256313187
7.42563361617657
7.48940640440319
7.50577817436818
7.44862788921895
7.43208689573855
7.52112947684999
7.42641199575949
7.51066722195622
7.48913682335962
7.53825730185687
7.48432171741664
7.34425427742896
7.21553652786202
7.39720234639172
7.63299360454509
7.6689379558785
7.68709311334192
7.69557162700989
7.81734047980844
7.95472674301685
7.93649559788034
7.93172717670723
7.91943497023947
7.90388837332359
8.02779802566088
7.91709585179364
8.01486700098603
8.00619163091104
7.86712775755439
7.86655335527486
7.75188007588225
7.67624147634355
7.69298307314597
7.63702523960494
7.49194597876171
7.52570332068048
7.38683122639053
7.14387224300697
7.13904181135953
7.02623127168044
6.98298422685752
6.86209022562442
6.77845233542981
6.55213567052825
6.38417934329779
6.36087240660546
6.15313911501544
6.09876842603885
6.05318527677393
6.16581786669212
5.89541483641733
5.88794629663762
5.94652241873276
5.90329937569682
5.63570007826954
5.62110986163998
5.4357373165362
5.1988721487468
5.10293239795668
4.91017585153888
4.70321245610966
4.64746399299172
4.46791637572264
4.54031781934233
4.49554960248001
4.36244142445373
4.32333592506592
4.08938664849767
4.0242792876147
3.85241951098233
3.83422802731168
3.74731235954978
3.41495105912254
3.18887259791436
3.06465206208573
2.99298602321816
3.02363543664722
2.70802573840404
2.48530178662126
2.53214683963561
2.39940293442347
2.26622745780951
2.14977244000493
2.06488189691189
1.92726945487937
2.02856454798618
1.96437390080616
1.98384117766403
1.75826695995824
1.7329955065124
1.50121631477219
1.35248549969666
1.31589193689601
1.24095943977442
1.2625467579922
1.06208510605901
0.964677846728522
0.771857518066297
0.699430106796358
0.62538504230931
0.61823238587701
0.536104042848886
0.451422427459018
0.267738338374703
0.0512951687251024
0.0957595321472144
0.0908529804003315
-0.154238574121091
-0.222201396458316
-0.33095299666231
-0.404400761645998
-0.262776082191338
-0.235862701729836
-0.309676404995412
-0.175559925022883
-0.17792172117943
-0.207915079515389
-0.100869210059157
-0.101328408014992
-0.0204397504866227
0.0227367693216713
-0.0880139966594524
-0.262337339999525
-0.426911351777036
-0.524518820156078
-0.698113606932535
-0.865850662627411
-0.810817031881609
-1.04546127537615
-1.11614576405861
-0.999043404719365
-1.02066589601772
-1.0482247001401
-1.10489449377031
-1.01560038380287
-0.938344805193469
-0.94604636267518
-0.859149992942609
-1.03638482322145
-1.03948476286444
-1.18684055687698
-1.09462959368474
-1.06329716002481
-1.07468989494164
-1.126116484992
-1.08109174235144
-0.945702586534053
-0.82716730968223
-0.817706752097115
-0.808897645315428
-0.787318140196284
-0.812956704175833
-0.88453878769762
-0.784137982246276
-0.778325279871068
-0.527482445580416
-0.671996491525069
-0.617373755607658
-0.53867965999087
-0.532834260057411
-0.430248064901529
-0.616656272957852
-0.672737075196786
-0.766134365757773
-0.638327340205521
-0.652679140655233
-0.490902030532008
-0.477622191215615
-0.397027551162779
-0.284946467568608
-0.530577718586872
-0.660575875170039
-0.701425659016233
-0.668652370582796
-0.583124635696409
-0.594727264579383
-0.479705552761617
-0.571408261312926
-0.517197515034723
-0.513507700254402
-0.375180789201866
-0.19094413807278
-0.0600831474616729
-0.181731206850647
-0.111361498218589
-0.0590066043539626
0.0239925242030966
-0.0400664605880899
-0.207441981764246
-0.177577444565064
-0.231810212861013
-0.0383007230857039
-0.0720525376455584
-0.125819563465517
-0.292651950077254
-0.327046996156137
-0.421797252163788
-0.319847440133894
-0.355523068321237
-0.282131506292039
-0.1194849043438
-0.082095776772408
-0.0781970143958856
-0.010307639392745
-0.0229976260934929
0.128043185155082
0.112461424772857
-0.138196285763571
-0.137227172611147
0.0821194730699641
0.0677302604143957
0.160886280799156
0.164120373561263
0.159447657720368
0.227394410194389
0.344407795327954
0.339953974963475
0.40279593756013
0.367071960690257
0.450944079086286
0.323264919106633
0.359051091390714
0.56130670882281
0.583678295810978
0.567069715142558
0.690676947734697
0.650018453613896
0.748819779488467
0.826517162478675
0.776816306915286
0.709710729386653
0.912029020704218
0.844801890941511
1.03313193475067
0.997197050004255
0.779939537510859
0.705895529414715
0.611407349323002
0.768925615277847
0.866960412711465
0.766550050421514
0.758738039340265
0.996661367429492
0.806896594632792
0.899719037953444
1.11182787714808
0.970052732593546
1.25282573616378
1.27712817550101
1.44243060506254
1.50026409380359
1.67653517942048
1.81769699722794
1.82330715411013
2.08278487103833
1.94633742783355
1.98942065589322
2.00342699232229
1.97572022455626
1.97147341683886
2.01145517193309
2.11078394169322
2.1863037198234
2.14424635799277
2.4784516021288
2.56517951891602
2.42011095740042
2.60009862314492
2.59931047998138
2.56744569963282
2.70693359172224
2.93916682077449
2.91791135096775
2.97067730447521
2.94326075489629
3.0239152325265
2.85741906735314
2.69883856752785
2.69850951793874
2.65925667605102
2.6923588068605
2.64687641379306
2.65404350787192
2.46974211795581
2.45587386548046
2.40984024561015
2.03335965686396
2.10543666201423
2.02902647223956
2.08847796159745
1.99680983201361
2.14364390127034
1.90583263169984
1.93170570250571
1.98793532528768
1.98873241933675
1.79485940752235
1.88824914410008
1.89899364149421
1.76526827094283
1.46311362108936
1.44022968672548
1.34085028774887
1.28612204660231
1.26098991795104
1.13322491581214
1.1799676245148
1.21609857615548
1.09902629747149
0.898559493900492
0.881050927430334
0.879683798068826
0.953271056093082
0.892521010182197
0.917068220105291
0.84064408671775
0.849895263631257
0.960161433528744
1.01946769519582
0.876635421256263
0.871654630369281
0.85430389136735
0.705895323225246
0.678592405699292
0.596599847801216
0.621407542755725
0.338510349245937
0.204653401384375
0.126401527183454
0.0847307890101627
0.101980592564808
0.0546637890325068
0.0267303647358385
0.00536726611977678
-0.00159273078020067
-0.0659835864147975
-0.0475484342729611
0.0293397430549834
-0.197583962245873
-0.26151565810014
-0.302454579033374
-0.409402354870339
-0.48449539681296
-0.437608744451217
-0.44125511735295
-0.453379980324274
-0.388785371458841
-0.365981354100763
-0.642652745735751
-0.700194770834298
-0.58596178126504
-0.569496784976251
-0.511839074428677
-0.385433473672562
-0.323410801929866
-0.318702120240571
-0.146120704238987
-0.214702684773068
-0.264793408953927
-0.386275059339337
-0.23515827435902
-0.18953538310245
-0.104264276543663
0.12436295843037
0.246888173746368
0.415566769838147
0.391471184081902
0.479405885623669
0.356582783115875
0.538926658947324
0.640211743699971
0.643410236683139
0.716619960547101
0.926814710365239
0.934560158830023
1.03203208538973
0.979706295943044
1.04568887607036
1.17083417310973
1.0861900600769
1.21521580015888
1.16522704180856
1.22753214123068
1.0880634868234
1.18690754963194
1.19781145122656
1.33690617053812
1.27023845505396
1.34994106885142
1.38109686427441
1.40136308625819
1.47660440795015
1.57093929423117
1.60923811752454
1.77305568101879
1.99612581374218
2.05188006611681
2.03113980061089
2.12190243668439
2.11846220701893
2.1756723736239
2.31413349826039
2.31159355843179
2.39973178244081
2.41773275474259
2.5066163537148
2.55711939196252
2.52547638923054
2.50513443178087
2.75163300424084
2.82972674885685
2.87094588479647
3.03398701350396
3.06004335004535
3.11097551623273
3.22072988152483
3.23804433080275
3.13762631581916
3.06452039386944
3.0804157581238
3.05484900378721
3.01245977944167
3.14357728669694
3.14474258116076
3.22337193437337
3.27074658314698
3.38915076718837
3.49957684339047
3.53438347345784
3.39732862919694
3.35177538356038
3.38914597552177
3.32254823215028
3.41749766663237
3.66698172530281
3.59869269089141
3.73891076467536
3.74564551801034
3.85439711617607
3.88628551174108
3.88051029259234
3.85308691044675
3.83578767211248
3.89726790636148
3.70456769290252
3.82840162957875
3.77578497646544
3.87417263865375
3.87408817441314
3.68994255803555
3.53884050364189
3.62345443341917
3.6367105697663
3.65652253222321
3.57946198797816
3.46070193038231
3.50360155808669
3.25731274455413
3.19209966240831
3.28478416634062
3.43344746615823
3.41629918066931
3.36309168004227
3.29475259926365
3.39837707710576
3.2435746498474
3.23479553409452
3.16992271135327
3.16080773347054
3.0814310060478
3.00541565004211
3.00595164328403
2.90783575947059
2.81493108605353
2.73943934194159
2.75333356119755
2.70802330170803
2.63548020482038
2.64020700629499
2.71851290992997
2.80850335478077
2.8162412784175
2.83755917613178
2.76489518196421
2.72910620555313
2.66648149740121
2.43887495405331
2.46893554080944
2.32009607313133
2.28816202571818
2.32270964733356
2.31327802026923
2.37292804920008
2.30685910538232
2.48868221567958
2.62338046636352
2.61708244988282
2.6936326143733
2.66540542234683
2.50290108514414
2.38193494293561
2.4055714066589
2.25653179846355
2.16498575312818
2.03199478820494
1.99047741928378
1.98672256190538
1.93147149788952
1.82170472027501
1.71994528461021
1.6423538997905
1.51528625444966
1.39390421411433
1.19623938538871
1.18477580812708
0.967025610546989
0.932926712912778
1.06149425664221
0.937834848740319
0.663607854632323
0.478727648072237
0.516508500403607
0.288000190811785
0.236922597299847
0.123899944852016
0.178346150183082
0.209440483428765
0.0759885682776562
-0.068908137451989
-0.0940565099137125
0.0136291890088709
0.0634525231038124
0.181851507433002
-0.0454564219001607
0.0300964563625494
0.0393972279144906
-0.136359439147349
-0.0214398333158214
-0.170047879216396
-0.235281900272087
-0.447338793934699
-0.468745669826062
-0.350255440889577
-0.360236998354273
-0.397591758494851
-0.427974288240426
-0.432384572958091
-0.423217831706385
-0.577147929011
-0.50303316012197
-0.39228017765896
-0.384163025464482
-0.526567059421399
-0.377143700112459
-0.344914871819605
-0.314909536016889
-0.342496700716743
-0.389125752780131
-0.363326936565362
-0.472163213347796
-0.459291196818435
-0.560031373266465
-0.477021537837203
-0.426801088259338
-0.484065993484444
-0.411421229518067
-0.506016444004488
-0.733697034557287
-0.814419996526544
-0.93909459094614
-0.916813130214363
-1.00761342570404
-1.16218129967012
-1.14993913268873
-1.0425774201727
-1.2156213898119
-1.26567405630433
-1.16031302659212
-1.10896897219822
-1.00320041323078
-1.12818040827196
-1.19451514056003
-1.19033713982767
-1.22911278866588
-1.10404629525238
-1.13863873187877
-1.0820874320845
-1.14636260260769
-1.34405663225567
-1.15096326628365
-1.03584435444489
-1.10342565516654
-0.832363043257465
-0.833985882494358
-0.794590590709999
-0.618038297059857
-0.622176185482963
-0.546286882299199
-0.516968838575855
-0.379806253487685
-0.508395003298812
-0.465428119593179
-0.486443414651505
-0.494249772106834
-0.305603000580595
-0.154896477088894
-0.152107943164878
-0.163367388102956
-0.17134869127052
-0.176132779164666
-0.194006373705088
-0.252063577112893
-0.187967731268599
-0.238202435150242
-0.201938423439699
-0.129873167384208
-0.0102489015604823
0.0627093942378579
0.0962398412136761
0.0723543506290969
0.227642350994196
0.307746459129956
0.394302683149263
0.400501837802911
0.276376890272896
0.478965912123783
0.497668590851902
0.422838923522827
0.528067440256218
0.528765618267807
0.494952509309273
0.427853580891494
0.455479894208198
0.458661526881962
0.547063639554518
0.686491695478405
0.69570045184893
0.767455590065069
0.941054680818752
0.827641983111789
0.900027965117307
0.940501339824518
0.940761497108826
0.982164123130365
1.03326553589168
1.22715809138648
1.41618145254664
1.52226354431761
1.65030473862357
1.82000344139812
1.89157279290995
1.94405585127991
2.1347761106907
2.3453229392431
2.42174246264333
2.3553160146481
2.41888503881175
2.50952484297795
2.48291372694611
2.66467798172785
2.59204524896379
2.54950747352179
2.59758709134376
2.62240288268648
2.75015744533357
3.03260080400246
2.94841275869855
2.83912073854886
2.88935319823185
2.88300306342205
2.87687077847397
2.99421810471102
2.89557459252875
3.18104943626306
3.38185625519996
3.56913472304646
3.61356789526813
3.75627353707416
3.83420995175444
3.97956194519465
4.08871065951207
3.79797540658267
3.76431321313813
3.85816220881582
3.77189219963425
3.74147934192795
3.64728326884959
3.78519283151813
3.89583670916279
3.81883418457864
3.96348890006548
3.94660073379992
3.88854071806037
3.99690718675943
4.01470162197629
3.95271218452966
3.91915891786684
3.805077579188
3.87695935107142
3.81372854643705
3.73080271539508
3.71859704380229
3.74740581440721
3.68992061249783
3.72359479567439
3.5826157095522
3.65536258974851
3.76925891040698
3.86976343114174
3.83717687741008
3.82787656189758
3.91570050808232
3.68459364159732
3.74351553331426
3.72153548792236
3.83994041201908
3.84334025925033
3.76119378682516
3.83921305956713
3.72056709572961
3.62055178550186
3.6248707150351
3.57546764173975
3.45893442287269
3.28121078317086
3.19682740649868
3.12911314520876
3.09020694522868
3.02862377440948
2.84619416651362
2.88827106963748
2.75238786751273
2.73797045143962
2.88263347893902
2.94497155824366
2.93725969679822
2.9121760131993
3.03165066641025
3.033582543748
2.96684028176319
3.07914138058057
3.10208207833266
3.0063647564478
2.98349127545265
3.07901680116306
3.1341849944956
2.98791265062433
2.97528379443337
2.78406702085456
2.75312937465479
2.76141758967547
2.73901674053674
2.60109152174889
2.59555644761503
2.69773537501698
2.72129414599378
2.61816356608677
2.59987872249414
2.78075082313864
2.79654249335318
2.79186886200184
2.70820249526255
2.85275349438935
2.92699032723513
3.00020829373068
2.74527242367299
2.71820374601976
2.72364185210137
2.6048285381262
2.56490482659555
2.483228658891
2.44614829189832
2.5281902762847
2.45767755123919
2.39528944783196
2.37316846879494
2.18819137625357
2.30836175559171
2.17882230209383
2.15457088833566
2.26937712965453
2.26472436022706
2.25004639048769
2.15713648535865
1.97682567080684
1.91116059404064
1.83999695543638
1.90530972082764
1.82069691216116
1.73764187133743
1.70671097986165
1.80142662847302
1.73200981574069
1.64850395630036
1.50391857861757
1.20274012028
1.31140732030111
1.28087722479405
1.14331319854165
1.08107516717553
1.07492569080557
1.07484650997369
0.841391136000577
0.73602717820264
0.716916239070319
0.739669967098461
0.882095566563082
0.641283227544428
0.698601370172077
0.753332854801631
0.608346863612264
0.688665659518461
0.811994991119131
0.906501646780463
0.784515080994799
0.819354529330017
0.742604254886116
0.753915626026684
0.612268419369471
0.60305617522851
0.471471176786611
0.422213818911924
0.375445957293494
0.363166711793036
0.368231755845282
0.369343437339266
0.486787712767138
0.52174641570595
0.571433413845498
0.680312494926148
0.566186808912992
0.535070672306513
0.329395525064102
0.323687297346383
0.353840463211522
0.1818632553066
0.335795594283229
0.208836600775873
0.327622789278038
0.335779258725171
0.144929751761253
0.0166426547533023
0.265153352404875
0.339653258983455
0.354388975370025
0.388381287883023
0.456370142944065
0.461366811948351
0.485705815816036
0.519958853653343
0.435748011334766
0.439082258527312
0.377414305216811
0.458879964387149
0.327001941212808
0.37501959099101
0.383098913044987
0.193938772938425
0.175000121910466
0.228449974359728
0.338777583540879
0.250844960699942
0.181363270120923
0.285737447801761
0.353956708535776
0.376076525537143
0.356753538994981
0.31560294494922
0.176481760335916
0.249934663873169
0.384938615142696
0.510182469341447
0.576794696567449
0.622905251533728
0.602578359127875
0.586301815991246
0.625344199285466
0.526349858907702
0.564206001160766
0.60758022815671
0.667122420801918
0.718146508987415
0.739518949346974
0.789459828087533
0.949429742425166
0.896022795789758
0.835848171451991
0.786606634968642
0.565905986199522
0.443930397693433
0.44793444660429
0.351796369917122
0.265574343417836
0.304838863086059
0.22029693562596
0.353526819688386
0.2413020192077
0.24117507898802
0.055054918081787
0.151897415279831
0.240733664511915
0.372821994654728
0.395061168806234
0.39420259977034
0.440070858006388
0.490864128037947
0.525264896953507
0.501384188559325
0.715106330737554
0.814798520978282
0.98773761566771
1.17058441862882
1.25792538697306
1.16108949754066
1.22832710035023
1.24387714696981
1.26284500236437
1.34185098115736
1.402328147773
1.36385235951661
1.37760227961935
1.40401389426256
1.41175871200556
1.35147360582324
1.29198497906226
1.29137847104943
1.2964816835336
1.33472316146365
1.35262308563764
1.38470362979306
1.59096739252316
1.67859330439107
1.83378605331959
1.88099175039225
2.08168940032725
2.06079543292533
2.24621846253573
2.20258422049535
2.37248711783151
2.37796458082333
2.30084753075659
2.27912843488409
2.24575849921062
2.07658396425478
2.25806723770777
2.27999364980326
2.34638321121108
2.28991394160185
2.19536357544928
2.36358871670055
2.48562041074163
2.61405951660471
2.54839215705517
2.77901136741647
2.91579258249531
2.94824236133214
2.97961382755847
3.00521580922665
2.9581864265143
3.13291808186594
3.14983667070295
3.07572671616878
3.28162626943712
3.50571172953645
3.66991349168815
3.788212055544
3.9999464961231
4.11215548157013
4.17219513524377
4.317978721327
4.45916313944161
4.50398667615677
4.52766231868567
4.4705255164332
4.47359112810717
4.57716814178221
4.83060514296875
4.77669985646185
4.74853659797903
4.71571069108526
4.69738863770306
4.75842845465829
4.85546460634307
4.76811772033106
4.81583429032872
4.75117654253706
4.95214815178418
5.10879924328336
5.01437042290381
5.08735904222569
5.11456907462452
5.37467924410475
5.48572775504343
5.45738562675572
5.33083882423055
5.39407998233375
5.42390477104476
5.46262275679646
5.5007226626647
5.64183661424664
5.73731649609687
5.52721502619752
5.6977382742216
5.63578404738574
5.57310812229934
5.59183044544359
5.50270305753793
5.30365660328898
5.42390615461014
5.36256389814313
5.28987223692971
5.33994201562464
5.18400875566582
5.12483650471261
4.99653996514395
4.80553735532974
4.87181008695482
5.00712124046845
4.91987407260882
5.07551396255096
5.17404033927883
5.41174763222437
5.3686230631799
5.42612174908425
5.50297575627495
5.5231872881193
5.3125135894566
5.15619665771951
5.07976889399845
5.15645045774157
4.97667109783035
4.91654782371231
4.90586801787128
4.86077872917087
4.71006780766862
4.65588198145088
4.54932428019303
4.69785624763041
4.71604259723738
4.80598081885205
4.58702872026891
4.5228050635824
4.62899625949236
4.43713371034294
4.09152357831095
4.24225689265904
4.16831861698894
4.07967106611512
4.13789158158505
4.08421485444403
4.14451429356351
4.19081734401985
4.14824516577325
3.88597143046727
3.84315589954379
3.7568306236378
3.7853220504271
3.74529982774185
3.69124837120081
3.40686107182908
3.21273221223637
3.20124620938575
3.25918007869294
3.13066034804467
3.03627390180637
3.01781657436988
3.13388287688428
3.03100975646854
2.95045025295889
2.96422344955353
2.86057175523166
2.70245132077606
2.74956728330297
2.83772066992
2.92609501305345
2.96310445913522
2.92976840734908
2.85816434885271
2.89312173210393
2.68868555815848
2.6617826187675
2.76290524789601
2.59802549170695
2.82369661240153
2.7530062368583
2.62324361866407
2.59159459639973
2.54010204754088
2.57810579638381
2.67519223983012
2.55069375761367
2.58836831162047
2.75249561337222
2.70310737587075
2.61861021176465
2.55258978097123
2.43344127897217
2.40196319951996
2.14002087842748
2.11143986602876
2.05102993339327
2.02356564457842
1.81080329379668
1.87360268184555
1.83620655535543
1.71962219417789
1.59190566052243
1.33361733647541
1.18692393420213
1.17683980797359
1.22323094334576
1.14851632965102
0.987355510724265
0.973468098929416
0.829244773940215
0.673080105325155
0.591647212244179
0.595122796440464
0.66085507987087
0.554622072348595
0.443407104751983
0.499603190856824
0.392272118461883
0.360153564993763
0.144592683577943
-0.0666505948690086
-0.264819371436937
-0.277955830971256
-0.288354224127469
-0.279606294128393
-0.349844298726784
-0.377545513436358
-0.592209577460259
-0.730898611074884
-0.6981042050587
-0.757155178521003
-0.800652898409662
-0.795282423367735
-0.771665338044915
-0.834590107651817
-0.74473018183496
-0.897654756687927
-0.94999121470436
-1.01384135719685
-0.982206295431445
-0.881007841108744
-1.0257244953629
-0.950438227654448
-0.868781837380572
-0.769072997732377
-0.865343547017088
-0.9625849541143
-1.03666107987656
-1.18722372242438
-1.21388532200956
-1.06592828887732
-0.973402492864527
-1.06941356926554
-1.18428552382828
-1.17404843875183
-1.24659919325884
-1.16153194379747
-1.22489783087645
-1.29710832190848
-1.28143385037715
-1.1321292232136
-1.02916399622483
-1.00859085789796
-0.896919123431342
-0.834820939668298
-0.643311882215376
-0.632205315004439
-0.474289115453387
-0.424021085240336
-0.302973408214841
-0.305216479116436
-0.265528377627753
-0.318990869174147
-0.359789649762344
-0.223461546133361
-0.233780435436071
-0.163111407414023
-0.0835169285302365
0.121865560854626
0.279835383912296
0.446663227979188
0.464914076285923
0.537632836641368
0.712085615846309
0.659625591024396
0.710885908746495
0.735443203530493
0.761016911308207
0.724273877039122
0.868919553750367
0.792585081516818
0.880064336560599
0.915357888411203
1.12197399961638
1.16819420061079
1.26838449476464
1.33532237229225
1.54606179978686
1.73317158832079
1.70802436407096
1.60224223656637
1.62436997646938
1.64585576703768
1.58505051745095
1.72729243114542
1.77692896400265
1.79881529101777
1.77596348433032
1.80476129437776
1.98144025504648
2.24049096320025
2.19548916825586
2.36134911888894
2.40416520930813
2.47936525202198
2.54202997830002
2.56896740356367
2.44470995727451
2.55760069059294
2.52379600187835
2.49393599076481
2.5521245350275
2.63279414167439
2.77529036298391
2.74731281420666
2.92519886234673
2.88504019715781
2.90117760927036
2.90073763271861
3.17524417770779
3.18431161916311
3.21553038367719
3.32335725240509
3.22558762774926
3.44971760363595
3.68929138523046
3.61482684718812
3.43813664075664
3.342678680593
3.53765747893274
3.48226578251319
3.38184394718449
3.2169108317629
3.28192337131259
3.31725666602164
3.15431878852554
3.10465866853759
3.18580521610995
3.01371795483582
2.99376396395662
2.93110327815153
2.9732090518164
2.95311770016204
2.97687543309714
3.0541637379528
2.94199534117997
2.92705749147728
2.75673428014787
2.83345735466939
2.82701391932913
2.7914938113703
2.80346475588576
2.85854604107554
2.89140718539254
2.83752683196626
2.8882024436783
2.75175751316577
2.66018752183649
2.62799401093039
2.70241019496515
2.70319858049871
2.75363112458562
2.70972423317506
2.7830563869733
2.80234898476544
2.86290519857232
2.832861855082
2.92511416218849
3.01503893185375
2.96024026375185
3.07018848701553
3.03506238679436
3.127431868082
3.1438363804641
3.02907866026931
3.0298176815704
2.9762081029635
2.857111042265
2.70597389788945
2.49113928502767
2.6226090932569
2.75011137093579
2.70447116680862
2.53886285050289
2.52974916318722
2.30968553502812
2.21438465930144
2.2487874320454
2.11723622995243
2.01208410985554
1.83964403151575
1.79792658172048
1.74404080827643
1.72137114705217
1.68065991110111
1.70098864068955
1.53216520176042
1.51458499354713
1.46240867818447
1.28871004428559
1.41117664283462
1.26056718652915
1.24149993330086
1.21463509325469
1.08607805856662
1.00666216178382
0.876105243186785
0.699777562598358
0.770730705264939
0.745852978937362
0.753062407106377
0.739540743236015
0.687489807071478
0.624060241723522
0.502704850675712
0.648420866099443
0.626302249257214
0.620514410730315
0.557274954916646
0.375081933658268
0.365227339415046
0.363082541066891
0.386321492444848
0.415550739913619
0.438652144246766
0.38044690179834
0.211457498465425
0.239499247450849
0.140881328438164
0.0987757701090922
0.0282082507603267
0.0320866800012352
-0.101695053979913
-0.112294814120078
0.0294589023160048
0.010918719503094
-0.169054313685934
-0.318860389292981
-0.349294841464213
-0.375252812780632
-0.531571269834821
-0.625097288022466
-0.759042658497615
-0.805228129210421
-0.845288435309684
-0.879789766997721
-0.808171877717868
-0.869843072166341
-1.00964867002972
-1.1377728050936
-1.25594044637015
-1.21577112241345
-1.32048279985496
-1.24206642484237
-1.27212023198954
-1.17253900319456
-1.02155333619124
-1.07496436358587
-1.05786269328439
-1.16585288817416
-1.08778654904236
-1.03218315720309
-0.903331918095107
-0.810742938922238
-0.801028328350293
-0.710072647647261
-0.689160141800749
-0.536971157465837
-0.631168725765837
-0.599773509995889
-0.461211436846519
-0.427321500702302
-0.489951452352442
-0.485453920139355
-0.395684400714906
-0.340075105399628
-0.223055657334175
-0.230789610801186
-0.368982955518555
-0.264823543939488
-0.388477881924831
-0.280777248949052
-0.174920285069139
-0.034542713581488
0.0813443593243586
0.250766537997218
0.223380959512559
0.305889944305281
0.230418768395724
0.414958240861875
0.701623181772811
0.725717008253588
0.819847966951209
0.953420523410091
1.04084903165545
1.28273732781132
1.4240610445832
1.46896162066767
1.5440065337821
1.620149898369
1.76899268478115
1.65037756137661
1.65092264557225
1.89797726554949
1.89136975988325
1.96070823065731
1.95454468596353
2.01159189000275
1.9710853138343
2.06998210373057
2.07385393942455
1.96156431190953
1.93588709863603
2.19463486838903
2.33765924581468
2.43343891787112
2.44490373265109
2.47994553542328
2.69335047299948
2.66083692854023
2.86509248563334
3.02731181403708
3.1368143661087
3.20647160239298
3.1674546001641
3.31603769371046
3.40935000952158
3.40934856601474
3.53437705555958
3.59770127200185
3.55799477636509
3.78855159112323
3.85307533390062
3.93684687956997
3.87831209802625
4.07503565883406
4.18599911974953
4.13085333191095
4.20864639120969
4.33749530666176
4.3938339453053
4.39867482612911
4.41369983708366
4.43042385751943
4.50744503307194
4.75015449700598
4.79610520348036
4.8155687233499
4.9492085134238
5.02128212647439
5.03705663668258
5.04143467553429
4.90274093178403
4.88206222332
4.92657342819322
5.09124245967735
5.12164390356034
5.21800425978642
5.18559382803501
5.2386739479258
5.37405253114112
5.37209018745308
5.24387701197301
5.24063182004875
5.26167816748604
5.37983985725391
5.35916425068859
5.26368113342112
5.3595987048549
5.48496965995576
5.41066492591171
5.26702173931539
4.99322754221011
5.03466236711769
5.15073148347185
5.31876668453624
5.29856511006993
5.29486042569764
5.14146689392282
5.13776647626
5.13507534793423
5.08309236526721
5.11235714009444
5.1447071021991
5.09686405579148
5.0031964898213
5.0160686711793
4.99604898747166
5.03522026387721
4.98921432472774
4.71204160051871
4.56433966859159
4.64284557440017
4.61142273985557
4.63926848584262
4.6642304875867
4.74039927176542
4.5208394392601
4.43515605076359
4.44142786554951
4.31181897768249
4.32068264149964
4.16250992021109
4.08556257394485
4.06877140729494
4.02015123501018
3.86263992599473
3.78853443506075
3.61520148826369
3.6119624963422
3.44153711507555
3.36072458320345
3.29061856909824
3.16838336925224
3.22373819957404
3.16422772072756
3.13136634579124
3.014419158014
2.98629722252514
2.73753164885128
2.60990319752889
2.63107239084597
2.4691754459847
2.25742976127172
2.08637438354274
1.92725882020647
1.93419204354056
1.87904624989246
1.98224032537363
2.02685865566997
2.07729642426002
1.88518376025844
1.83755118447056
1.81666104178083
1.69908385892401
1.72972813063775
1.6022772975164
1.38612882938366
1.36517677842875
1.38305410913121
1.27473249119766
1.17013796074943
1.09046446375449
1.06849719158336
0.965789772171526
0.822542045782549
0.670922550489391
0.67546485509516
0.817851159212371
0.8303285720993
0.842466949265149
0.803809944147881
0.758552569093387
0.713121382235187
0.739428581507933
0.64317010122887
0.434326746334653
0.421815038123511
0.340047760301436
0.268818411840502
0.0920055013350125
0.158697771724856
0.0884322153518824
0.215321626350413
0.172815154445872
-0.10195905823348
-0.027865476656064
0.0530099012594174
0.100255814003579
-0.0611782922930526
-0.165746635579763
-0.295168869810976
-0.260478566458357
-0.329452522418271
-0.174969359185898
-0.244834348498015
-0.372630418316703
-0.450530708343061
-0.460286747049134
-0.52754139601623
-0.556850933353117
-0.505269088205206
-0.486797289205925
-0.544650371995926
-0.549633342368838
-0.541121479272988
-0.792892056732641
-0.879105069948274
-0.85778950428782
-0.902936600271248
-1.0770096469039
-1.13673851111759
-1.07490482817325
-1.05470496157598
-0.982895054487525
-0.910324303588608
-0.668509853213713
-0.673483011050382
-0.777416698512343
-0.836466427526957
-0.730526677169801
-0.668345280801765
-0.744506356071206
-0.792878733424382
-0.743573325284975
-0.709727963636886
-0.644594712922493
-0.746743190081083
-0.715849199497565
-0.764836422875929
-0.704010057679743
-0.588158369909271
-0.620589857254125
-0.632187099042351
-0.684497026020702
-0.621481074414806
-0.751076256194382
-0.712947237424309
-0.705322403410611
-0.664560478021942
-0.638905647846848
-0.359009896867084
-0.424771228880943
-0.27035767738262
-0.343274329509321
-0.421133003886299
-0.339031161035625
-0.437454649257698
-0.295978230965794
-0.35217143832052
-0.429827060923363
-0.458714987927926
-0.260275554158601
-0.236101733598584
-0.286962928188677
-0.152529626821869
-0.15081545979505
0.0668546200249136
-0.0824728224282925
-0.0392984506563048
-0.168944117299603
-0.121281917227251
-0.0333945294091651
-0.08545046794405
-0.0132637080630114
-0.0277619534829561
-0.156121049895727
-0.215408193455296
-0.163200439942248
-0.27539842756888
-0.323484325940109
-0.399413365663616
-0.328920906042633
-0.232595044857044
-0.212519875668649
-0.23496261205629
-0.13196399647151
0.0568425361232626
0.00744188992150113
0.0169755471736668
0.0978616579391716
0.0592341811768351
0.129909491426555
0.18804478414218
0.385490474746907
0.478656762462714
0.400950000280166
0.42449560378063
0.559095854724905
0.490877171961712
0.358188800117683
0.286995881052252
0.293421488383275
0.292690296626448
0.330496133983621
0.252898089375524
0.264514346293255
0.282237874288294
0.347213987896282
0.385355779288439
0.462133376026258
0.45537776826327
0.306291554440703
0.347236375470647
0.412544873786888
0.335751815179893
0.398914630637493
0.313562406965742
0.272841142466872
0.286575691152943
0.271104755338246
0.31205388388514
0.3872905413515
0.503990850905933
0.585307898378318
0.589056416171968
0.584068161170336
0.671319346342182
0.554770642036584
0.518189907555809
0.511881658838467
0.539162667026851
0.822312940844285
0.836869228446618
0.831707942785401
0.903432211964553
1.00813384163142
1.03622098337209
1.1251277167007
1.16349880857573
1.19504032171104
1.20470398571146
1.17179702100914
1.31191098533236
1.19254331583157
1.33010212501553
1.65615653462846
1.58933436912932
1.61613427580448
1.72234364636253
1.79803945180398
1.73454235567451
1.69579930878704
1.75339837834593
2.02559950748042
2.00195807683065
2.06974053864728
2.08211549980634
2.23516336407193
2.26951033930672
2.26950052393525
2.17126304502896
2.28268690316316
2.12579700800083
2.00316473789779
2.0913942980428
2.14854234199932
2.01872164028693
2.08163103550609
2.08323747775538
2.19602046185575
2.20476134877045
2.3817766213798
2.34824193458582
2.28510819284613
2.17434393220895
2.11172903170046
2.26503852684505
2.20845134305793
2.16238235554368
2.18341601175759
2.21635844217253
2.10880741160873
2.13964302654748
2.05724918894935
2.04411738711853
2.04967035280518
2.14499492482748
2.22084686491482
2.41819423187899
2.423609848438
2.49975244557071
2.47373192946475
2.34965294144757
2.41755378118104
2.38296814432893
2.58416685677115
2.57017423314916
2.57485464032185
2.49467351276375
2.55691822947244
2.6247599964327
2.85447254435551
2.82736059478687
3.03681344044777
3.09620488124608
3.31291003509272
3.33317303695727
3.36627918231708
3.18663245236874
3.15221084915444
3.24758148959842
3.28436135012682
3.18155653442059
3.26353928637107
3.33163961467762
3.45905852541421
3.67752006016866
3.61819029137143
3.68634801857764
3.62084241282394
3.71792871642647
3.79029781225605
3.58766923956393
3.55835139603915
3.44619793066219
3.55555022243126
3.59129345055952
3.65991760780237
3.7760505385153
3.79698140463739
3.7603521713155
3.69921505425485
3.62203674781183
3.62669715646249
3.60984119955828
3.59144743167984
3.64356445599756
3.77981851396676
3.49740868746489
3.61609374411014
3.60719342155134
3.54385202819809
3.55032405154185
3.64663636477845
3.61471948209419
3.66906980250564
3.63679814979285
3.72246034268165
3.69159791825403
3.73897671088041
3.77112670499604
3.86261360183416
3.72397130224921
3.80138433267865
3.8316248284651
3.84236990454263
3.72617411663497
3.70343184917886
3.81454155917027
3.88093312092129
3.9235574646115
3.80625289420791
3.78301112214346
3.73136857400863
3.70209282666223
3.61989766136793
3.51133413611929
3.38480516684858
3.27985542623423
3.25826151455493
3.30745786406499
3.1698714888917
2.98150299162254
2.94269457044344
3.15817781693913
3.14286616479907
3.15242170131838
3.06316642130729
3.06652534800319
3.06381492205666
2.87114742669334
2.74706318811779
2.67761852336947
2.80512077022821
2.74741977207175
2.73135718512074
2.82369905678236
2.92601598008123
2.80320741950185
2.72802482119284
2.56792019642773
2.44253405607321
2.3465679062645
2.27828844483058
2.30586326401862
2.27276900341287
2.29727575711661
2.45095757872212
2.33613031744553
2.47813664904329
2.50700288047118
2.57144236296701
2.67514019026203
2.5780245665283
2.52720678279769
2.44044622306539
2.34076875376867
2.28490628339399
2.31304395481055
2.34521108169019
2.42071845484665
2.48021987315967
2.44478995580218
2.4141904185747
2.53739890998469
2.66466553919141
2.65504567239814
2.54484743061042
2.55566536239749
2.5053275753723
2.50299331215626
2.41273189160442
2.4453699194906
2.41906937985593
2.31577811900707
2.13637713046039
2.15698727389669
2.16082864573744
2.05500315844104
1.95873427174063
1.91677632048177
1.97671298964316
1.9509476836394
1.91713920362717
1.84709603005163
1.95698522390468
1.9564342520571
1.99138416827272
1.92814520986461
1.87513510638817
1.87188420087192
1.8716580092247
1.71227530386226
1.80553242614717
1.86602006634332
2.02602995750414
2.08746710290983
2.0830800022346
2.24242181526134
2.30957697229779
2.2771875060552
2.21910263210198
2.25938390747284
2.1707295796443
2.29968230820734
2.25786769014425
2.33057653992466
2.27374080046756
2.19674729635607
2.16145546924673
2.05908084516156
2.15280222997355
2.09685551359014
2.00614834804025
1.89335817867772
2.04329582453686
2.09395839264638
2.02929518109144
2.09263658349176
2.10182644212386
2.03404131261414
2.02566811225227
1.98410591318172
2.0132549640436
1.92859861262445
1.98569201539432
1.89181155240883
1.88259931932543
1.80921714194273
1.70770391896355
1.74090865496399
1.7839332186115
1.85690112323983
2.03020269541713
2.01578531347107
1.96800797847689
1.81758369730082
1.60566703033084
1.63970169230065
1.60016471289563
1.53891425524238
1.44205381935331
1.46045066283432
1.45053224057651
1.39040610292359
1.37069022518468
1.48051230306341
1.52125783847033
1.65747904899051
1.67796298017149
1.71650570946012
1.62720428791986
1.64309314360934
1.59138633315621
1.65028539874948
1.66971321649034
1.7023037288827
1.77598445503681
1.71385160693671
1.79048468677358
1.79019662894495
2.00513800920095
1.94959645384217
1.97367319816391
1.98649011917968
2.04827442623873
2.12875412864976
2.14578195228177
1.98440689254492
2.01466838919752
1.88627326168228
1.69117396810841
1.63236438343052
1.61205278831632
1.63867949423408
1.58538934906505
1.55519219775254
1.5306735649585
1.40219558301168
1.44425490251992
1.32135021485038
1.14905337527241
1.18405852713379
1.22495927505336
1.058847190378
1.02899581511483
0.903701625993156
0.888025697368356
0.901450211551086
0.972662448414648
1.05190597453561
1.04236757512904
0.79078246665597
0.645912479508743
0.725528130266822
0.917592876269915
0.880959646366044
0.872094572044496
0.735273605120369
0.779974247336654
0.759533123449447
0.725237473730728
0.758855211919957
0.70759023311681
0.653818044501761
0.602736504550321
0.635099617070105
0.749158947704135
0.606807382394563
0.541835244628412
0.551187605151734
0.426931684589246
0.393779473126279
0.41268581623686
0.375426493558461
0.398482090687673
0.434904872273117
0.499044550253015
0.448110986722985
0.413706853439935
0.521874565398757
0.443758626558613
0.423333246674575
0.37658832231602
0.521826563400993
0.462356795758583
0.308671113661627
0.33300166510135
0.410597345575335
0.42973125877175
0.504252952173162
0.414244732919177
0.216321254414116
0.195154997002982
0.249439913777072
0.435264505079959
0.431811765063621
0.393614866433909
0.231978863563824
0.229731372018733
0.245827475726073
-0.0960657802793844
-0.212936119261787
-0.346789544271001
-0.271761507135134
-0.0604498274477588
0.111649590963625
0.0392091452324235
0.249575686503329
0.37138245133153
0.295089628053645
0.24151522823039
0.191285736805113
0.235539920033649
0.291082513485719
0.277800342366267
0.268820589213705
0.296816530786485
0.211379474424887
0.17393814233
0.184262320606539
0.417295037769247
0.563233816443864
0.766615500614771
0.938849925743369
1.02805534098777
1.19361307515215
1.21972625007688
1.22791794698601
1.22736615751393
1.36299451189844
1.37129065587403
1.31096469231434
1.2681965339378
1.31916031490519
1.39975492300597
1.57742242258051
1.77306288926797
1.80859734298843
1.85262852350233
1.90407203129058
1.95640099627455
1.95131088519587
1.89496652880277
1.85932941228938
1.81408948792342
1.76353650375318
1.67661665444556
1.62750298768816
1.83915823232945
1.86991467944706
2.03781779816388
2.06471424379768
2.2323872916014
2.15672133134967
2.22042940259565
2.22062560369317
2.22121982002012
2.29885271370511
2.36578238399872
2.2733552816885
2.26777503662618
2.18799964683825
2.18262742606903
2.14702130394882
2.21332357183925
2.24378809309092
2.00982058582118
1.84492538381483
1.89573807875597
1.96184747252079
1.87270980077146
2.13625623375303
2.22979973382046
2.1299370675157
2.33088416045191
2.2876362765384
2.27040581584695
2.50638107274761
2.61194208462642
2.65140652476282
2.67928246296343
2.59560895115772
2.47193241348335
2.49701907522724
2.42732924645231
2.44760234056936
2.48459806409366
2.46463400970117
2.5818000299538
2.5436952817287
2.60030319955195
2.55204679157626
2.51273423989924
2.5696557700656
2.786752173367
2.87849239583576
2.85742818038167
2.7128663725979
2.80089408031591
2.70117900988864
2.58061201911602
2.43566568082334
2.40606342073019
2.35798772366201
2.27596379271883
2.34209780187742
2.25963216626455
2.1989316910459
2.14391111251561
2.08958248891214
1.82850708878266
1.8437058879994
1.72508551074874
1.55094624928459
1.51615678906104
1.52115285879772
1.44132935291442
1.48070061804936
1.38649785600442
1.45487346538925
1.33500011815527
1.56935884598658
1.51666829816023
1.5451926410701
1.42611289051353
1.27702285550872
1.25277057081573
1.14163474232347
1.30189397263427
1.2634525681884
1.24952044614591
1.13264551747528
1.1138502036284
1.10860234868759
1.17740867711232
1.16739689764398
1.28101563000683
1.2831526900787
1.29289354452403
1.14148751563887
1.18578444281628
1.14622187751515
1.11253972788148
1.30195971292107
1.49727197785825
1.69299461693613
1.58451393038884
1.47709185539295
1.36542483079534
1.35187021408223
1.37979747340688
1.35104829744402
1.42323241799433
1.4300380242431
1.36493043437617
1.32388771896359
1.3697660471584
1.29085392125435
1.36574845896415
1.43549833866301
1.43071796098548
1.3764440682304
1.28557117449632
1.33015808658605
1.19867638866211
1.2052347953821
1.215434647533
1.28327637956976
1.38655717425503
1.63439564142601
1.66527798462654
1.66042272299256
1.65135519114772
1.89826127047817
1.99244030622374
1.92084801537182
1.90018788998085
1.97763764290267
1.92834134441003
2.02808591121681
2.2015926957482
2.19058007185769
2.34559140621616
2.20363893256991
2.29456181063525
2.31129109379273
2.18802739383001
2.28829787588348
2.35295969199103
2.40085799827739
2.48257389978607
2.58306803631601
2.49867458867492
2.52233045349098
2.49489894913311
2.58239335566127
2.68004034440983
2.70373433179937
2.49534608336864
2.64576375633307
2.59591121266821
2.69809899952092
2.74315761320589
2.86250216302922
2.86506025980797
2.76370387989346
2.78380114867635
3.04390943078542
3.08457838069809
3.09079639481739
3.21884030080889
3.13222186125246
3.26104837715303
3.23016739001547
3.20024640921133
3.10172752081303
3.31656590941607
3.30077494434646
3.37888870626227
3.42584988088655
3.51425769886274
3.60684948938746
3.45120040729007
3.52294790356998
3.65822489729665
3.56999006843271
3.56765579262259
3.58141559879195
3.63640754628888
3.68725432085266
3.66960840582238
3.68725957440345
3.79887019598011
3.74060633048138
3.7386297294128
3.5882173072717
3.62646285794097
3.50357530090968
3.51571753350523
3.41415156748108
3.39075476390907
3.53511115443098
3.42940136743703
3.39915422898079
3.28267647870446
3.27176517517413
3.04235911970998
2.959671349241
2.92383377314317
2.85142870884742
2.78977854961766
2.71932772153014
2.60920709242479
2.56505020192799
2.56531586948782
2.64868747286453
2.68240255504857
2.59425192633692
2.64282881315449
2.67154918407146
2.68892808142611
2.53095387218788
2.56761471875229
2.5389219648084
2.63426094027823
2.50140632518849
2.43247310676605
2.31567445133201
2.30027605601774
2.23629807452659
2.31928438368533
2.38577285372328
2.22604298358207
2.19458862777499
2.22240677964862
2.25688584832291
2.02899604810241
2.04928528664066
2.08818179731607
2.07826337040254
2.0333687597805
2.08129468486525
2.04516907603362
2.08411556745975
1.83630740892725
1.67359094949729
1.60959720673433
1.76561462110466
1.70154853401427
1.69269142387968
1.59934480766005
1.39610375631648
1.40271469258122
1.37363933925289
1.4182814853425
1.25786777942218
1.30051230997682
1.23259042564543
0.976181525633312
0.997541242701271
1.11037228371756
1.10150331707756
1.14271699639854
1.24698151749079
1.30327538604126
1.29905395954824
1.25430794119893
1.29601347948559
1.24921326486226
1.06092616925922
0.978540840441687
0.956169784853474
1.17518402093845
1.2862988738846
1.54475011479483
1.55049574986049
1.52812334987281
1.33941539386525
1.26361082283057
1.29690369253915
1.25627388464507
1.31138020612929
1.33027941204637
1.4427001025819
1.45484233839565
1.46044463241243
1.36336050533269
1.36667849979867
1.41502919564866
1.45040253502984
1.46514996995663
1.55260760585216
1.30868811223077
1.15994848932462
1.10645839321602
0.966615354834836
0.860078384290767
0.857797995123168
0.994250694322779
0.999450580693262
1.02244363716865
0.910226774057206
0.984833288247846
1.01374953842249
1.01993570992941
0.862391520885962
1.07198970142292
1.04278676584135
1.08405176978464
1.09994068541228
0.971495558790123
1.21750211731032
1.16376346561372
1.38665721686675
1.407018800363
1.35457816357176
1.4940516649423
1.40949776220329
1.43396639068657
1.35721097715707
1.36282512312749
1.43716072135153
1.52032716090839
1.47374129003696
1.45889657416857
1.6073823869871
1.56947484471747
1.65096981970826
1.886867205094
1.94345301461134
2.09904956463516
2.02804112900019
2.08817504179671
2.06810673682805
1.97350157577775
2.25854530770097
2.19099686796284
2.24851774990661
2.16544333148657
2.21064308013829
2.31250231841503
2.25944358886011
2.32547441551933
2.36804660368027
2.40724690317181
2.39395524786455
2.60504868344694
2.74460369888524
2.65891223171779
2.50609451639282
2.46214413923708
2.44414187368461
2.46489535520261
2.45995979234654
2.51509765455504
2.62172933063575
2.80763876523415
2.940096234548
2.89060271439746
2.81929048763926
2.83089882514442
2.76405132938056
2.72139628865834
2.91080910609499
2.89662977975075
2.98408741458429
2.81171159630499
2.81975338664391
2.68131882804908
2.80953508818697
2.91125356494179
2.98618623682957
3.10255878993569
3.01233550923185
3.11420392132442
2.94620080670806
3.01013405728427
2.95440830125175
2.96106397323796
2.97783272973257
2.84746098676454
2.81005447408733
2.88795003461217
2.78658006830078
2.74854495057063
2.72869758119437
2.63206059270888
2.66889106542688
2.47689674185813
2.45453620359787
2.38257960132135
2.35305576715803
2.45346705707414
2.25144775725537
2.31613585163253
2.39894068955532
2.46069217856936
2.43900630128875
2.46717822531493
2.56024341174476
2.61778923696819
2.630816564572
2.54881395959961
2.49190725361861
2.39012169246835
2.29996157039428
2.2241951232604
2.31352021379688
2.33114902655276
2.25289836299965
2.16459118473188
2.19533935732151
2.18867975870079
2.32343864002967
2.35623181823216
2.48614458259228
2.42922210533854
2.33754436754334
2.33819533365627
2.23270121662895
2.18009487223859
2.00568330239748
1.95060325626195
1.93471432487276
1.85621643753749
1.83506972529362
1.77661119904795
1.82430041915015
1.73040279027391
1.6785854983051
1.72842093952447
1.59769542925476
1.53236162164428
1.4328630273976
1.42950297955712
1.46396103935409
1.41375998496188
1.32334471608195
1.32235575418755
1.15071375502039
1.17235757316501
1.26575942189474
1.39274349951149
1.55125163122044
1.48661217949923
1.4210718763963
1.34883776533682
1.32294622073813
1.05989606521394
1.08055092217254
1.01944247918249
0.929519061097359
1.05264199379274
0.860049264074654
0.912467545521071
0.940705217770189
0.826318432210778
0.789942942402621
0.717599668684857
0.61022298357746
0.652381573550075
0.506800774081074
0.548364289302362
0.541741464970738
0.3413870443908
0.293295399426389
0.266378068902375
0.11270912264354
0.043289634574817
-0.0147986707061907
0.0449630835577309
0.0914384725185275
-0.0645282572540951
-0.0550267091916968
-0.206056592610933
-0.299517618258953
-0.295901102390408
-0.340156610284494
-0.242921258784241
-0.322281207235225
-0.317515317794747
-0.087808691998257
0.0409892110755428
0.0172659127636631
-0.0518902071160707
-0.0339809432734366
-0.0987180486295964
-0.211182180641798
-0.25328883029613
-0.32164735568907
-0.146522330128114
-0.246660735253907
-0.23484987619447
-0.162169950871771
-0.27809342807261
-0.216912673793879
-0.124196652260197
-0.136160714767955
-0.0203602159623785
-0.0398959297466133
-0.11060124249109
-0.160312418987335
-0.0963384122160951
0.100054278640614
0.0932595268522531
0.35090629389988
0.307106460049184
0.294157398986922
0.380377512559202
0.507819227020481
0.568862554848333
0.645350339799806
0.631651017145245
0.778288482030212
0.902956003987926
1.01638671680567
1.18167219156893
1.11613190875305
1.22703633844398
1.30737012261257
1.30413105378899
1.44020372062509
1.5282005296307
1.65447049365396
1.89605570660225
1.98543072387595
2.0777844479088
2.25145562033308
2.39046489176693
2.44789106185766
2.63899247449015
2.49604186761354
2.48951243215288
2.41358421666716
2.4397677120335
2.60347521615918
2.67671392242436
2.78870711278247
2.91135057166837
3.03300430478728
3.01017902139304
3.17157905756483
3.31466353845815
3.37487454298096
3.52801767958603
3.72423924308601
3.92655485908396
4.0131134917368
3.96358488458615
4.13811084492986
4.31604371811759
4.35826963779024
4.19140379765022
4.13899077022114
4.10735226260775
3.98516645392942
3.99656423018069
3.90808661486343
3.79800268908077
3.81282759420559
3.77686914992659
3.71363514072301
3.74270802167309
3.80633709655868
3.93368333249482
3.93799236553614
4.03240946735387
3.99613671389362
4.15733778742124
4.05676789526247
4.1018942625377
4.27729518189637
4.1765243432986
4.172080778857
4.23111201585302
4.06662886644288
4.01482498572288
4.06364925955566
4.0714718264826
3.93296018511568
3.82550196944362
3.6162122462951
3.51148025954798
3.34655747122366
3.21397124320531
3.1599482764428
3.15012164223325
3.19972103415788
3.1419877971594
3.09196955086953
3.10065429641663
2.88485976890223
2.94392349079485
3.0153187076343
3.16881820303573
3.17983500300973
2.99909388515384
3.03482233226968
2.79211797660661
2.63585994274819
2.59262100142108
2.49683226059127
2.51033826518109
2.32490489360301
2.43328828341775
2.30193548065264
2.13261331258347
2.01033465112567
1.72772642583536
1.65779372521199
1.74627055068476
1.74437155593975
1.66292653160185
1.63272936583291
1.47927642433226
1.48425010542087
1.36893749056034
1.30593664496055
1.27679418334688
1.14370808635365
0.922782983166701
0.851234032483371
0.535617630042461
0.431940298873444
0.339782525307894
0.341815657976618
0.405846218355136
0.169458907068781
0.0959833452536142
0.111613226368744
0.0986871763726902
-0.0814108644905043
-0.19536498787437
-0.271596655367997
-0.189172215277073
-0.082094714330502
-0.152179967546416
-0.0741265682197516
-0.0134580407102894
-0.188243764523616
-0.324002788266555
-0.585643171768529
-0.603318679842889
-0.670866461794261
-0.760385502271723
-0.880820408034803
-1.09750564992913
-1.17792293211111
-1.24500056978084
-1.27584476023954
-1.27954806418576
-1.24242299168441
-1.23633673845128
-1.20486524693291
-1.23915235357032
-1.36965692237837
-1.24261499104673
-1.29164560309989
-1.11341630425036
-1.11481819455983
-1.13162770705962
-0.901519306387825
-0.869103578115544
-0.827805715288968
-1.00524727137183
-1.16082145780331
-1.13002855393931
-1.01812992457237
-1.00161761035127
-0.953193261332894
-1.07412527318323
-1.1944220968532
-1.36450044840004
-1.3671069589632
-1.28716114407986
-1.18934057360351
-1.11928819397883
-1.11091499771001
-1.1971246055253
-1.07801268853555
-1.1839841909661
-1.30498722172563
-1.2783894625812
-1.32647188630495
-1.28382867776611
-1.08183958061312
-1.01656625123507
-0.940423683825306
-0.82646166976021
-0.845079439935968
-0.919908230309483
-0.762039201513686
-0.716563287502436
-0.7143670794717
-0.555686638184475
-0.434698082758887
-0.457390006971731
-0.312151123291253
-0.405404364985381
-0.47000710838172
-0.465918351625878
-0.439489186742681
-0.300199007104558
-0.3777979184999
-0.208787811016273
-0.0896472173740878
-0.0271095415738888
0.0750150595441552
0.171494242607176
0.168187321382345
0.084257739412486
0.0822579942722551
0.14470765086739
0.0825758230751718
0.224867698520986
0.148989198198251
0.249720784827402
0.54990755269256
0.80028299933993
0.780769390013003
0.762370716656692
0.751568811815468
0.78192839725581
0.906034535164872
0.966719769927273
1.05271699115395
1.28493414686787
1.33401078816969
1.3617053279223
1.45249541026557
1.51614591341219
1.47436607020344
1.59070184154466
1.53844628818829
1.58133772539813
1.61602395462691
1.70875905378768
1.98591031190925
1.84739155249039
1.8726761886834
2.00994822096114
1.99021460876076
2.03364096996702
2.02647831733133
1.93015234579305
2.1273584393904
2.14708877111763
2.30038127986286
2.32929755191075
2.44945103877029
2.33379979570656
2.28647813771107
2.31092374515135
2.36928034076624
2.33868338798691
2.44973248090861
2.48972313236749
2.48248488132641
2.45639344301718
2.5261604445581
2.67425965663589
2.89298855441542
3.05015268595898
3.1195448812167
3.08300106855402
2.97570788072584
3.00425460992732
3.14601770135924
3.11406092988178
3.22061107413134
3.18622402678108
3.20383836994771
3.29527677257384
3.35954011630425
3.2968772460874
3.3444047224062
3.50672141487267
3.63563603776983
3.7558960333845
3.6869088695238
3.86881648185293
3.87741717898354
3.90565616252376
3.88414123982314
3.83132577988382
3.67174450726575
3.67722451114118
3.82081953418428
3.60065587061997
3.62269681590951
3.87343245867616
3.88284758270724
4.06743496578273
4.15144836472639
4.09571824248254
4.05628608169093
4.06744951754764
4.09571363360154
4.17726452953617
4.28980821620385
4.31867108915164
4.39526196931817
4.37083344894372
4.29936219326224
4.29647503137098
4.27625099801108
4.34160169571357
4.5429770907615
4.63456146448046
4.69998265290963
4.60594129065543
4.64667317863088
4.5306803090508
4.56959100393519
4.49136410975735
4.55729551777779
4.51334260724536
4.43095989586437
4.47083865879248
4.59449935771165
4.77215487710951
4.82960090599162
4.63963990525771
4.453641821418
4.26890174686795
4.25800620121596
4.31086766999083
4.27038110925837
4.2432503462605
4.14404117337624
4.2157982924078
4.19574102488897
4.24087973859453
3.97988899699434
3.89698423503408
3.93281658213791
3.88258396422518
4.02648536869438
4.06686920561402
3.86738929453218
3.80466065891758
3.81499334328513
3.96635529618887
3.97719034489439
3.93215759733425
3.97945491264609
3.87831634644881
3.84424360976678
3.90116213607021
3.90162765137602
3.91775068485328
3.96125528314518
3.96985467682831
3.89486148444909
3.75655970537403
3.68617590518005
3.79613083047187
3.59323430484154
3.66911778941753
3.52814375261641
3.36385970683926
3.45026263267099
3.55017553779359
3.40634119188013
3.30499221871219
3.44401600021379
3.42231958079445
3.35474085481062
3.23991875207193
3.1996610936968
3.25926240323081
3.11590936356178
3.07744946257483
3.0176285122727
3.02277841273556
2.91958568174504
2.79122995103872
2.72145768484517
2.52356641568265
2.32079485287657
2.14392667456657
1.95075923412449
1.88698642677801
1.73936721716582
1.48609998333296
1.51680607405491
1.44696277995245
1.34714592675571
1.3234124320501
1.4459620181862
1.39418415728059
1.4329096926404
1.36403168723924
1.23910180271435
1.26932132320546
1.2046266372293
0.972172089631751
0.86724209459832
0.858968833011925
0.822924786559894
0.869651387720272
0.96109772049657
0.981348837839747
0.990766199044683
1.01866065899584
0.888128477837315
0.911508218862191
0.621837921210638
0.565665044804983
0.558446479334572
0.740936720859255
0.737132184049339
0.609586570407645
0.48258146746013
0.38660988075338
0.432418479062743
0.509326457674419
0.611388198261137
0.639615349520308
0.50691586010243
0.421407192789006
0.173827783217446
0.117043367349275
0.0425019307313779
0.111213578481742
0.136339721478574
0.154301242429998
0.0705810977463117
0.0997577432543197
0.014420040512096
-0.0210683939231724
-0.0170185482288288
0.00143812560883205
0.035625912368995
0.1377968297209
0.174458965104535
0.195520204733867
0.0340833744303422
-0.0692316681677692
-0.1760435284302
-0.195111681385371
0.0204011696184435
-0.138414073772139
-0.124464887547639
-0.321343524707988
-0.201137432932469
-0.311887342226139
-0.272372114089147
-0.346307929445902
-0.324772619049793
-0.188204800008336
-0.201306418354863
-0.18206396032648
-0.196107163211637
-0.255038439873713
-0.1406818600116
0.103465861944638
0.195658525895133
0.352035623322641
0.362349255303313
0.44774813287257
0.46405663818111
0.395936776427734
0.279215046865398
