1.23485919441708
1.26195674911855
1.09313103487907
1.10617901137747
1.18106409782694
1.18848169172311
1.14741221730081
1.11355414522627
1.02673062615389
1.08826196480256
1.05968764631013
0.957225894482223
0.998677218191165
0.940625779277609
0.901783642222306
0.929078973103558
0.913957181394448
0.869544276945803
0.97569434634916
1.0138387777475
1.11575539659524
1.13281879420041
1.15690680455925
1.17293708492161
1.2654737898981
1.31262519562497
1.34460689305409
1.32269247513654
1.36999846651627
1.30425746578894
1.3287977399258
1.30634843526892
1.29246125553304
1.2940789239812
1.31463381196776
1.25272870053433
1.21241672587668
1.15691315160761
1.16991477446407
1.12601567546828
1.09444326866001
1.05555925442775
1.01592178032667
0.986326094520023
0.950130099876062
0.900887101737867
0.825207338888089
0.790444940785727
0.826758512845736
0.932574971657351
0.969492163600549
0.938750469087937
0.912790601412265
0.957005794180346
1.00606638668941
0.97869675031452
0.902530341777001
1.05569108986606
1.12725606123561
1.17140326633119
1.18721181957604
1.28292414676258
1.34252173663041
1.32903615342808
1.2944775853883
1.24926078606039
1.29045321742296
1.46246926432515
1.50984307986474
1.60304393735904
1.64143517283402
1.68019750717646
1.68682341994226
1.79711873279857
1.79091338305998
1.78076957687624
1.80364131181626
1.82362020228627
1.8470181660662
1.83818993079637
1.78499398622722
1.90485973892431
1.98482853910097
2.10746391345729
2.1338398442118
2.16759073895146
2.2568007268429
2.35369361698481
2.25465770515527
2.32499525048508
2.32098911349304
2.35788679945106
2.48164465991069
2.53958365140569
2.69003903301871
2.68739339781902
2.72367702643144
2.79871807390651
2.76885084558946
2.73333681184821
2.81487068995072
3.022591318294
2.99391651593632
3.00301399026776
3.15331103926311
3.05029427085148
2.95972459569447
2.95699074225345
2.82540427037489
2.71720018634149
2.74587878639271
2.66301066380018
2.64821242872669
2.67991768700146
2.59839561060984
2.58387986933204
2.59279100416654
2.67342525033916
2.65254901787352
2.62886284956221
2.66096429923481
2.65094176380337
2.70444038529439
2.70952637636712
2.65187523659929
2.74894352957871
2.82076403518279
2.78314880657483
2.70711575176814
2.8409406466738
2.80120526954156
2.83797864723208
2.91684557577601
2.97148272985857
3.00419766809555
2.99561931438672
3.09048101704642
3.0251130506945
3.16857789067284
3.22748259898537
3.25747645706222
3.25687098351717
3.17161636177067
3.25762672079931
3.36251532199028
3.35691495651622
3.38998906953915
3.42173921433692
3.42083198232595
3.43106481152592
3.46070848092224
3.54184545220468
3.57301460665275
3.68270776611302
3.66713042621795
3.74291753560445
3.68828808618388
3.64976831636827
3.67779829266128
3.68787599424977
3.7571010874034
3.8226979983603
3.84908613123905
3.92869002686746
3.84495914760163
3.83111340592279
3.8494246570755
3.78825141589128
3.78821114053956
3.87239226341217
3.9770739952603
3.87107443253056
3.9000899746814
3.90887564001854
3.95437575595773
3.87560386106048
3.84639370354687
3.88824208286135
3.92523566584139
3.87311346741568
3.98548122632864
3.85758862953005
3.81646959083399
3.82451304876402
3.81192814535691
3.66530227231615
3.64167619120957
3.58158279288759
3.50177056148113
3.47368434607843
3.4612013436638
3.45323702159565
3.38076402000951
3.40783885541116
3.38095722140733
3.40384570425685
3.36519892452399
3.31250255986377
3.26069061361003
3.1836091866274
3.17225395132781
3.13516687884842
3.21890241321338
3.27124597396759
3.11249597460765
3.16121440244186
3.09480077090154
3.05485739032998
3.04036904061136
2.9603020233593
2.86231161213594
2.65891813630224
2.49675324761454
2.39659892514581
2.27315308812608
2.19027975082267
2.16390836708172
2.03465390519099
2.00753003732075
1.94148064214438
1.76848708923882
1.72796002707738
1.58692347913183
1.55499764926355
1.51210287477662
1.39618142778742
1.42506996336112
1.44413937410399
1.40973899332939
1.34105533461447
1.31822009545508
1.20063093583813
1.16184266143094
1.05152734427185
1.00267507565125
1.03689294430019
1.07598691583994
1.19958907006854
1.25820950061866
1.24503216286601
1.23638035046535
1.25735396231908
1.26820123191287
1.32850381224494
1.26144144944841
1.26940427782955
1.18268387507351
1.1770389314741
1.13537077905706
1.12567864804676
1.06446044055453
0.941562438716311
1.0404654610119
1.13627491442832
1.1152145960115
1.1781293881373
1.17599778165131
1.16513223855038
1.00347939972277
1.00151359285334
0.997227582732754
0.885432361204708
0.883631550967145
0.897128261831245
0.810473996335046
0.872003985291789
0.732679152562846
0.671264724100653
0.606174974773915
0.527602945068213
0.39713980027913
0.380571531850154
0.348566548969172
0.382338779647627
0.357200814419443
0.290793176769647
0.115448877773456
0.0364661703819218
0.0325695203545298
-0.0762462440858174
-0.121052886407384
-0.155605429423378
-0.0977485000984786
-0.101252759902286
-0.053080365326031
-0.084337804291166
0.0690951965560602
0.0148549555872215
-0.112467504555853
-0.224017928554236
-0.238628005153902
-0.286799698831457
-0.356152633918241
-0.319498222385703
-0.451973615551479
-0.360868343309933
-0.33258209493398
-0.308379578193876
-0.262469570003729
-0.28885625092817
-0.237787979479812
-0.212589207330725
-0.219072214593166
-0.170254143150397
-0.0290106335330182
-0.132438510792651
-0.163067067195338
-0.134233284437916
-0.114672622976691
-0.105205577856571
-0.107285480743721
-0.0701428672319862
0.02448288685969
0.0887856980018324
0.184270714126155
0.26046941926073
0.257964883062544
0.260125359341099
0.371406328610574
0.409390160131881
0.489665065112717
0.462084852273013
0.454283739025269
0.59237091074681
0.668098076765296
0.577812892935314
0.609925248898109
0.670885747053077
0.676354321149761
0.840153496345588
0.939395881682379
0.88331289654433
0.871747354860043
1.0057605627083
1.08875731893785
1.12299175214773
1.13193733289113
1.30661575730215
1.25699794685776
1.40663805105053
1.49896158445296
1.56949554171371
1.56619039314357
1.50914134339202
1.54737849169929
1.5550498869684
1.50288311739872
1.46080398892973
1.46494962270181
1.60082696130137
1.69549673680432
1.76739183076961
1.70424434904384
1.68318964203072
1.67232474099805
1.72105642410586
1.72151940021028
1.71932685388966
1.80821848022553
1.84239675111057
1.91005631489125
1.9937974269714
2.0100292358306
1.97857460797048
2.08796143521358
2.07084076558074
2.11464597683001
2.08535991866018
2.01962023838795
1.94754815405288
1.92399589215738
1.92086614678868
1.86022025623114
1.85423980544212
1.95009108664978
2.06919476218006
2.18852934649801
2.21252150816709
2.1818976261081
2.23784757019065
2.17332489053411
2.23852344841728
2.15627661332954
2.22605902477068
2.23688504885694
2.26921605972561
2.14363009224092
2.16911186584145
2.22309638001661
2.28780246411226
2.33720241758907
2.37554252386347
2.39736709908373
2.37939047236166
2.33604237457308
2.34541022691903
2.47148342295945
2.43875447031303
2.45451856891378
2.4809079151894
2.50733409695894
2.50200550519575
2.53886266692397
2.65692931119441
2.64444303339342
2.64515062611076
2.84547215455113
2.79989246740668
2.74329633308987
2.67151458858084
2.62864562415298
2.58790340612462
2.62483735530056
2.72010487652609
2.82391355260257
2.78406590471086
2.84581622872341
2.80613851226005
2.84173366109243
2.86344726609633
2.73795053607831
2.7064983918674
2.79472770357924
2.85514218616753
2.73334815959762
2.81955661936234
2.7913698610925
2.83662983728475
2.93772820562137
2.89420934669907
2.86273819132659
2.76723198995862
2.86575047277141
2.85107270664029
2.76565787391123
2.77648391899966
2.68534883577774
2.70899559016602
2.63806799315991
2.53301297398755
2.53685067958636
2.49071017980196
2.46993121155564
2.46634903444089
2.51795684368395
2.51184323454469
2.54603549610329
2.50144761314077
2.42928162048735
2.4412243787081
2.42596561247831
2.28595413752323
2.30678220537085
2.43132844971691
2.46296276863434
2.52902606454105
2.53072463442747
2.44217050021685
2.48086460366641
2.53071283556231
2.50971252235481
2.45288895219554
2.45424974860023
2.41855873743147
2.42701784291951
2.27641042761891
2.17408388708086
2.21110687100128
2.13044333045242
2.09813486720716
2.02085930237169
2.0069716976435
1.92688767717678
1.88250679684123
1.88063457995262
1.88135092679542
1.84797786167937
1.89668051854523
1.93161405790897
1.88856716420518
1.82732065952471
1.82182249569265
1.90221901234353
1.8980250254346
1.90584716071129
1.81577436597692
1.81308074148268
1.73041644698812
1.8126351052946
1.83192365059797
1.70084426213528
1.64895298500195
1.61930382385142
1.53496422350827
1.52635122964883
1.58716040823346
1.60528843125905
1.57596250542901
1.60390435723953
1.66144895018168
1.73532605998833
1.71452419847038
1.64935438752641
1.76588994776782
1.75691021001111
1.74498985364384
1.80471157271726
1.8195969932703
1.76359918059465
1.74288332624883
1.7754936344408
1.76151390270892
1.72558938583051
1.71642349358484
1.62888623810947
1.62548018971862
1.53398544071104
1.53197933150497
1.44274305351612
1.41318672869826
1.42241272521183
1.33823508301813
1.37070712863056
1.44691433117291
1.48568515429071
1.44245108580538
1.42767146691497
1.44976528311754
1.47738928704968
1.44324586680264
1.41668735015085
1.38532182696203
1.37508214607133
1.3012939296699
1.37728516074142
1.34774862491986
1.35026731907394
1.40087031188662
1.35463842549383
1.43367390273672
1.4837574679065
1.42014663737236
1.38262743541839
1.39962841106197
1.37272685230309
1.43618865062847
1.43904966144913
1.33417520910352
1.28988931486728
1.28125041453414
1.3223095542681
1.24980352298208
1.26424331034365
1.23565421975259
1.16976190377665
1.23265028108491
1.08105941793519
1.08595606962331
1.0785947020508
1.14986890247447
1.19206411404953
1.23035292913869
1.2568020063497
1.3056667068355
1.26574073062351
1.27277739613387
1.20319610248424
1.11356813103914
1.15236342547568
1.2529747708164
1.22221613294293
1.12483981911018
1.18944849167724
1.19086748858589
1.20833929841051
1.19900457616207
1.15036051257369
1.14925180090968
1.18899921889879
1.26632957674659
1.24241359065289
1.41096298604788
1.4500358289804
1.54354139994662
1.49258705402619
1.53666454894259
1.48478544281001
1.55633254140057
1.63668736598764
1.67251077192731
1.61579367730375
1.41767963632752
1.30618820049135
1.133294309139
1.14809443843611
1.13745086893969
1.11580268098185
1.09806555778094
1.07400809700926
0.960206367459769
0.944379598396384
1.03610657261345
1.02138455019079
0.925129872626424
0.986384020021378
0.946134783371043
0.872891851633862
0.829221104605091
0.880850757124249
0.881676519039574
0.933427122961801
0.938329898737026
0.911050347296776
0.875381354124497
0.909056468720061
0.918423942773212
0.838853822353715
0.928279526710838
0.910900568511687
0.929401178979077
0.992912339556609
1.01274987738111
1.00479383161179
0.87854685099023
0.730981774495247
0.791161424384585
0.80075459032438
0.853060270014898
0.86902921172222
0.834792168803012
0.915242047779647
0.992888847889643
1.00518719552117
0.974631556810135
0.97197065650526
1.01054387752707
0.897433236780789
1.01343656990501
0.98668328598195
0.947939075228478
0.84293063123937
0.74374719395636
0.659993855012182
0.679622964095139
0.640467301973451
0.628385633535861
0.74143289355079
0.738522528442836
0.65362303054982
0.581043836916926
0.624223943235203
0.591982181884956
0.574698957877674
0.554140369549578
0.508118270495223
0.46149394909702
0.592188720018648
0.607114484543162
0.560759426422351
0.581583991759283
0.652983536054887
0.605914284665787
0.632832401827097
0.613981870300584
0.632758580425904
0.686678730555382
0.661878260447804
0.548856986263976
0.490196465856736
0.448967471286
0.389374885746141
0.481575640632349
0.554137168849503
0.515265301468855
0.484663452987816
0.542712388412497
0.49429864425944
0.40657623076099
0.345991912953247
0.47114163546778
0.420187178966474
0.469636049712394
0.397210545690705
0.329267861281023
0.434707063607807
0.468818558806985
0.576915242128807
0.601962650174056
0.580897338650908
0.632615892841363
0.617821565093515
0.565116070790563
0.554597298038018
0.618558255642218
0.656943117962265
0.635467353601735
0.690176223710277
0.762291016473464
0.810747455269087
0.826073653497741
0.939709811443638
0.930419525671266
0.950262423525287
1.07430812966397
1.14908035031528
1.26764595376844
1.25610841869205
1.28988866499839
1.3384162666135
1.29978359082594
1.32400177982753
1.34161968610075
1.36473673168099
1.42540388385305
1.47140542006044
1.45474917024132
1.32382949067522
1.22328812837103
1.29006231246038
1.17830713766638
1.237694583051
1.15250523473686
1.23579690206434
1.41669098787175
1.45075264291666
1.46714896673919
1.53998857691128
1.5570969162293
1.69424117165442
1.71110127351995
1.76892355566353
1.82331383366382
1.80128275953958
1.88626419011953
1.84500776738148
1.7574268535671
1.85261713676178
1.92169452470619
1.92336362843755
2.07981329869976
2.08775821011083
2.084689216488
2.16793769038433
2.1936228901579
2.2711561260991
2.25401436862408
2.19303811630178
2.15123715686223
2.11690093644579
2.20889457133727
2.28442488838118
2.30146977150438
2.34261656509664
2.32213577519892
2.34428150136958
2.37313524212061
2.43659604032829
2.48669541771728
2.52013909385471
2.48159931168422
2.35087138670849
2.40089368951292
2.34893306030105
2.42348975639398
2.48245690254043
2.56405701387939
2.65951066814362
2.65073491856476
2.69519837863447
2.76702937008258
2.8891034298896
2.88272438380721
2.89685589418513
2.90966218396747
2.78537263322934
2.85374309090944
2.8290871984144
2.89338727085131
2.91520466218098
2.97005171118765
2.95685540642474
2.93451813834827
2.95317473471396
2.91074460156269
2.79981832475774
2.79176981792248
2.83785212170834
2.88724434068971
2.91035880190771
2.93072020777419
2.90913833178391
2.93209749469908
2.88082618729141
2.86213045105056
2.77167948023086
2.72368435027196
2.64931306907096
2.53754460503512
2.60454038075178
2.64326666173856
2.76731096802183
2.74092693744176
2.7234582841696
2.77564339066491
2.63881112551576
2.57940271156966
2.50104192476001
2.50069130868443
2.57760014032943
2.56494057311577
2.53329581124636
2.59108456370433
2.50660660160783
2.56785484547191
2.56526996688181
2.43090896280201
2.47563599226854
2.42360866522973
2.38121337519586
2.35570257158643
2.26824816716964
2.2407008888048
2.15191637942299
2.10651551375405
2.06192158011392
1.97094856318519
1.99254519624971
1.89832379746596
1.81859010867043
1.77077096652596
1.66052329912824
1.59855409570516
1.57837133565129
1.58739575890093
1.55009102953927
1.44659572502248
1.4054414645761
1.29962570176768
1.1948679595691
1.23015220439958
1.31068217679008
1.32759359754724
1.31230207080813
1.25065683653853
1.23037571086937
1.27631795345606
1.22890412145088
1.17867966963102
1.07351659273941
1.01518021836873
1.0295120767256
1.01213518635225
0.965760261283012
0.957325750614327
0.904008413334321
0.976750453481686
0.916731945385655
0.850751197156732
0.864949109677561
0.895817208574546
0.717270246248665
0.735527536345628
0.79856440701075
0.733232310583743
0.69750449026561
0.731202321546427
0.609634970044314
0.695918744479094
0.57058180819815
0.656355749091795
0.655741961353465
0.638519516205549
0.642423731478643
0.680113968181764
0.675455169873578
0.743416069731375
0.930993605329687
1.01086266252466
0.985185197216337
0.932226008617932
0.836566454504691
0.712275951308335
0.569480061938982
0.626714599783739
0.663126641589661
0.782080840532825
0.79833746781825
0.859006926797498
0.926883608015781
0.962369909718319
0.986731253612973
1.00485550270823
0.932173559856423
1.0598227079954
1.04067875055285
1.10055305824834
1.14704853148832
1.16310055302261
1.17814068094339
1.20271101849623
1.24462370230992
1.23500039442899
1.18381176961801
1.15374543297016
1.12023830272479
1.0866473725096
1.10503055457277
1.14235126199111
1.13620768367262
1.07298992565927
1.12581884890516
1.03913514428667
0.960998063027987
0.911492786485666
1.02241846449896
0.976670970207154
1.01982083005758
1.01463610654306
0.935028235047099
0.942508048902367
0.958941733607431
1.03166507714554
1.05282469483851
1.06861982351578
1.04706731095411
1.00421791312763
0.967508510261091
0.935196141669782
1.04649996769336
1.01688994890146
1.08636990596685
1.10320208041148
1.08277025502962
1.02854940471401
1.06200061425694
1.12305768634948
1.22318485869553
1.19085347947775
1.23523871229734
1.25295630970783
1.31227491925726
1.41885171281419
1.47771618987014
1.52624541511135
1.48208737317373
1.51979279610125
1.68732291085007
1.72640326751243
1.78512491969999
1.81558798042486
1.91714260050811
2.01121386446053
2.03280766181351
2.0873650911087
2.12152634585231
2.21526787554105
2.21155406754226
2.20762073267877
2.18682691218218
2.22397033704089
2.18790575377214
2.21581836170156
2.30050903635299
2.26617170138352
2.23769042841315
2.18681461319788
2.22740740230672
2.30974645299085
2.22552814367026
2.18203554769178
2.21754648656712
2.19404672088446
2.30279595609361
2.24939606802162
2.29967332394416
2.27728445683093
2.28662220434448
2.30681877528047
2.30843022873856
2.31248570410035
2.29039150057727
2.28985630617658
2.31007721166771
2.26648646599834
2.26214261458969
2.14782520875339
2.20198012637159
2.24597702369113
2.22460085962548
2.13493801764527
2.18245643331965
2.19896025654003
2.13410107047239
2.21076193454587
2.18424519821147
2.10317883226675
2.13659979592195
2.17850937758356
2.07609607950692
2.06063666043345
1.99860248579959
2.01137529256717
1.96347472740925
1.93280346368654
1.91330421637051
2.00355318378312
2.05188689777777
1.99188767591474
2.02111194604298
2.05864138244432
2.06054353748731
2.02617542993674
2.14572372686837
2.2182600870598
2.14922113338221
2.15809620912418
2.1891026067882
2.1764914571628
2.19741781940721
2.13217939813487
2.08879520610296
2.11009094117939
2.18730663377539
2.27891177792582
2.2508868018077
2.32958079978346
2.37476394203474
2.32619468782076
2.33630753945099
2.31315101858104
2.38869689751866
2.30103364668301
2.23866283101852
2.13244712442947
2.14113102410844
2.07766173206094
1.98978146033866
1.92035418890424
1.96963239688448
1.92393307014563
1.94403265903674
2.00720353858959
1.97562797921268
2.0188315368055
1.95436711163095
1.89156929536438
1.71937530341134
1.75285103212205
1.77157860876214
1.79592875776135
1.77748826673603
1.66872699742564
1.59331706033728
1.62966081466638
1.64192645604544
1.63249056071167
1.50308104192698
1.42599512848197
1.34433104012856
1.36026440969777
1.26029652343189
1.28964383530949
1.25714757857929
1.34516286269763
1.42251125066658
1.49643796364185
1.4430398695614
1.45055099156929
1.41510536760253
1.47394696061002
1.47028127099651
1.39924033774443
1.46433607831665
1.38094201034925
1.36359649977198
1.30022799990468
1.21059413190695
1.15621655589605
1.207015926209
1.21834310042521
1.182653460635
1.18704366207023
1.17010483146532
1.14937045005729
1.14517776634195
1.08961155509301
1.18531775386354
1.2883744433304
1.35536898767666
1.39230125161824
1.43030799520815
1.39026096342224
1.39344886725805
1.35812489842478
1.27476978521343
1.22891561282898
1.16927634308814
1.19550206466524
1.28728010408848
1.24936971473506
1.26771864157205
1.33095932752758
1.31445247595276
1.26195933282822
1.19905149455411
1.14328842902834
1.03196530115576
0.874699149578878
0.857788325833759
0.889467774395126
0.847774138277312
0.814314100907613
0.78987644982451
0.671560986901774
0.696227605273699
0.675343531033809
0.66853024548824
0.69263570502373
0.85282389953539
0.878044844922793
0.855242153424105
0.884664651430547
0.874478931963296
0.746225814967956
0.85088812019182
0.74885254724145
0.835226069502234
0.763477643547705
0.852566085151098
0.889728015544455
0.857719758854926
0.870796721191248
0.856842784017346
0.911458223938161
0.890986304423131
0.950336442912575
0.962932906845187
1.00882741521758
1.02642856766381
0.912822474033005
0.984321407655617
0.943201236513997
1.06003488205409
1.07614256888235
1.12499735442075
1.15173092416774
1.10614056078415
1.20494039306737
1.19004115352377
1.13053035274828
1.13269229282214
1.08601378292064
1.02955420643648
1.08068307113794
1.11113153717258
1.17690399170045
1.1889796331436
1.15127702812524
1.1620778923022
1.19615241307542
1.26168905069203
1.32897210839597
1.33308346756072
1.29992074474189
1.37269717227437
1.37515028013456
1.36777929810219
1.41984731577633
1.31894499797763
1.29887705254058
1.31374895268528
1.21005788518114
1.21550206335415
1.2328674036224
1.17225410757305
1.26468979728979
1.30000628307946
1.19687155123434
1.24251457262371
1.25912942873583
1.2870988034715
1.33655374150838
1.30664591634896
1.29032221873208
1.20916451567379
1.2995824536899
1.41732044960683
1.40808003703367
1.41189542206663
1.35749729043896
1.21156506434439
1.23188182272591
1.23353044453318
1.3189430268843
1.30462409476527
1.25325870830652
1.30405061095099
1.28794973647453
1.35453219040329
1.33585038287237
1.46434893239067
1.40442393864521
1.4140088389125
1.46038936394485
1.5223916130824
1.55360223297604
1.56230064959953
1.5434623404231
1.59641552267346
1.60023091211182
1.64162591026374
1.63672854569758
1.70734440446675
1.69526740874994
1.66268364898016
1.64533196912945
1.60099654105679
1.57196219754312
1.52283123551598
1.5286014173348
1.48382234218656
1.56429041916465
1.60050707678203
1.6293882715013
1.61786693296549
1.67956222022635
1.7219530432743
1.7514617192776
1.74255347123011
1.67385689014794
1.64931190793997
1.71764684557318
1.73964640349286
1.70862577298812
1.6626157204061
1.72880788020396
1.70225678567223
1.77186102145497
1.6483541261195
1.53065506529192
1.56071189647548
1.57340404485713
1.64035084827454
1.52066684045108
1.55726416174331
1.48437351876044
1.4258831419375
1.37441590045235
1.38087638999186
1.42402822587061
1.49008526246605
1.44426434800463
1.30650701093672
1.28108782702058
1.39395332654381
1.31571829648861
1.29838435486707
1.31428110963447
1.36489367123658
1.35898371327678
1.4338051231036
1.47662755173942
1.43837497115442
1.36460903775121
1.32749147446383
1.28617207656814
1.28643209744239
1.2267238392366
1.20863279514503
1.23367917579265
1.16141687484916
1.17582794046591
1.20707295235212
1.22838655928665
1.28325718531935
1.2721552427086
1.31201145465083
1.32119662871018
1.22265518306977
1.273392830526
1.24355017813308
1.18232093605323
1.1374057322708
1.05970386270756
1.03628837702645
1.04260953096895
1.00545845843624
0.921812561342723
0.878445094109553
0.933716350566223
0.915971192653729
0.800235861382729
0.790131462395931
0.771491672020808
0.891733168589299
0.852180338241239
0.951602464626359
1.02441341458321
0.949913874787851
0.981779046929791
1.01308942792931
1.07583689316206
1.23579862771522
1.34238417100327
1.33789411470655
1.39182812927893
1.41057761290063
1.389652514169
1.53655550726149
1.60070675499707
1.69575965580797
1.66941153697876
1.72160744824255
1.68378931550538
1.81813748699926
1.86909341940681
1.82389265634523
1.87106470072564
1.94330189577567
1.88987568274805
1.91131343239912
2.07926254061707
2.13331756542574
2.19620635563142
2.17092454779215
2.37775876763727
2.4994146329379
2.70911061865511
2.7929403556414
2.74287355550829
2.93374099179539
2.95811310891765
3.0870550874247
3.11246991632944
3.11767611648165
3.15760170999068
3.18098772757612
3.19735321532075
3.19741004400599
3.14845359245896
3.10969709982033
3.09931176696526
3.11278902323308
3.07024749821881
3.05240799090117
2.9304124266322
2.8825034952736
2.79725677718157
2.86568917570861
2.92144700544114
2.92603995508788
2.87217794869951
2.94523562833443
3.03138418026494
3.07242923569106
3.07509123421875
3.09886236970721
3.11587093048737
3.17018131502198
3.1112034212988
2.99615922320399
3.13711514496171
3.1004404656687
3.10465897732562
3.11370892718817
3.0648419506573
3.12429741278242
3.17353085210028
3.05058337400288
3.04193173332703
3.17800322217996
3.20523392211745
3.26659347711344
3.14935687221568
3.1354246332738
3.17095962862563
3.13279418554171
3.21654694914362
3.15782762441576
3.25592459424554
3.35082351627756
3.41948196174155
3.51138507876048
3.50258852476562
3.47113235761553
3.38896385674798
3.3646813639554
3.41291226816557
3.42788736817541
3.35323674389107
3.25139515727783
3.261998562424
3.39559018220372
3.29839711532776
3.3081140673728
3.34647641378979
3.30520720442464
3.30971975337096
3.26930349378763
3.31392684417241
3.3304740918414
3.25564228608925
3.28809075235183
3.30976436557531
3.27352035353116
3.21478460762445
3.15318428212405
3.11705509892384
3.07209148176714
3.09533921444924
3.01389639212136
2.99458444018916
2.98775481604355
2.9168635436912
2.87746609902611
2.85455403444847
2.86253932606978
2.84612494168401
2.75161796119002
2.77514069575393
2.76165639808369
2.61960566287329
2.61401830131485
2.59802173024221
2.53813664455049
2.48793734343513
2.43643153503792
2.4577801251554
2.43775395446098
2.50756116450808
2.44520688040577
2.42963904402474
2.34090224354236
2.25350353642632
2.31853714021136
2.27950920999298
2.2962614579792
2.19549209944215
2.28301332592225
2.31502783233178
2.21547279908729
2.22507403783947
2.24025193161323
2.26452878386054
2.28591419881142
2.29001575594612
2.29426396160397
2.2709487138541
2.26154045865712
2.26083561721899
2.20247063425732
2.14420766025073
2.16207764964917
2.14684533675038
2.2010357290706
2.23318921057486
2.36184196565874
2.3787598623071
2.29604802376077
2.26860805695416
2.27368576357953
2.25822071103533
2.13150817834714
2.08780345183682
2.02540059649969
2.12427162662131
1.9716770033851
1.88085447419301
1.8604766211204
1.88235576529532
1.88576374954944
1.73398361920149
1.66409273421583
1.59450680741892
1.63629365385152
1.69686729855482
1.59373373132234
1.58956117211294
1.45095569041588
1.54204087623092
1.49978692685676
1.43501950226815
1.3667467013146
1.27007945594353
1.24254918205713
1.19527409486599
1.19164457991377
1.15759538667419
1.05816398889964
1.00975120353726
0.993770972180035
0.999841480057228
1.06206868010469
1.09827732044526
1.07978972417338
1.04749342850584
1.00407103318613
0.999330134465054
0.978608000316568
1.06000435724741
1.08718494144634
1.12502976650162
1.00331206802021
1.03650285559888
1.11254871483777
1.1248814017578
1.08150487021043
1.08988063325017
1.18169238323664
1.08307961459447
1.13400011654698
1.20958600938434
1.08491687456951
1.04737813596197
1.07304283464738
0.999036572258016
0.96763588037419
0.912912302753811
0.96444046305143
1.11214133431639
1.16559428490975
1.23087832621993
1.25265376495527
1.33361065810395
1.4294798628477
1.47085092361253
1.58600476650051
1.65256202347545
1.66460487557851
1.80873984547161
1.95485360543352
2.05564815175238
2.09037761480922
2.24383986139796
2.23857816779804
2.25032370265959
2.34005551824105
2.32913364067681
2.19964097483043
2.22821124688879
2.34561389093772
2.32321842134441
2.46697964983516
2.62469628540228
2.65157579591577
2.74864465783312
2.79688011199954
2.82060052350395
2.77498034336918
2.87903602356789
2.81795612898315
2.80086309318791
2.82449951508823
2.82056894242901
2.96886697504379
2.85798349379891
2.927835072049
2.90037029944298
2.8870270912189
2.87897766769726
2.98037027558918
3.11293403769648
3.12578540229704
3.13740637390455
3.13296385655764
3.12755852022324
3.20432503215304
3.25611073483649
3.32294205923108
3.37734972269579
3.41169177610012
3.41893402416414
3.48131344933704
3.51736819087504
3.54160161071869
3.52289737572496
3.58776160251458
3.65449968529104
3.66662341823056
3.66915528754059
3.69785342546654
3.69983493780464
3.64238370618802
3.58051215394101
3.61414551546898
3.6873385925467
3.60595868634681
3.61229103038742
3.59171294000041
3.58454566769019
3.63580535377827
3.54759522858472
3.53091264975901
3.52085577090621
3.46564218497376
3.4681591022482
3.45367131156512
3.43858075786161
3.30314485127911
3.30101773328514
3.3631233315922
3.34042112338098
3.42255176183543
3.47802260162421
3.54217336539949
3.53748518850124
3.55732349675683
3.53595891314066
3.59297590437332
3.54169722554699
3.50291944050111
3.49201806238686
3.4680930626668
3.57766554273742
3.57199299654756
3.50540220963644
3.48371981353321
3.54858134455484
3.64822701029029
3.52159267049021
3.53110180865047
3.48203286444311
3.48398498990237
3.42353226803432
3.39957504573016
3.39134569620227
3.40421906132278
3.3079779815665
3.23476054806857
3.20837268547486
3.20351439270215
3.24915766597481
3.19738679257128
3.16199436411095
3.12470510763308
3.24198617180805
3.16905368060708
3.23626646316099
3.25837959908795
3.23759109080062
3.07247881858941
3.04070887889653
3.01460467145343
3.00785510755415
2.9622415062472
2.93146831643883
2.97020577746318
2.9598973302563
2.95966874291245
2.95258898043699
2.98846679200646
2.94500337907143
2.89786027583366
2.80436431916268
2.65259227682541
2.42762839258716
2.43353980207743
2.42600392286059
2.39689730537497
2.27844868887374
2.24979494197368
2.25236688645186
2.09605978841259
2.0563803176439
1.91588605324993
1.95193717574756
1.89408775363649
1.81299706984573
1.76287232139736
1.77319209701751
1.80314025279517
1.80770197973064
1.72451158671589
1.72847664469142
1.61522764121112
1.59264153177006
1.60813485468842
1.67525394017666
1.61830394239244
1.5567848574605
1.46502893888792
1.42504456246737
1.37494147129278
1.42689358636566
1.35604785508457
1.23885619487472
1.20628796615889
1.10557656718594
1.09424252906751
0.997961055206931
0.931783654082564
0.989261916731785
0.928507573412061
0.847416548375375
0.916865107026933
0.926750962364017
0.947175151374959
0.886757827635034
0.917300730767078
0.949567364176897
0.804277725420492
0.824440659458279
0.645027247570436
0.649006596174977
0.650196510094342
0.551450227557523
0.604788416093652
0.470392058395751
0.352590795716607
0.355899735724049
0.337204178110292
0.41985820703258
0.462132360664059
0.453245175179022
0.559469709951468
0.561037623271952
0.630350229126768
0.725464197805532
0.856753947320065
0.910787952539969
1.04848770453395
0.934559700055609
0.878803870143373
0.761584853849904
0.833679431495615
0.740073173712489
0.672180766541088
0.651412709101799
0.666063792638018
0.583824442609461
0.530292631652893
0.479878538389949
0.414247943968487
0.341316025775857
0.448863259153594
0.521741798413281
0.546847345128629
0.483235884507811
0.459952672431722
0.396955702487315
0.352920003828693
0.20962960157167
0.197998870328087
0.220490004322763
0.251073250244175
0.236396741117439
0.226335198839681
0.118792859000106
0.122785222082129
0.0331427265494222
0.0529325729631456
-0.0338745890942695
-0.0242288667733825
-0.059363093345763
0.0695940198618423
0.196413516402195
0.103036893431479
0.125995450135479
0.165021493980281
0.148142720676573
0.0765757252407311
0.030761656080851
0.0908884969298205
0.14276869020509
0.180057989154122
0.172089431654144
0.180438510774201
0.232961150228655
0.224525172594608
0.214069422950319
0.249295256508646
0.346224774726535
0.219659807338768
0.212565830768114
0.155792004720686
0.179351698143958
0.298741061780477
0.312169623817509
0.432761925907197
0.384849904985672
0.438767826786255
0.550249172489183
0.566561212757468
0.589579303004705
0.537250974119933
0.497889175509726
0.492170680835368
0.551046875468445
0.728929408971813
0.720973268198146
0.809980786469751
0.90796744648528
0.9721195518076
1.0261132366217
1.1166421342342
1.21089213582257
1.23617398611962
1.32670781574787
1.44936360938281
1.49018787530597
1.53172034404302
1.55617233464115
1.60815434861737
1.66273458336632
1.74315097236152
1.8423995086444
1.85913739264587
1.97917259063677
1.9628692358316
1.98397686334696
1.99262883313762
1.9970339841431
2.0374858149031
2.03531706582394
2.0112778501037
1.92394558839658
1.90427055007385
2.02099060423101
2.05795718910413
2.0438125903789
2.02641430023758
2.04048377572728
2.04025221835521
2.18298282874641
2.10175768047717
2.1394529590381
2.09243531603096
2.10564761213736
1.97619505610459
2.0157543021845
2.08815927865385
2.00892531843316
2.13915993606631
2.16265725092544
2.2192777599193
2.22805822134657
2.26174380081546
2.31861508940906
2.30369462826383
2.34621897653549
2.39902960671447
2.36001099274289
2.45990009786712
2.49927623164197
2.61118710020816
2.6075460509656
2.55170571119021
2.65765043602504
2.62558057028932
2.66017739887574
2.79127879935249
2.74732272014302
2.74684047959796
2.79646821117567
2.72350351066141
2.84599807384908
2.90625603379737
2.82750744318565
2.99495757042506
2.93592201032803
3.00450979724868
2.98558402635219
3.05883571805712
3.20376800133615
3.42588183840237
3.50443633871579
3.59035825403587
3.60020508393138
3.77067617696721
3.81053091470947
3.82345084598358
3.92651949752682
4.01514192337734
4.05541003432786
4.05532810282423
4.00072984148591
4.07198373261586
4.100778980715
4.21494593120663
4.27810803679437
4.2215138879629
4.24448207510368
4.33118372073517
4.37973729250745
4.30716593639039
4.37087179103711
4.39855639202304
4.35287511825172
4.41913268492631
4.46193389700761
4.39978662249953
4.31628219343247
4.30312454136278
4.25494306238149
4.27739453387187
4.29610872797373
4.21382834044728
4.20290332390473
4.19635613854216
4.06347912974431
4.07403543696149
4.13670721608407
4.10739202620889
3.98633381051434
4.00738369905522
3.91089725497681
3.88086019517166
3.85217441019532
3.83207294610281
3.80352247626371
3.74126036503035
3.71853829202234
3.69305966824383
3.82309822688482
3.85955709961548
3.79890818539247
3.76031969202761
3.69531531258769
3.73143032209609
3.78936180976116
3.69136891070618
3.68680240727104
3.64849199836543
3.44165632634559
3.39355929071649
3.32544829077707
3.17663223020853
3.19738731076003
3.13753787799956
3.0379590865099
2.9784814560155
2.89796509503103
3.00223891747164
2.93598442895415
2.82796095153973
2.77473689659058
2.70942961199503
2.6859651761129
2.57307973559098
2.59315886558571
2.59933921938563
2.57845504707791
2.58828265289461
2.49909256692819
2.42227494913083
2.33002070385528
2.36510012513235
2.3032985687321
2.21711399422282
2.18325345718589
2.1585879637972
2.10866108395259
2.12044849423992
1.95306586042651
1.89145583758795
1.93312292952903
1.80943588692718
1.76689171997981
1.70342586361781
1.55508274081813
1.52247080655052
1.4559882735783
1.37236166278356
1.33792381319582
1.19568033811694
1.10027637107916
1.10737040058276
1.00360493820495
0.879171293231055
0.832498117008239
0.627339522726235
0.655768356128646
0.523478458739988
0.503884713549991
0.307398579568943
0.147551933109825
0.102347348059088
0.0990805898323284
0.0630406856097283
-0.0350633494603523
-0.153186932605265
-0.355686462879593
-0.485934250552045
-0.566871506796457
-0.600446605314643
-0.641646422201271
-0.660159532343446
-0.737223591741626
-0.786475177901462
-0.876379733536281
-0.918539785795508
-0.938322235685316
-1.07379635455673
-1.14921245313434
-1.24635131468092
-1.22693882705958
-1.20145524128298
-1.32866904580182
-1.34033828174976
-1.37702125377888
-1.41770775966329
-1.40942572681672
-1.48499825295688
-1.47949945619048
-1.50579929859731
-1.53539756413315
-1.6069653150295
-1.60196060087717
-1.5114105252906
-1.36996214326689
-1.49000373401888
-1.67952067238557
-1.72400402934198
-1.75641035790404
-1.77674772850986
-1.88334861200171
-1.95214679042209
-1.90751263862306
-1.90333780650761
-1.87901493735262
-1.91034124510764
-2.01898983579282
-1.9754239154832
-1.99700207447694
-1.98801679050881
-1.94188550224748
-1.95706234631264
-1.85388157130466
-1.81626633479976
-1.80543818173216
-1.83693270238963
-1.78963386815366
-1.79656404413891
-1.75066800002907
-1.62659992274944
-1.65353599571461
-1.64386359141112
-1.6464718067314
-1.5963618032675
-1.59215469268692
-1.46166915595465
-1.3993598429402
-1.40302573893911
-1.23359973928412
-1.23185620177562
-1.23449545387908
-1.30796692226107
-1.23159680538413
-1.17719960154696
-1.26995819408035
-1.26783850722481
-1.17755314510315
-1.24046768591338
-1.12780099097423
-0.982141719593349
-0.946107714270231
-0.861348162124952
-0.790953862188651
-0.823746898773622
-0.764137636933982
-0.829899970093258
-0.829686771788392
-0.763933472626293
-0.74457560244844
-0.615077276511075
-0.601443533151678
-0.5486486591172
-0.574609912309077
-0.526574907737702
-0.367556216978765
-0.253693408952644
-0.212269828763133
-0.143398420958419
-0.167174485401761
-0.0150930837879071
0.0923867313721698
0.0648603666140497
0.127076907552875
0.209520943738854
0.251281261297102
0.295978753604586
0.405032784984242
0.330527560581407
0.35380871730812
0.323596299786117
0.522525080327532
0.583254239749109
0.680749582710533
0.67817768086935
0.664569338592626
0.737125556098259
0.732415021285773
0.823345633835162
0.851349921718521
0.990757508853263
1.043697018867
1.08821203416746
1.09190210791158
1.08708172004227
1.16499369858192
1.25828455389204
1.38156533869798
1.35373236328069
1.36822485556462
1.5736219593202
1.62992786668489
1.69636490461692
1.74077967216864
1.69284208169803
1.66669865678702
1.74715149045277
1.6864907356725
1.68024334741677
1.71342834247426
1.66483963119644
1.69451423694834
1.65601910569667
1.67408717981647
1.78470312236838
1.89012936899669
2.05876810634858
2.12018986183631
2.23616900400381
2.30433191805465
2.30569032907861
2.46824425055338
2.47390854729756
2.4335000851259
2.49152479162913
2.44661545678915
2.54154572761499
2.53695259134174
2.50137639094022
2.54814581282175
2.51275067699911
2.59949753942987
2.63099417010765
2.68980178002663
2.63273314366811
2.63040278385915
2.6668508216677
2.75871079159322
2.70400047875123
2.63412920667756
2.54367867688399
2.54162621000043
2.61842553803464
2.6436248286292
2.66918567765444
2.75850348846093
2.68908426433924
2.72767826512651
2.61938251880414
2.67562459152279
2.6739735195262
2.69326113314866
2.7206545348141
2.68689617689028
2.84205223515014
2.82934296971361
2.91920783185496
2.81907953406394
2.88852319679521
2.83677517472518
2.86063172148841
2.77247211254625
2.71136104416187
2.87011694427149
2.9524048650368
2.99883764791476
2.98129824051648
2.96362868496665
2.97557161186964
2.91808312738918
2.94270879004675
2.92430670525914
2.9527925015701
2.90170564825639
2.84023515532277
2.73863856748822
2.82212793007264
2.85822188969171
2.83833789821084
2.82038676457212
2.83451757493191
2.91187494880539
2.90103707129238
2.94927716726631
2.7888128758506
2.81355414302502
2.84485757836733
2.899436747387
2.94030850295268
2.97807122382561
2.92173128067787
2.98698908756945
3.01323920837605
3.00814935844418
3.01240727169896
3.0715927776712
3.05331671512527
3.06949232802957
3.04417989756036
3.08547333938885
3.23826898031918
3.27255419619043
3.15918980038086
3.20374377590785
3.14989663187736
3.12153481259623
3.16115770504721
3.0756841631853
3.07415323069218
3.08842074741887
3.06555222079868
3.06218993530256
3.03357253314536
3.12362251669509
3.14195018205156
2.99860250866266
2.99564028236827
2.96681658209775
2.89700994389011
2.96991829109358
2.91880410855396
2.8977756597101
2.96744394764724
2.97406929377941
2.87309826439873
2.8970066594461
2.79891375654771
2.82271994056587
2.96831941761016
3.04100493428906
3.08515681585615
3.06457723621531
2.99050016473856
3.08520910452535
3.03327076135206
2.92690289022926
3.0315498458508
2.9826658503208
2.81874540782434
2.88969442164788
2.78666696730664
2.80604343905266
2.75915787681514
2.73177592300952
2.61548740078858
2.53174271959532
2.49762056234713
2.34052570101082
2.42852828340961
2.41624851624525
2.38318701293397
2.38216097909296
2.33330162416195
2.33470443135045
2.31912378267856
2.26798766825899
2.29410689956502
2.09028372072407
2.08007870724952
2.16621571740757
2.06782601183408
1.99290078958618
2.01664150069725
1.93356891888725
1.84422716599757
1.88708368532459
1.85210887804182
1.84107896368234
1.80900904164188
1.91548313823082
2.01126310821459
2.0128226286344
2.04177324469313
2.02091259894449
2.06718672070716
2.06857521261407
2.19063055143373
2.26672395273806
2.30154083153286
2.46777997594016
2.42170846776144
2.4220236355466
2.37166185076686
2.43962403680401
2.31742320746145
2.45043101420207
2.42435983854126
2.37468672977087
2.36140857005151
2.44731156861371
2.42611923445951
2.41285287982536
2.44252092941105
2.63618811467399
2.61883312483034
2.66552094670792
2.71820183977588
2.71823001349047
2.78537018473967
2.80838034999681
2.77203490892589
2.8012107811726
2.92769045364138
2.90244490453777
2.90273796181568
2.91819351521397
2.99137067161784
2.98455082778675
3.01219119721023
2.96440962930448
2.91030484824261
2.8111504038555
2.84840249810819
2.9053454324319
2.87979173755447
2.90209309650192
2.94611838206207
2.93111984030999
2.92399949625588
3.0800700849067
3.15501284145226
3.13861528365219
3.11889092693604
3.09554840230702
3.05507958703803
3.07900365232087
3.07573113734259
3.05826955644613
3.07672749285916
3.03671887813111
2.97746569707471
3.10733754202761
3.12347338924663
3.1790959491178
3.16460869523112
3.20825478917251
3.22180415086185
3.18331860369875
3.1355442544742
3.10295478984077
3.035515140847
3.17309693560691
3.21482383794407
3.1036606488118
3.08188448636429
3.04810757861894
3.02050862797748
3.01887103969716
3.02653915284287
2.9089122488099
2.90753336113525
2.97419888745161
3.03604121991464
2.99123318419546
2.98040502737718
2.9344498732795
2.86020944793792
2.75900473855732
2.64727809426099
2.63003785875709
2.63234695999403
2.63805046652643
2.58633334829179
2.49007698683639
2.46398921030491
2.43585868216632
2.35749880793568
2.32918266076422
2.25461108713507
2.30141545504035
2.36162261126828
2.28634308778906
2.35977941701252
2.33497053430965
2.37882138156299
2.35479548446514
2.43798158138265
2.35597759822457
2.37071057217774
2.34759532894462
2.3649542369315
2.33449789525724
2.32212681766642
2.35347276330611
2.3004948736074
2.26182594532464
2.2243524947613
2.08700122185845
1.90270583642934
1.89691153349313
1.94988617876033
1.87385295946513
1.89381232917139
1.8872005633067
1.78526471087386
1.77166757610684
1.77335529879345
1.79606316411997
1.72458902017131
1.69183813482912
1.70750843710726
1.7113319608532
1.59008777377726
1.53093337753732
1.51714251543582
1.4202051805603
1.37799726547258
1.3163103801022
1.29531071220718
1.30136318338089
1.36871529008088
1.39090862814134
1.40210055321577
1.41435887383384
1.42888087382474
1.34153586686965
1.34341470275042
1.25396059509787
1.31071158840068
1.26433746187278
1.15602008608927
1.12820628848225
1.2055430007559
1.23156106536202
1.22207231508773
1.28642819887113
1.1770903975248
1.02636274058958
1.12326775845421
1.08789062240579
1.06347394932436
1.01749951230973
0.978892277382577
0.927524642518708
0.916165080257421
0.915728634565234
0.893763379027811
1.01995082113133
0.973335499721944
0.991896106135594
0.895899713637491
0.875121630411843
0.981853389362214
1.06694391119545
1.01786720893824
0.976763498495966
0.969509039886702
1.04325872267166
1.06963312776079
1.11040622339763
1.25417204890162
1.31815337809348
1.27035109562542
1.19205528909404
1.18675888603928
1.23988176618681
1.30733959232828
1.24860848287872
1.32102895378281
1.32254470850724
1.38735590753558
1.37263587706458
1.40856134254152
1.44071913393141
1.39756332785275
1.3641315608388
1.40758900949542
1.48312290392623
1.45868787220658
1.47637056218985
1.51753634339275
1.46066488042222
1.405146844616
1.35195179010634
1.35372049440692
1.32134479346192
1.35293991865532
1.40008180266274
1.43183026665081
1.5203043268362
1.48009720853541
1.56346008238554
1.55280471525625
1.54359399264753
1.53253796472035
1.50086148071504
1.54524375485544
1.46804974323358
1.41077475267397
1.41858260170152
1.35621916245389
1.40865439500176
1.48449211227497
1.55151401175654
1.48457843926865
1.59702974028581
1.65581356263632
1.70398583309448
1.71813604496147
1.7638292299622
1.79487755941211
1.87007347786981
1.96156666130662
1.97132722402593
2.01499561388271
2.11475477773853
2.2144133602918
2.22069549186214
2.30520272225117
2.30999828975596
2.19199358244996
2.24365555074949
2.43022956249664
2.53362769800955
2.56431760427263
2.67615263579207
2.73929437406176
2.76324876766391
2.7194703091118
2.75096432670624
2.85390076682842
2.90573454354669
2.90258161494551
2.82769546851657
2.83061340382561
2.76367160137614
2.9403331480061
2.96711854204343
2.98189364874587
3.0858044128337
2.96456766172073
3.05195356466516
3.10366254771457
3.26903276494198
3.25017985824716
3.20825885766582
3.19218352855462
3.23659905210812
3.23698864567814
3.25634776457904
3.28446572787479
3.33740538197906
3.26814798349495
3.22526294468251
3.24016059792222
3.32495271551134
3.2371714669643
3.24531373287493
3.1933526576247
3.18485167267397
3.17745489353874
3.13962073882073
3.19650806751448
3.19209414293216
3.25682843031135
3.23299492620117
3.23053231311642
3.24389059386568
3.23469596990899
3.28749056996283
3.42985181801291
3.44987988717409
3.49054981690311
3.48069568768275
3.48570345989184
3.53726893223836
3.5218515825631
3.41095765810073
3.52472463121489
3.56326338136196
3.51242238649222
3.45540997137708
3.42812876876073
3.52752420582765
3.59980222534452
3.57618074973431
3.63554497861819
3.57206171993682
3.62446789293131
3.62638589134171
3.6553201286836
3.76766852768859
3.69743135709243
3.68389001513592
3.72516508368395
3.58283178527525
3.58717486645815
3.48576471678325
3.40578122232575
3.45511873021639
3.42291911559089
3.38936201279551
3.34337832988797
3.43941640436885
3.40995342779246
3.38105718350745
3.38495340566986
3.3506307705873
3.27840735722535
3.26074399427368
3.24541254437458
3.25685462118523
3.24215814908749
3.31845345208259
3.35396654229658
3.32926679067042
3.39145905253792
3.31100198736686
3.31299505551977
3.24024347943149
3.26767929200691
3.24524884435113
3.24636362466632
3.1505279186217
3.10663105431316
3.05766296802014
3.07537352490451
3.17503335863636
3.05863622643197
3.0213057462247
3.04633012555821
3.00348215807239
3.03280866368847
2.99617903454252
3.030388642092
2.99155171968643
2.9867089790143
2.90979828933023
2.83201791101201
2.84422374244597
2.79672500326001
2.69208356672349
2.75707478105092
2.71922444491388
2.68633703030687
2.69974812975822
2.71226343550548
2.74549861777102
2.63102717704468
2.53999918996301
2.49022780263662
2.41853497368337
2.33846065693021
2.28835761076463
2.20866012564897
2.16170051350505
2.03094899674128
1.97521511226056
1.99503237005188
1.91676892984023
1.89365513048267
1.9477098833843
1.81675095387486
1.87651191083479
1.87451262088342
1.87725548887391
1.84427994376149
1.76801015064494
1.64493414361818
1.67172191951365
1.72488414717281
1.70229049430522
1.66024632020716
1.66841914388309
1.56894355204039
1.60207369297306
1.43079125777626
1.28236566581402
1.16001275252554
1.10853826155095
1.04241268833816
0.971735444012711
0.874805399603366
0.805364579449976
0.958726097416976
0.944386563416048
0.872878799857069
0.936761769180631
0.940968356766996
0.986559210534456
0.918576470024636
0.899288541306025
0.943772628923035
0.874709827122518
0.865457530037868
0.911893730672413
0.815686190764349
0.822454342653284
0.841271067693724
0.875293142965297
0.916042429201118
0.849458709341769
0.896882382894976
0.943458942297304
1.01942578893351
0.947479171021444
0.951084902773583
0.940987259178446
1.01827688670159
0.997130019885198
0.929548125114746
0.887773362149803
0.901991826421764
0.896054185503288
0.812234056837457
0.944261195587868
0.914839731484593
0.892495614757162
0.772249383559465
0.813930960749132
0.873417448133494
0.850347528471896
0.92084794305845
0.999407530448992
1.03337619381361
1.02121901888006
1.0574086330758
1.15408973827163
1.21228697765453
1.23567945488393
1.24085612745038
1.2408126867894
1.3204027369328
1.26542019628054
1.32210989001927
1.33313240630838
1.21924401586407
1.15359481002026
1.16614181392635
1.10573043949071
1.07193977836573
1.06437463213515
1.12265823077048
1.02882057090015
0.998015492651066
1.00510083933758
1.05351487949474
1.02175861672224
0.980526041247573
1.06143191338382
1.0731728707103
1.15488846141701
1.17401556498424
1.08056740640938
1.01672660622087
1.03487981809799
1.0311707279888
0.934677661031088
0.91587016634145
0.940051301747703
0.914432616004322
0.891645173119412
0.850641739997434
0.838645909792918
0.90817835393146
0.810839281723876
0.811388811081568
0.748416900398893
0.874447912286872
0.902939581972045
0.863740155793749
0.934776217324087
0.973923539910506
0.98226303063005
1.00699909484413
0.955168937475882
1.03221336963912
1.09368899699929
1.08599438147884
1.2220388486949
1.18292655282917
1.30016734312238
1.28074390942821
1.23327098573548
1.23444100281862
1.27352159549659
1.30965138403954
1.41284987743212
1.44785267819697
1.48716109921523
1.42960432763724
1.44330455580014
1.56622229147219
1.57929495229136
1.5253605993342
1.5034021455862
1.55966764719584
1.66745576091165
1.85067853128081
1.80387144115769
1.86552831089008
1.97774787945429
2.00821214300574
2.04485340889836
2.08573336441199
2.26566126758857
2.33941369323292
2.34713244555283
2.32841985726409
2.26249338493066
2.37518684208149
2.3716967096611
2.34899063757475
2.40002622647595
2.34739167660738
2.28823790760699
2.19437259886923
2.27550283673546
2.26130134990365
2.33551731150996
2.29547180570069
2.35655585718787
2.38326476939873
2.49593201202938
2.54233513579854
2.53951365006321
2.57333435243365
2.55549366666057
2.59072730673949
2.52034608852616
2.44463191538675
2.37243466409709
2.3020443398841
2.38135701072543
2.32354061411281
2.43896196046225
2.42822406670316
2.36764706304296
2.46015122818912
2.35060806389198
2.42080361301799
2.37130183054864
2.31599266295545
2.43381610286713
2.48138275997464
2.37924042749042
2.34030442349664
2.30740665389389
2.31737594274187
2.29923577874227
2.30889498594415
2.30438108984331
2.25538529822098
2.34385894881758
2.3684924221616
2.40177668294479
2.38068987274655
2.4380655650122
2.43838159806196
2.41637158122802
2.49143441975632
2.50802724696447
2.46241235998414
2.4115487723686
2.49515474347263
2.55835205399188
2.51814571985841
2.44740670428402
2.44405822719886
2.5420796481685
2.5487525970203
2.61388176090631
2.54335915606283
2.48739347964972
2.46865654692375
2.48615677359249
2.41377514255759
2.4377720273183
2.51285352215679
2.46600488398076
2.53008662189778
2.51915407560695
2.57162396151871
2.56284583223577
2.53906875045916
2.48901170567756
2.42078142187225
2.3777301409772
2.38103652157859
2.37691840018803
2.40999626363053
2.51649631334585
2.53864851408689
2.4736723943684
2.56890084803984
2.59845232252943
2.58611091494787
2.61740322283273
2.55279264460429
2.65051856435803
2.70441522455586
2.83738636246211
2.73180069613702
2.69597363823018
2.60198904294933
2.60885037518598
2.5783102642302
2.5014294646551
2.41743334659333
2.37343522865169
2.420608243021
2.25749146165792
2.21490046906457
2.06854126741873
1.92957492227884
1.90376334131021
1.91259638128661
1.8612693641521
1.81000314539865
1.77478643761223
1.7971308503651
1.76938762516007
1.74177168575251
1.70780121066507
1.66823817272844
1.64635427531248
1.66404024126778
1.74098185119733
1.71332410197575
1.6956648513741
1.72184377854663
1.71871636466915
1.72650760048753
1.60655557844437
1.55645101381429
1.46056739275727
1.4289578865767
1.32127346916491
1.36712990079429
1.22826858349249
1.25286894957273
1.20681305074056
1.22347532925642
1.23590878081749
1.22982394242106
1.22722886919387
1.37433009094515
1.21824932793696
1.24128867280923
1.15351588864372
1.15321799889444
1.20530705518676
1.13153164309674
1.03756034745723
0.973536935315074
1.04263958506546
0.890817833010033
0.837965900221424
0.812292861926474
0.823120430227826
0.82439836495114
0.853097921559954
0.726550127778793
0.659640573551346
0.686448264220002
0.534610541320795
0.413757650607689
0.327978486165224
0.282851966597832
0.178925129161665
0.123934670414339
0.106162702867586
0.0326629604904864
-0.0556623610014961
-0.0798568375087267
-0.118903026215592
-0.042194871648946
-0.0253432924661585
-0.0251335272510858
-0.208213501517516
-0.182377879127615
-0.195426429636427
-0.174164123805187
-0.170361089213169
-0.240625702650717
-0.30377593397313
-0.23619729393113
-0.244120003436105
-0.287604792216149
-0.425033602273502
-0.587548235640642
-0.587588602173003
-0.667195977844496
-0.665790155317065
-0.854856115978974
-0.957028718850168
-0.939014038872
-0.818333330374807
-0.881783769501659
-0.928720290035783
-0.984788642010604
-1.03533150119227
-1.13660535641323
-1.18202746249894
-1.00764497291948
-1.10568196122819
-1.06804670292411
-1.02824447202676
-1.01742257873703
-0.987435492258406
-0.899365389534259
-0.985427663083978
-0.985170722198343
-0.943232742848785
-1.03486884687613
-0.921667469976701
-0.929487843912113
-0.8362651816561
-0.753715478215716
-0.783177348500478
-0.85621096775922
-0.789889788523684
-0.878701167490399
-0.869940549048893
-1.06671831464819
-1.02200451961264
-1.09414679121076
-1.14229129065336
-1.09860923625542
-1.00067228814678
-0.934148737906737
-0.895404956368024
-0.894775658453779
-0.806649815208873
-0.769020222030607
-0.772606680591814
-0.74382698537037
-0.629556859892927
-0.554474471978407
-0.540992747664894
-0.652153927210834
-0.627870769226651
-0.749704332720819
-0.659817981748634
-0.667525257440388
-0.745219164669902
-0.648151940127023
-0.448562516936966
-0.543148950804566
-0.523486865132724
-0.473124767583132
-0.492224062340489
-0.444503058474437
-0.44648871716279
-0.468224011657742
-0.440551680251473
-0.340040122954596
-0.294322638554114
-0.209409535209611
-0.197447076761946
-0.173426343116771
-0.161615901403386
0.00762122858182912
0.171143363781285
0.171537459601416
0.120816843637526
0.128210848422704
0.137217276203218
0.157675003070692
0.050230658011452
0.115938350575694
0.0641776390007653
0.0275835284619348
0.0951921665595816
0.248267128336983
0.170575067331444
0.102741143363174
0.0305055089590098
-0.00771750352266354
-0.0110112437496266
0.0197636677572033
0.0575716201336955
0.135072473146854
0.186045436049904
0.154017510152768
0.26960330543552
0.141871774887466
0.219367969179627
0.275619134549687
0.308193132972938
0.360971192803664
0.268355361797892
0.241346625749622
0.318969710284673
0.321345538736455
0.240266591721538
0.230518651760278
0.251009106972098
0.303795341506043
0.334260890479366
0.341467996089759
0.42483043039552
0.45974581795194
0.474119474705323
0.47576586303377
0.620538625494343
0.626654744755561
0.673356133010343
0.75907576418039
0.814889535372611
1.00869099999814
1.10106622433158
1.10341250551773
1.07474180848556
1.15401764834921
1.30755651997481
1.31569432939739
1.35631928164694
1.47014478467331
1.47231257368032
1.49128954226693
1.45454675677743
1.47594971496821
1.59284834638261
1.61947401944652
1.63975005527308
1.65581091287496
1.81623879466677
1.9184364348356
2.04753672480834
2.05931647749991
2.07196826277546
2.07600039076433
2.1688382575699
2.21890043815419
2.38392868898366
2.47630160786061
2.46228756081182
2.51153348040859
2.61821628038819
2.66651561208804
2.61133485305342
2.63645050699319
2.55382510174691
2.65547338179168
2.68943718872172
2.67150527288288
2.6775933743718
2.6028298986683
2.666297567512
2.65289326107955
2.6757379789591
2.56178810582734
2.58221216390265
2.59178607439883
2.6279070580986
2.70151534462053
2.74053809248947
2.6558617991115
2.63045342267624
2.6784998104857
2.73967357020742
2.78366550313645
2.75500867928405
2.74944130438233
2.78551949949131
2.81385035619252
2.83994295207068
2.72080381630877
2.65239156374081
2.64621096888782
2.57995973678938
2.51399583181077
2.40434180742551
2.39680070866632
2.30966431481812
2.31495981339573
2.24380084069875
2.27315977611575
2.289170403456
2.33541738783188
2.37342178834329
2.34422520638543
2.35722744828293
2.32814450324696
2.30367022316598
2.20816925265532
2.19656277191799
2.15367844598722
2.13076846968767
2.06857073170981
1.99372917373045
2.10148878308717
2.06224706333619
2.06015698496747
2.10581259687617
2.12410418451552
2.05577469096793
2.10379870445951
2.05961360653518
2.08066884783341
1.95311627428254
1.92384936944018
1.87024075249533
1.89094883145204
1.79419307223359
1.72017197287085
1.74747994543089
1.8113749567548
1.78464056598879
1.82310013803737
1.87179777902743
1.86007260068546
1.85684996537402
1.83275041669251
1.88941341079429
1.92114518681858
1.83261683466082
1.64826557181745
1.71386485288245
1.59409247106879
1.59403050520431
1.53998131784354
1.49573419423325
1.50552943607263
1.55524804647296
1.54260593367267
1.57356857655249
1.59961967027781
1.52520177859425
1.49624696024434
1.43031285581817
1.47304103992865
1.3959274787715
1.44543007301296
1.39986581026252
1.38483727071266
1.24727359384363
1.2732576088257
1.28118088809782
1.22055568447865
1.26564641195498
1.15374897581914
1.0076600066266
1.07485895076604
1.15693181200403
1.20083558480368
1.08532440653924
1.1177872309219
1.14340572158154
1.20632241204995
1.15746160959322
1.09355237172147
1.21461655304989
1.22368006106824
1.20116629911789
1.30357126274397
1.34275460788812
1.40447831764237
1.37143337941042
1.4190029651538
1.39036136523506
1.32643041021305
1.35303951236163
1.35315002008442
1.4446053067775
1.39032474600542
1.3903978482702
1.37419803887603
1.43295925742144
1.38305757906398
1.37045930905867
1.42844057020803
1.42316717958974
1.48448432571347
1.54825463227334
1.55163870962763
1.53859502278579
1.49936187184449
1.4556488670256
1.46357123667368
1.44750410474551
1.40199906561469
1.34557265323537
1.38613612317574
1.36037550617946
1.29169114384319
1.33654255600572
1.29472981713881
1.33415669473659
1.28935643710003
1.28455516650983
1.38365417180907
1.41433997293864
1.3961769076923
1.39277975023804
1.51185750354049
1.57706910576438
1.49590292787315
1.38071461610159
1.40678049264382
1.51206612051404
1.53376049589595
1.65749171836507
1.72304155952002
1.71076211927719
1.75040240728144
1.80465966622058
1.86684532746103
1.93005308528116
1.92471689290555
1.94291179501877
1.94345183841062
1.9319227722854
1.97957445514835
1.99039407553535
2.02118584731608
2.09212407240891
2.03188506751039
2.1012052030467
2.02795503174265
2.09734190599542
2.20779433632379
2.26678021929465
2.27844435684084
2.39618327658637
2.33463100657189
2.38598704598643
2.34502541702183
2.33487772410761
2.40050983608296
2.40440291020481
2.47227942445146
2.40839940687815
2.42200675740578
2.4423938968168
2.43267228233867
2.55780763874882
2.54388118544555
2.5031431909254
2.48862343048636
2.44623199771921
2.49261969821734
2.50590004015437
2.58313552463269
2.55729896096406
2.64202291910152
2.64750235185828
2.6806744763942
2.71212457571585
2.78538267950897
2.82152906942679
2.77307322582538
2.79118854472855
2.86778564727722
2.92886099904981
2.91391824554802
2.93361509748823
3.02666906386478
3.03583008554139
3.10451236264553
3.1243885202694
3.11453928659822
3.08824375028679
3.05065534346831
3.0783024802204
3.16963849444313
3.22086244028367
3.2987667812037
3.30025162888337
3.37650060033749
3.3205481660676
3.30430198600824
3.28426810473869
3.20046650971089
3.2065121522468
3.10953862909627
3.17855330213164
3.18465294920548
3.14554474746226
3.09811476943597
3.05828404516019
3.04503878471653
3.00010891389299
3.0095107863771
2.92445969838433
2.98199761448565
2.95113671989125
2.86288459294136
2.81984487968355
2.84586189180753
2.86336895824569
2.80697709693671
2.80512224357311
2.76299843188325
2.73246986128282
2.83466939505401
2.72405766283281
2.82679274477452
2.81181195248116
2.76030708523917
2.65007401468353
2.62842238415258
2.5032294733371
2.54705289553474
2.46811360692312
2.49651448755943
2.40599866039447
2.22777376524507
2.22955092748581
2.11583919509126
2.04300341209437
2.01528765154117
1.8879778664159
1.84603181296961
1.79121676507818
1.69513100003562
1.63951474358197
1.51861511827132
1.64477640208304
1.65136595271786
1.52127098326686
1.52120390079476
1.51050479698129
1.51241598501944
1.49693550297304
1.55380772370982
1.52000898332654
1.53783381727375
1.5847692563932
1.61791312299568
1.52125446973519
1.47601532599736
1.39187604095887
1.39835371399908
1.41516497634762
1.27091944957153
1.31451117260487
1.21877059364783
1.11691616929653
1.02896132723319
0.983249217183972
1.02170824948579
0.988863375452094
0.96188053552174
1.00196083201726
0.925184876108444
0.942848818877605
0.954102173005908
0.816085874276941
0.763125257168813
0.691767340898827
0.746687449089022
0.577073514483249
0.553556038686295
0.585523756212372
0.522911706487634
0.417585083924643
0.377911220160059
0.372514760423062
0.37844724697575
0.391004655180472
0.294532470593814
0.182074418162091
0.168169130355155
0.138417841654833
0.0511263698723745
0.0136803364072879
0.0197799707128536
-0.0260287640105685
0.0604531891288267
0.0465388332491323
0.0307894402123321
-0.0245280519544975
-0.0952794087325701
-0.0933466418858804
-0.0832154334680781
-0.124706123687002
-0.236886779552892
-0.242803388929016
-0.218791934094115
-0.179028284891622
-0.215460189934918
-0.269892586691316
-0.296126192262609
-0.301569279177207
-0.344072981694344
-0.460934957755021
-0.446271369484927
-0.383734350449614
-0.261096215857926
-0.311274199578081
-0.410602948817693
-0.564087807157672
-0.570267621433125
-0.629989590962285
-0.450465583405624
-0.413065062264561
-0.472009942956276
-0.424337214350271
-0.43854093811683
-0.432730671272785
-0.417837982511172
-0.316184798685148
-0.360474024644682
-0.331842079537239
-0.294096507308509
-0.258150655266492
-0.128839842924199
-0.0575416221402005
-0.126853081259278
-0.0865220998762946
-0.0776728039295702
-0.169374547431542
-0.189607201292112
-0.110141918438945
-0.0904342196677279
-0.117656406272572
-0.0398641508994011
-0.0258724896401887
0.0758921202796345
0.119579340346682
0.142453074731
0.135667511695852
0.259887467256173
0.316371217454469
0.36625654996091
0.381175007129647
0.475582977216465
0.553662098997448
0.526399335379904
0.624482431302111
0.611375508942671
0.612221277272357
0.580721626804058
0.630093076704402
0.63556343698007
0.77057282635259
0.864016920210148
0.818955001379847
0.883649112620579
1.00460462427598
1.09694920172853
1.17447735716875
1.15907724296398
1.19196361409314
1.09470373868695
1.09618573776107
1.07075524735137
1.18889081606302
1.20201624711166
1.17287687712108
1.23603149689261
1.22503438682165
1.29332678998536
1.39395925890298
1.39576278377831
1.41487393040951
1.50177271337374
1.55406733092334
1.57574092528068
1.57411966044381
1.59871578016948
1.68546890790065
1.70864907173681
1.72370239931037
1.66899439752789
1.70713602635578
1.6896695276934
1.64657704135026
1.61189339677493
1.65154939568129
1.60930742129964
1.73100106237728
1.88711897610113
1.87494002180732
1.93299834909582
1.97424902574684
2.06402155983363
2.048598690948
2.1387118223835
2.05092563859712
2.08633612380695
2.27770160889752
2.25262528107268
2.24905566377344
2.25353188320394
2.34922221598869
2.44863965663118
2.53283187110355
2.48214434226061
2.52652203609655
2.47146414029879
2.51768067429345
2.57669237735796
2.66400132134949
2.68077251109861
2.75981073340111
2.77208169321224
2.75558671331837
2.73833068030166
2.82516223904467
2.86162108089791
2.86914208269816
3.03841309346056
3.11243473058016
3.12143068156244
3.15074514080544
3.31258804965984
3.32638056150256
3.29517212320943
3.28643454110168
3.27228215297028
3.2246776094715
3.1256740560235
3.16832459814439
3.22895481565764
3.29844187692499
3.28210301077007
3.27451058405634
3.35776813501063
3.37152738219882
3.35492531146656
3.30773549101554
3.2580165400199
3.30519089168054
3.35279065742303
3.38277661822494
3.34040882890177
3.29837161120273
3.31300406876511
3.35612518064652
3.4338954957508
3.38056132862832
3.46002091517277
3.46365133582859
3.48309836575569
3.46662596220692
3.43517976119626
3.27472229386501
3.36671114615783
3.27401347285041
3.32662134040349
3.31012210440819
3.27055175748576
3.32973524629351
3.20204407294451
3.20758238680323
3.27513689874552
3.26089665498097
3.17898524926572
3.23299325329227
3.26018541907797
3.20189249044261
3.19932374302788
3.11293370902011
3.18598454676673
3.15057363180416
3.20643993547214
3.18707369913988
3.20347160846138
3.21523428932221
3.17415367818332
3.19203542697933
3.31652191104146
3.36332635571928
3.37203424616417
3.41348766976301
3.46562962462276
3.46740873660103
3.43660398141458
3.39964363147343
3.44299376774387
3.44938779945826
3.44136840874141
3.33773243105576
3.34992322871395
3.32646022795432
3.33309546525156
3.36732788141434
3.32272972219623
3.34768260859798
3.24797987919089
3.1621875720485
3.23415253024542
3.30572194310629
3.23781422546343
3.27859808306015
3.34118235521023
3.39128645798663
3.37098740747745
3.32059589045342
3.31047559921356
3.40869257546976
3.42959898404623
3.42220844579771
3.37643651054698
3.3898093617676
3.32984226142993
3.31491183949437
3.36341633470688
3.31084735679202
3.27767619360749
3.35668855693098
3.34709849607098
3.37431785354998
3.38696226257103
3.35413448191633
3.38753476280857
3.39649096712038
3.33190002801391
3.28150544777483
3.21775075697144
3.18969128371499
3.18925924762779
3.08307398388607
3.07587470894655
3.11211385452129
3.0686630878625
3.07045945637516
2.89757722864989
2.87386038277408
2.89139244419904
2.77560402353508
2.72280768478027
2.72383498480134
2.64627984349846
2.5614227568522
2.53285410361706
2.54840308749917
2.53230963486487
2.44590432124064
2.47057561217367
2.40139661002843
2.19376868233992
2.27049541406297
2.26000421630034
2.17919852985861
2.12805174090808
2.14094516104159
2.1582244299748
2.1759151891121
2.01924344351513
2.04877120126078
2.03444729214647
2.05045771526426
1.94997911224162
1.91461630769286
1.88890347633532
1.95578366277171
1.92611029488045
2.01072750302228
2.04540160677119
2.0009991975611
1.94991885219056
2.02661748014901
2.00524976255133
1.97442118253332
1.91478073558242
1.84780811589133
1.69099987257941
1.74123816489659
1.81369157934983
1.84227646032352
1.92548289874592
1.83980355854402
1.8977621996051
1.91762524036771
1.89671619591595
1.87293169818191
1.97638410170262
1.95544105320673
2.00134040823185
2.00601812492115
2.01222015377273
1.9264635800275
1.87222521631138
1.77410578105116
1.76159094979609
1.71313648496228
1.78480083500243
1.86769015933994
1.82723805236245
1.87770084438066
1.75390911823543
1.78539138707119
1.75380627399211
1.77944584406594
1.71146343030928
1.64825042902644
1.47828443829843
1.49689264099825
1.33281136792577
1.30786870054981
1.18876344303349
1.13471418765392
1.12186794984083
1.16297494119137
1.16089380671159
1.08906061733519
1.02696236635301
1.08273352075233
1.05188787839101
0.987337826771492
0.874534583877235
0.722839666219824
0.766418364501384
0.717422735200619
0.716544457284629
0.639185777803505
0.574169582893966
0.59013558836099
0.642616483687284
0.703911473014548
0.575004174204436
0.540848361230734
0.508191608922294
0.450854843069811
0.460305010039631
0.418178729014501
0.469632973163229
0.510239727677133
0.503322636645966
0.457325126237222
0.458156211628945
0.415036824696132
0.336050611221954
0.494141374967588
0.4557971183967
0.495277131353111
0.515242836577747
0.493886073826513
0.465808336778991
0.490887944075208
0.434185049883542
0.431355208757988
0.356626178935377
0.329279438421685
0.318188644618705
0.330684119801176
0.298419590053553
0.447238595199639
0.359783873929497
0.358074506364482
0.364261692135376
0.438201643823312
0.452818617554554
0.41054230547543
0.355467489019728
0.343336404132885
0.434824363682725
0.461639512835677
0.455878092410101
0.449657351304644
0.482390213098898
0.535897217902959
0.589262664974407
0.670732026782035
0.715992268772805
0.663774566798325
0.757286908779083
0.815326297586446
0.86175584967976
0.709081437141119
0.725710251154765
0.69993648356867
0.710492388657103
0.632682845608278
0.632445813771098
0.692823272025841
0.776732996189866
0.771856670291067
0.674811311411585
0.693560525268718
0.732763146513852
0.682849413412806
0.595915377410482
0.626599011154748
0.696809851256489
0.800455628903027
0.844858058384298
0.854266761048233
0.837834053034341
0.841380146900227
0.846554320803452
0.825068536820097
0.696331694575569
0.73429054587421
0.659838349050599
0.666923719618683
0.663851127489879
0.546772405050765
0.59120211250827
0.603433834075097
0.623628655547035
0.669529601605754
0.689346933535831
0.702288642588893
0.722856876750287
0.700447823806371
0.632728591481857
0.663184213139977
0.672485452851822
0.565504412425263
0.552475143140495
0.542039781189216
0.644996584778652
0.650265130362615
0.657471054519955
0.639342071987503
0.69201118152581
0.639428523031423
0.65006626187892
0.697745860854494
0.803944092899544
0.792462169395629
0.786929861330204
0.840275410891375
0.972369612632566
0.947533295101962
0.915457500921195
0.924291506615198
0.982905606634872
1.00485533760058
0.918326055233822
0.888512220634467
0.85699639081118
0.934616650666063
0.971298738528646
0.968144316542186
0.989806847462795
1.10917591183265
1.09114294461718
1.10541652531204
1.04497250253314
1.02815438567175
1.00193383367589
0.94690673765606
0.933864377460743
0.981941928898143
0.967333407813777
0.941612543279369
1.00804246361903
0.951753328379594
0.937339277944814
0.881656200629059
0.974549970152983
1.07177209740415
1.11240724039229
1.13753349278034
1.08090504447531
1.12695547559183
1.15245240156401
1.18858816517989
1.13979026418306
1.16122097946791
1.24295718489753
1.19218253390656
1.19603957080475
1.2354849527466
1.26365439785017
1.28757313383561
1.26053908727559
1.26119792725536
1.23562167715949
1.2712701372839
1.28910271315028
1.34519451377398
1.35279015813864
1.33433228562885
1.33263479020412
1.30269608593209
1.2057436211517
1.24394652142508
1.28764869448914
1.39680059180666
1.53552141885487
1.47629314144013
1.51227316450707
1.54859336859305
1.5705440386642
1.55700324380035
1.54228327069722
1.64456009117876
1.66358384721753
1.5996017914612
1.54115326651613
1.48308406315419
1.46718567647277
1.44245109492288
1.51425845658545
1.55172660933086
1.56997955780406
1.54099950615171
1.58356552911394
1.62829078987533
1.55806506459104
1.55657278997068
1.50933097794769
1.54356362112733
1.43277163169786
1.42913241401652
1.39598132595772
1.42401676626982
1.43721505936599
1.42057960258942
1.39610732908837
1.48400237441029
1.49482994834238
1.58430338590045
1.69167586831731
1.68398303590298
1.70125499452607
1.67868378316281
1.6959783820976
1.70347423330545
1.73484487245936
1.81704071321308
1.77746194174188
1.88864541348701
1.99146535585017
1.96644424310241
1.9102865890297
2.03241370796813
2.07735208886475
2.151097959881
2.14768892550049
2.09774931295027
2.04645075042564
2.00097426614206
2.0236133764842
2.17097608486744
2.25904807716819
2.24311723303927
2.09743619976325
2.1306570877323
2.14793829465471
2.24214977412626
2.19634778581065
2.16749159514017
2.18569422587419
2.14386560409266
2.18802771079118
2.2251747576862
2.28764564912178
2.27789152132261
2.19698299627626
2.29966954341232
2.33702955637485
2.29717431886997
2.40738658057095
2.41880365374196
2.45388135836275
2.52050469065156
2.47223663157843
2.43938211423932
2.42482852065375
2.46030445039365
2.47710653598035
2.39649624065212
2.48700637773614
2.49987281790906
2.51481825237085
2.38891478536021
2.41342560154731
2.51091097566905
2.48788575179356
2.45973446801226
2.46016918949617
2.45390316507679
2.52608410779301
2.67323255432889
2.69910790730126
2.6419626132162
2.47507693988599
2.44045747123632
2.49804309110411
2.5238807664242
2.530220757527
2.50594042032217
2.71570376799107
2.78536844250277
2.8622270490345
2.79527243323098
2.70687375157559
2.61404235062105
2.70251129748339
2.62201374471005
2.53254155941779
2.58703496001
2.61556180136533
2.64019886743178
2.61955470184056
2.58836620998919
2.64430765748782
2.63730672075822
2.66321938455862
2.73778270782666
2.73721456507968
2.70635148369257
2.62894478261031
2.53815629922592
2.45076063220422
2.3505070472005
2.28790369108646
2.15529876026648
2.12296481195321
2.14076589025796
2.20208794905545
2.16496817058425
2.16087961367683
2.1400064820728
2.1932932578591
2.20666771799932
2.19503392062982
2.0703741940379
1.95010795986598
1.94003754065097
1.88923813262387
1.88771233239552
1.86410559080514
1.91196086849807
1.93512766183327
1.93854637692215
1.98313651409194
2.04345319063283
2.07892672556815
2.18344367235487
2.06790322971879
2.06760557054719
2.00259737519505
1.93675000808438
1.81293658538148
1.85940654205352
1.85099703598797
1.86181224028569
1.82337267771036
1.80382571657581
1.76610958365412
1.81879920060529
1.76161021045167
1.82609378371743
1.89969505638703
1.90604713401758
1.85348454347709
1.83812816891115
1.96517226395958
2.08222326789905
2.08889489021746
2.07295557736733
2.12224964464072
1.87990497293285
1.80178442311888
1.89307580903865
1.77347700232605
1.79492816433179
1.79389469290619
1.74464261781132
1.71277600243658
1.71604471173352
1.67684996163899
1.679692901129
1.70833745362333
1.73465239295714
1.75142387388068
1.70835898933815
1.70272549285996
1.74998670926659
1.68132205726116
1.69569520072622
1.63194043130565
1.6759643267856
1.66164302637867
1.63079570364938
1.52007864061724
1.45890468003658
1.42084189009017
1.46738523149202
1.37476360428787
1.4034899774178
1.4252788130997
1.50100211233485
1.44206966739302
1.43278097979308
1.49871016490868
1.45981737141926
1.51947288800091
1.54490219865368
1.56965670513932
1.65092594540851
1.8193715307493
1.79363020046017
1.80682777118231
1.85469507256277
1.85819972239685
1.84315177345145
1.8930120975765
1.8590785360546
1.9327946416514
1.88271039693051
1.96213445986239
1.85616741509461
1.89815110713141
1.9034469317581
2.01911546038377
2.05782149072916
2.05601842303608
2.09975679607725
1.97463624013734
1.9380343112277
1.93037944263563
1.9994921915209
2.01651712558384
1.98211754714685
1.93914583007196
1.90820986950282
1.86115265581499
1.83669545042786
1.87610785126577
1.98172092291107
1.95710824818557
1.94678155500512
1.95511736328067
1.87430770838369
1.7840486978969
1.67803391689586
1.7331014333369
1.80922844036085
1.78168499503724
1.75360722948389
1.77653809393598
1.730088041423
1.68369881283694
1.68126064654419
1.69905142631571
1.69461288176018
1.6738910638976
1.7088785567989
1.68224747202112
1.64288961600233
1.67747287180504
1.72055194363319
1.77691776255839
1.74748930621701
1.8375909684033
1.81611306547914
1.82070627282302
1.7616270549624
1.71438054589998
1.57407460005841
1.55080660110995
1.5062080026807
1.49388870015767
1.31730377721358
1.28649107668302
1.30719405670448
1.3417631375297
1.29964307482166
1.3569259206808
1.25570510607785
1.14683265463533
1.17869246146632
1.05036652392085
1.17282930293291
1.14734651432031
1.14234799203277
1.26953244488598
1.26813349002798
1.23201240417969
1.21632265490263
1.20164646082433
1.13745334676438
1.19720952786108
1.19256859425441
1.18474650610793
1.18511934276326
1.09948133502017
1.11743413328111
1.20261281806603
1.15533436363794
1.18864659422144
1.16909245090709
1.15865707835603
1.08358972395601
1.09564581413773
1.10966137259234
1.0724716472126
0.929842343376468
0.960238244097189
0.973936583374057
0.846751044344542
0.89457906350578
0.793567982446725
0.806037279177859
0.845430302371667
0.930291771457141
0.839743332517493
0.831826866748215
0.798184849939036
0.76384542259011
0.675215542439152
0.607816142746774
0.659162452642072
0.619851238132992
0.566039481756123
0.606409821820796
0.57863509232281
0.571792467593994
0.512725794692527
0.46265624439549
0.467127262305628
0.470822277429821
0.421510422939664
0.463590653802586
0.485184464658551
0.541203113352472
0.479406713240719
0.540240874789671
0.551878551541614
0.651376925463481
0.681739273180595
0.638660725648976
0.695018658774996
0.723934329792564
0.766175508007365
0.747952135226695
0.819020356314976
0.862099435496773
0.864091916287496
0.922051728370798
0.878330851270544
0.90396991854013
0.983326366493712
1.02771576699608
0.993963587934646
1.00200330563818
0.952941025126835
0.968456193920888
0.972064187175277
0.906926219446497
0.954470040912947
1.02871260376748
1.00062800859761
1.07788396337663
1.02953057973978
1.0909876971717
1.12583309644081
1.19711160218262
1.20056439469524
1.24095358773821
1.18681778897888
1.13164798269629
1.23784635083643
1.23744892396549
1.1898557652589
1.21564428993178
1.31372219983657
1.31290475197367
1.28504353474945
1.26556959455867
1.27272315175044
1.2422811288709
1.28521236565265
1.24000551133718
1.32823008979515
1.44070267959522
1.49781778021952
1.33289039883984
1.3768734196075
1.33998152504233
1.3969807252455
1.51810434449377
1.54590473732867
1.49839339148017
1.47505773833825
1.5586151900647
1.51617107676699
1.53394929820992
1.63225634229072
1.65274958202564
1.54848232857222
1.54119509187423
1.52580156729885
1.42617417284979
1.39272036417633
1.35710416538422
1.35689442234276
1.32478395208354
1.36035242609713
1.43235868873489
1.48736487479248
1.52596665719454
1.42748288373499
1.32895766923322
1.18554963520453
1.18410403059243
1.24797312695744
1.38233003046512
1.39684421508893
1.37316193103025
1.39455857344997
1.38501510344803
1.37423577195671
1.33039324051524
1.35305461824185
1.35668881165118
1.42175179751334
1.4005905626655
1.36683838116405
1.40723079268411
1.41738250085775
1.36277480646578
1.5127606504105
1.57464983347976
1.60705653832209
1.68605434781958
1.74069773323115
1.74968015425599
1.71832790768556
1.69155991362681
1.7216307130459
1.77350400613551
1.74991770287418
1.76687219592033
1.80269078736828
1.89947310584716
1.79203938753177
1.79156014870854
1.73998415729604
1.79503285841642
1.87644263919242
1.71567063672075
1.76796969795164
1.67483467328918
1.66510191333985
1.67203102715222
1.59864678905776
1.64966855022891
1.60581866441782
1.66922791486571
1.64693201181719
1.63469290698683
1.6182858289678
1.66868625158944
1.59733326677746
1.53017552455901
1.54677817540907
1.53437130031859
1.44627516309389
1.43276035736359
1.29068200855425
1.32496690391228
1.33628108261374
1.34286730556242
1.41098459467369
1.26585408492495
1.30111737956981
1.20686024909711
1.24001622953513
1.21056101562586
1.10734191325219
1.12714563994116
1.08118321775688
1.06017089554823
1.04457657584321
1.07909848237196
0.972900078032589
0.916583020631164
0.996561371916932
1.06173451577506
1.03686462361383
0.994259011045815
0.987342995289551
1.01389389933666
1.06104030659033
1.0055674306391
0.883064738045548
0.803964650155973
0.827732893283617
0.878573252529969
0.863302436233996
0.919748489091837
0.976520177947785
0.875995102766585
0.86124283333253
0.766329735872192
0.878734190591466
0.887981424894916
0.965602885269604
0.961787283013138
0.92648254401526
0.93117225516908
0.887093234470998
0.983944274509406
0.932774117290326
1.01302144154434
0.985971903058719
1.03032723702259
1.04651040616107
1.04113490242692
1.14332842349359
1.19696256731547
1.20701325065219
1.21767057550993
1.26536691268867
1.24768234100627
1.3408085844016
1.38544971448801
1.44563672128732
1.49009808827006
1.51741413955987
1.54330931888904
1.48730480996499
1.58001713518511
1.55362563324127
1.49997434408027
1.4871585712738
1.51407386524362
1.50324608000855
1.43161623061621
1.42355191177667
1.36556910775975
1.40093483836046
1.44684002073241
1.4750773389106
1.47428391040684
1.52280940885805
1.40422869332472
1.40605822659029
1.47445940051591
1.55465736753442
1.5729930603512
1.51797949605368
1.41689319351025
1.36443100947571
1.29041950669733
1.30383437704714
1.33394823531716
1.33375589978389
1.36914856428608
1.39655441453538
1.48985525823607
1.54684317413699
1.51720637487837
1.55091299300912
1.59408217524885
1.63533944956523
1.59201693736502
1.59610879901795
1.63460419882129
1.61553071250574
1.71389216127224
1.71216738959794
1.71142727948814
1.66398750230551
1.65412627276955
1.69042897681204
1.72551878395737
1.73615728198152
1.85492497624718
1.80175802290967
1.71440450965256
1.57027963259068
1.51731884196674
1.54499025798234
1.61351235188775
1.64153507607063
1.60541758169921
1.77267467756786
1.72339420860171
1.78516124580741
1.80044517078476
1.74680168586998
1.83549139755936
1.84298315708757
1.83260178384866
1.91919311887973
1.98914089806797
2.03922840747989
2.10584050009264
2.06534862148798
2.16852832736999
2.11332000147328
2.16614457484074
2.29914979642435
2.33906273441089
2.36961078751284
2.46383154917886
2.49363387196459
2.47536438904715
2.46631419976695
2.42957205736883
2.48310041473604
2.44345633399457
2.55253595961821
2.63610481238624
2.60710209292808
2.63806427811873
2.56267869861654
2.63185796261259
2.66417284071085
2.53855779500252
2.44849064006444
2.49343219465862
2.492855902089
2.47716477815932
2.54440024849687
2.6400420752856
2.67680459422116
2.68236939311851
2.52029782606707
2.53852376565371
2.51012393239063
2.46039536618575
2.52696068852162
2.50063849332574
2.45542359256807
2.46778355721017
2.45909748755986
2.50767922750809
2.53398565019827
2.58278168325907
2.58118340810594
2.48405681201346
2.49958112080462
2.34255453119588
2.41587702890303
2.4356129802453
2.43267123826312
2.34681953378409
2.29749213598217
2.23148239511589
2.24362712622842
2.16025276072269
2.12529676156003
2.04445080403476
1.9786210057099
1.97419023210853
1.85514884606876
1.75863074292823
1.72989070443654
1.68770507438168
1.68470744218841
1.61905555736193
1.45220374071114
1.47005536497258
1.41178040523459
1.30718170054489
1.24012564108756
1.20101262648299
1.13257860428774
1.27614457695827
1.28619562329441
1.36601775204565
1.38222819792865
1.30759334628056
1.29455095298942
1.22232124531463
1.1880158776192
1.09634684395832
1.14685636697579
1.1057901810183
1.0480956560998
1.05548674143185
1.00778138390729
0.936862685924703
0.806464805667914
0.757339854168746
0.772953181736774
0.670540544197167
0.566550555325247
0.601591360061208
0.752752152486802
0.776323575320792
0.840065834180642
0.903999368386425
0.941164641611876
1.0042778541999
1.00223363924174
0.95942381739407
0.993631232236868
1.02706676954434
1.02631402514474
1.03612556607742
1.03548336678983
1.05295227773543
1.00179608752759
0.961937399538774
0.87957588904636
0.967070788392245
0.924692652987009
0.847876018333594
0.908287149229131
0.890084211773361
0.850327814999301
0.956877584524792
1.01066894015366
0.995404396997673
1.03341893965887
1.10738473907319
1.14098801889214
1.26347662450224
1.25914034305622
1.4089721614422
1.47354181297231
1.50387531592373
1.4629166114804
1.43242895551187
1.46344620361272
1.49857530672496
1.43552254782758
1.56266624149595
1.47627098379767
1.41445619679269
1.32638725629839
1.28738906023059
1.36398337796198
1.31374387908933
1.44332522129848
1.53731813772927
1.53377203453847
1.53151003973097
1.512853545355
1.62675298080802
1.52116326678909
1.57398879657416
1.67739149810084
1.72095668544259
1.95129177244836
1.99369502589057
1.96052379514817
1.95231632014656
1.97447748801539
2.00005682058476
2.04545823967092
2.01864985785723
2.05243508633605
2.0954387060097
2.0770658803172
2.14306279909959
2.27454173118371
2.3142918387353
2.50419221058791
2.51113429645759
2.54601623271753
2.53100557125904
2.44998646090891
2.53469539396794
2.58336218869354
2.63607530573751
2.64069713925769
2.77901187970091
2.88767045443324
2.970069061139
2.94482348886375
2.8616664153877
2.89805530487933
2.83994039736086
2.82638572511051
2.92937870604237
2.98067942033302
3.11996214365958
3.14333978184463
3.16734421442366
3.21055254688031
3.24802204556391
3.41842106967479
3.44338126602205
3.43885176953545
3.45362904583363
3.43992137051275
3.39136143489437
3.42477201852509
3.4196554836581
3.44192208178817
3.53116119618889
3.48848705127959
3.53144591022306
3.4641962294081
3.448976570721
3.49048043431467
3.38641328345551
3.37518127294277
3.30656947348016
3.41533423727034
3.52929257454216
3.52639975059145
3.4346906814162
3.45478459673795
3.37729585056323
3.40633288563848
3.44117833547145
3.51960208999012
3.57583232449218
3.50454529807054
3.49685257334018
3.48571620208956
3.48297014059929
3.52353990011421
3.42762106965284
3.55552823454547
3.59076589136577
3.58756375973612
3.64752765182187
3.60635134413678
3.5563273469044
3.5219066185266
3.45978717860162
3.39476395134509
3.41374344072983
3.45533555730957
3.37489153034555
3.31492554764464
3.33493221664218
3.24525458547666
3.14038581504479
3.1778246457591
3.15208434206561
3.22732064770328
3.33800958613927
3.31900179079996
3.29960231449332
3.2082908424779
3.19431460055875
3.11908459408976
3.05736312372978
3.04357092394074
2.98449107096787
3.00986172382458
3.06361954728255
3.13848357515177
3.16111246130933
3.0753117861282
3.09694390669336
2.97092388708263
2.98787308643142
2.95634985082636
2.78574625752071
2.6888662517449
2.71167965318911
2.73144129901232
2.7472052825597
2.72755595757404
2.72101210970052
2.68020980906785
2.62335865430229
2.48369145715056
2.44421096027237
2.40508858633165
2.34962754747914
2.27337388087072
2.29855496587764
2.25263647099048
2.28183278740599
2.26722576860764
2.22889660147769
2.15270316783297
1.99643382995612
2.03032121232614
2.01442048550103
1.90069142516553
1.96042791791658
1.96706777945392
1.94355848198502
1.95604545309133
1.86069991368287
1.83822161695741
1.77620199532464
1.77501332030193
1.72320026966233
1.83494591723792
1.83684816622052
1.83161301055716
1.77573638746821
1.79822988915644
1.73553429285006
1.70181196888805
1.78093310556011
1.81017914726228
1.76890372833604
1.67540208063939
1.50095039840934
1.40045406355807
1.34629144599974
1.33960455442925
1.35813049335057
1.34624950252329
1.27688945130482
1.25264770016417
1.16678723174786
1.20494283474627
1.14114077555231
1.0284782105798
1.00044076977794
1.02397256772077
1.02664721892222
0.981170793630234
0.905502942186087
0.825207802918434
0.811353726641534
0.711944862991423
0.65834171456721
0.630845909491151
0.663754450423261
0.658026050407417
0.763406602938308
0.807425882820232
0.761402569210118
0.900649114829842
0.847647903725575
0.698120646680452
0.648456847853027
0.537429163086283
0.456160326916176
0.433574952182511
0.419512707289561
0.43200874377755
0.421559718652946
0.389463888412918
0.323089935115278
0.310939427598063
0.269341001843129
0.289328784763093
0.2974219437778
0.309696179391603
0.314262640012478
0.265598750200522
0.130621878469998
0.075918136467253
0.0199926809278062
0.1130549396009
0.0819716079792221
0.12363818957398
0.0683812661823595
0.040323371547978
0.0223506043699888
0.0634991293052052
0.0600474043335166
0.0715776072967176
0.0261294806442414
-0.0898621320455173
-0.121587255098266
-0.0330914584507593
0.0752479436432465
0.156893784921639
0.160642279899706
0.098367082614244
0.175447503883986
0.214603542009211
0.275878819412758
0.244237053216615
0.277219005683794
0.217470071217974
0.350684639945552
0.44565759871599
0.454790522409829
0.488293140606307
0.360136863836138
0.241725954482085
0.31704984560683
0.318041896060086
0.303519806176286
0.229844425201745
0.229750560241187
0.264503719942476
0.229341027869365
0.267955584869193
0.299032464487029
0.225842103827437
0.168524527169966
0.156786145335478
0.134158825226663
0.142568686662267
0.176958752989835
0.233776995373723
0.240072571299582
0.153564580279655
0.227895378370541
0.144992164154446
0.224247548355799
0.376139371049403
0.33041460319042
0.329575231513986
0.451317842672906
0.465219909447553
0.462041931272516
0.449119388102652
0.452858852452136
0.488626210592316
0.479286519584896
0.393675460754419
0.491337232639672
0.507400927697436
0.533291264301065
0.526751129164323
0.578419057676481
0.635710256347762
0.686170470735538
0.783102586725804
0.893306619325379
1.00327143943426
1.11656833282979
1.16049382317122
1.22429270520057
1.32872160507856
1.29186838988275
1.3300645267326
