    1.08
  0.9516
   1.053
   1.018
   1.043
   1.015
   1.042
   1.009
  0.9544
  0.9621
  0.9285
  0.9263
    1.08
  0.9516
   1.053
   1.018
   1.043
   1.015
   1.042
   1.009
  0.9544
  0.9621
  0.9285
  0.9263
    1.08
  0.9516
   1.053
   1.018
   1.043
   1.015
   1.042
   1.009
  0.9544
  0.9621
  0.9285
  0.9263
    1.08
  0.9516
   1.053
   1.018
   1.043
   1.015
   1.042
   1.009
  0.9544
  0.9621
  0.9285
  0.9263
    1.08
  0.9516
   1.053
   1.018
   1.043
   1.015
   1.042
   1.009
  0.9544
  0.9621
  0.9285
  0.9263
    1.08
  0.9516
   1.053
   1.018
   1.043
   1.015
   1.042
   1.009
  0.9544
  0.9621
  0.9285
  0.9263
    1.08
  0.9516
   1.053
   1.018
   1.043
   1.015
   1.042
   1.009
  0.9544
  0.9621
  0.9285
  0.9263
    1.08
  0.9516
   1.053
   1.018
   1.043
   1.015
   1.042
   1.009
  0.9544
  0.9621
  0.9285
  0.9263
    1.08
  0.9516
   1.053
   1.018
   1.043
   1.015
   1.042
   1.009
  0.9544
  0.9621
  0.9285
  0.9263
    1.08
  0.9516
   1.053
   1.018
   1.043
   1.015
   1.042
   1.009
  0.9544
  0.9621
  0.9285
  0.9263
    1.08
  0.9516
   1.053
   1.018
   1.043
   1.015
   1.042
   1.009
  0.9544
  0.9621
  0.9285
  0.9263
    1.08
  0.9516
   1.053
   1.018
   1.043
   1.015
   1.042
   1.009
  0.9544
  0.9621
  0.9285
  0.9263
    1.08
  0.9516
   1.053
   1.018
   1.043
   1.015
   1.042
   1.009
  0.9544
  0.9621
  0.9285
  0.9263
    1.08
  0.9516
   1.053
   1.018
   1.043
   1.015
   1.042
   1.009
  0.9544
  0.9621
  0.9285
  0.9263
    1.08
  0.9516
   1.053
   1.018
   1.043
   1.015
   1.042
   1.009
  0.9544
  0.9621
  0.9285
  0.9263
    1.08
  0.9516
   1.053
   1.018
   1.043
   1.015
   1.042
   1.009
  0.9544
  0.9621
  0.9285
  0.9263
    1.08
  0.9516
   1.053
   1.018
   1.043
   1.015
   1.042
   1.009
  0.9544
  0.9621
  0.9285
  0.9263
    1.08
  0.9516
   1.053
   1.018
   1.043
   1.015
   1.042
   1.009
  0.9544
  0.9621
  0.9285
  0.9263
    1.08
  0.9516
   1.053
   1.018
   1.043
   1.015
   1.042
   1.009
  0.9544
  0.9621
  0.9285
  0.9263
    1.08
  0.9516
   1.053
   1.018
   1.043
   1.015
   1.042
   1.009
  0.9544
  0.9621
  0.9285
  0.9263
    1.08
  0.9516
   1.053
   1.018
   1.043
   1.015
   1.042
   1.009
  0.9544
  0.9621
  0.9285
  0.9263
    1.08
  0.9516
   1.053
   1.018
   1.043
   1.015
   1.042
   1.009
  0.9544
  0.9621
  0.9285
  0.9263
    1.08
  0.9516
   1.053
   1.018
   1.043
   1.015
   1.042
   1.009
  0.9544
  0.9621
  0.9285
  0.9263
    1.08
  0.9516
   1.053
   1.018
   1.043
   1.015
   1.042
   1.009
  0.9544
  0.9621
  0.9285
  0.9263
    1.08
  0.9516
   1.053
   1.018
   1.043
   1.015
   1.042
   1.009
  0.9544
  0.9621
  0.9285
  0.9263
    1.08
  0.9516
   1.053
   1.018
   1.043
   1.015
   1.042
   1.009
  0.9544
  0.9621
  0.9285
  0.9263
    1.08
  0.9516
   1.053
   1.018
   1.043
   1.015
   1.042
   1.009
  0.9544
  0.9621
  0.9285
  0.9263
    1.08
  0.9516
   1.053
   1.018
   1.043
   1.015
   1.042
   1.009
  0.9544
  0.9621
  0.9285
  0.9263
    1.08
  0.9516
   1.053
   1.018
   1.043
   1.015
   1.042
   1.009
  0.9544
  0.9621
  0.9285
  0.9263
    1.08
  0.9516
   1.053
   1.018
   1.043
   1.015
   1.042
   1.009
  0.9544
  0.9621
  0.9285
  0.9263
    1.08
  0.9516
   1.053
   1.018
   1.043
   1.015
   1.042
   1.009
  0.9544
  0.9621
  0.9285
  0.9263
    1.08
  0.9516
   1.053
   1.018
   1.043
   1.015
   1.042
   1.009
  0.9544
  0.9621
  0.9285
  0.9263
    1.08
  0.9516
   1.053
   1.018
   1.043
   1.015
   1.042
   1.009
  0.9544
  0.9621
  0.9285
  0.9263
    1.08
  0.9516
   1.053
   1.018
   1.043
   1.015
   1.042
   1.009
  0.9544
  0.9621
  0.9285
  0.9263
    1.08
  0.9516
   1.053
   1.018
   1.043
   1.015
   1.042
   1.009
  0.9544
  0.9621
  0.9285
  0.9263
    1.08
  0.9516
   1.053
   1.018
   1.043
   1.015
   1.042
   1.009
  0.9544
  0.9621
  0.9285
  0.9263
    1.08
  0.9516
   1.053
   1.018
   1.043
   1.015
   1.042
   1.009
  0.9544
  0.9621
  0.9285
  0.9263
    1.08
  0.9516
   1.053
   1.018
   1.043
   1.015
   1.042
   1.009
  0.9544
  0.9621
  0.9285
  0.9263
    1.08
  0.9516
   1.053
   1.018
   1.043
   1.015
   1.042
   1.009
  0.9544
  0.9621
  0.9285
  0.9263
    1.08
  0.9516
   1.053
   1.018
   1.043
   1.015
   1.042
   1.009
  0.9544
  0.9621
  0.9285
  0.9263
    1.08
  0.9516
   1.053
   1.018
   1.043
   1.015
   1.042
   1.009
  0.9544
  0.9621
  0.9285
  0.9263
    1.08
  0.9516
   1.053
   1.018
   1.043
   1.015
   1.042
   1.009
  0.9544
  0.9621
  0.9285
  0.9263
    1.08
  0.9516
   1.053
   1.018
   1.043
   1.015
   1.042
   1.009
  0.9544
  0.9621
  0.9285
  0.9263
    1.08
  0.9516
   1.053
   1.018
   1.043
   1.015
   1.042
   1.009
  0.9544
  0.9621
  0.9285
  0.9263
    1.08
  0.9516
   1.053
   1.018
   1.043
   1.015
   1.042
   1.009
  0.9544
  0.9621
  0.9285
  0.9263
    1.08
  0.9516
   1.053
   1.018
   1.043
   1.015
   1.042
   1.009
  0.9544
  0.9621
  0.9285
  0.9263
    1.08
  0.9516
   1.053
   1.018
   1.043
   1.015
   1.042
   1.009
  0.9544
  0.9621
  0.9285
  0.9263
