0.00576445155161793
-0.0655514284367998
0.00338936979444204
-0.0140696574270017
0.0148010006564969
0.0200096071919677
0.00322097486534383
0.000903116819206251
-0.000259133952863138
-0.00379594662830612
0.00548289831773124
0.000296103427496351
-6.53216292861845E-05
-0.0595535723802801
0.0364871827085262
-0.00899141760209697
0.0204219931243464
0.0186548357522707
0.00394667054450986
-0.00640832786549296
-0.0284470924482616
-0.00502910342277402
0.00514722611803292
-0.000222790835566711
0.00709496491561641
-0.0608897448843597
0.0149954820585602
-0.00631665552963239
0.0138584899010646
0.0176722425822137
0.0180285053836869
0.000680090611879246
-0.0278207634347385
-0.00224943196368167
-0.0016885399966357
0.00411615170063365
0.00697481403792614
-0.0402779184861944
0.0221269394900723
-0.00197040741192804
0.00424358112999034
0.0264042868807811
0.032430665974016
-0.000298252769206958
0.00112328660786663
-0.00240149263543354
-0.000226083027785685
0.0151341027862233
0.0151075553292987
-0.0574397768055394
0.00377335890261917
-0.00364358157849815
-0.00558463489601578
0.029065614888443
0.00630725965798047
-0.00471077860989249
-0.0137626485351743
-0.00565881263154411
-0.00341145802582534
-0.00241736346535918
0.00939453830485597
-0.0752798672148622
0.0395244413025981
0.00718327970592741
-0.00647910315789183
0.0273625579760169
0.00907255667957615
-9.40097584460884E-05
-0.00785260223819536
-0.00295680675257438
-0.00860806834943834
-0.00994682183011146
0.0157008543794105
-0.0361406757942686
-0.0208937477746326
0.00113610937020815
0.000794424194035248
0.024738156162323
0.0136126786027425
-0.00416958476809481
-0.0128146337135947
-0.00184387599552483
-0.00516562272058151
-0.0064328104441415
0.0245871063834482
-0.0619059064472872
0.0179937115050802
0.00316884950683094
0.0319730748179887
0.00642850239237022
0.0211137942573099
0.000818782878857987
-0.0333324314154647
-0.00334341354312513
-0.000950300916186392
-0.00734540503923756
0.0347723470613879
-0.0588074831537292
-0.00370906798457611
0.0270601137198716
0.023602094618068
0.00531577041892191
0.0045274081005219
0.0121750974926142
-0.0451613300691228
-0.000228353060476911
0.00375553522811864
0.00369331000859573
0.0228741876424298
-0.100416058768809
0.0633558005143582
0.0150660671138614
-0.00352139226581373
0.0256039664185608
0.0100557551577867
-0.00432440074637815
-0.0276852658861831
-0.00459382265461245
-0.00757641940232178
-0.0125595701489652
0.0246154513947498
-0.0576145190072386
0.00496207845155139
0.00458377719542443
-0.0199373867569855
0.0321721864529384
0.0213040857460801
0.00223241785994184
-0.00265675327339867
-0.0163507984823548
0.0004262883004953
-0.011246838223338
0.0233026619078751
-0.0524552428008673
0.00207826574427186
0.00285429505651506
-0.0104686483944165
0.0260496313462228
0.0179805825567177
-0.000914476937266287
-0.0105286942844768
-0.0142606051266519
0.00140214658143938
0.00347010743293808
0.0159003981424301
-0.0578194147779627
0.0168518745812283
0.000505057955327187
-0.00817971721509595
0.0103158401565043
-0.00267789049798376
-0.00153866689405769
-0.0154055226463039
-0.00338416262441841
-0.00535528283280745
-0.00777012411727257
0.00286389828967744
-0.0278622859205754
0.0311769496459666
-0.00427987100105596
-0.0159963376224497
0.0077671954439698
0.019695098943779
-0.00312574252943482
-0.021131646303338
-0.00142814490193552
-0.0060185685992517
-0.00326726166291655
-0.00465494830799669
-0.066928385293335
0.0261580525354048
-0.0111747430815754
0.00152950434213282
-0.000485608853005201
0.0131950600306787
-0.00637430826223982
-0.00410537345482623
0.00198686526570799
-0.00665990788899456
-0.00116044582297827
0.00551301410191091
-0.0138282627696199
0.0388066419715765
-0.00121637870661067
-0.0025571552176037
-0.00960757358537434
0.0182672527430421
-0.00149704777615525
0.00766856593810697
0.00291730564521285
-0.012930363993895
-0.00190007663787759
0.00571619996202352
-0.0162223124802953
0.0208507404323291
0.00118073365007953
-0.00499194289337739
-0.00162228300973087
0.00820798047384735
-0.00344324989857309
0.011332799769109
0.000133263562631824
-0.0108775796079446
-0.00340857854407606
0.00678721180011576
-0.062152674692605
0.052184478300842
-0.00721734170624892
0.0182445358101812
0.000789866163485391
-0.00343752274803765
-0.00228945916985585
-0.0087197395025779
-0.00154017263778776
0.00375221588678402
0.00619683548337483
0.0116897135736233
-0.0515619080959044
0.00646482538363429
-0.0140691174146902
0.00925242385644694
-0.00110365636502418
0.0090937366728242
0.00157934314739618
-0.0107648069549431
-0.00409990356684661
0.000467881443685458
-0.000108229441500998
0.0307217082821566
-0.0545327496701588
0.0482495470555517
-0.0111613109230697
0.0190342390476379
-0.0154292122916968
0.026586821667956
0.000917300032613905
-0.0128595291236029
0.00124599126719664
-0.0082404165106423
-0.0138201833124813
0.0274749690717657
-0.0477054717166674
0.0418393575176261
-0.0170566694021581
0.0142233031978985
-0.0255121693051185
0.0442185840273702
-0.000587646678881595
-0.0114431129494166
0.00254313782533891
-0.0126910428682589
-0.00318353379168273
0.0278441398417861
-0.00650353367425362
0.030054191414581
-0.0197808761843282
-0.00329517422963309
-0.00240308514311441
0.0349925494840155
-0.00431634438357027
0.0107866796604149
0.00312135000572914
-0.0114585518003225
-0.00348304842034795
0.0152767354151005
-0.0242004726852613
0.0166740251385292
-0.00961670507815504
-0.00109555350452298
0.0032776259633764
0.0378396933668794
-0.00219128157495778
0.00336989807918069
-0.00172329537013414
0.000278991617020972
-0.00506299812619809
0.00497400133718857
0.0126717786173895
-0.0209905688222958
-0.00125489202611348
0.00314227164280452
-0.00683384885767975
