0.013870885178276
-0.00867135268963287
-0.00852819898120427
-0.00317429263553358
-0.00621352678006422
-0.00502129213145622
-0.000421498093795848
-0.0481613103322218
0.00286163683123371
-0.00365114163984251
0.00705293787757598
0.0134807609754751
-0.00173922452623577
-0.00296933090085786
-0.000116182458695703
-0.00170079261619558
-0.00278361155791103
5.87664647022862E-06
-0.00239586052208297
-0.0439563166434248
0.0272055942186755
-0.0051419413836918
0.00478095850121299
-0.000366341749770017
0.00352331968485249
-0.000204387031766855
-0.0230384354187315
-0.00413916883527494
-0.00329499083676142
0.000248669792911132
0.00668526738460844
-0.0457885088918729
0.0125433727655919
-0.00057449791318241
-0.00148790907867095
0.0152046916350306
0.0159673360697293
-0.00310746820173665
-0.0169931088379071
-0.00313155802372811
-0.00313011724190525
0.00413232075988456
0.000121570712884344
-0.0297380423221084
0.0172667053803218
-0.00319611998157591
-0.00348631142040448
0.0135881613779203
0.0253843539432274
-0.00111774503337427
0.00506058312359233
-0.000858766438080454
-0.000412912410601251
0.0143197170148326
0.0124155264698475
-0.0431731461120489
0.00377954611025075
0.015763887719881
-0.00657392265757739
0.018832803098848
-0.00379946083754042
0.000303196898367075
-0.0134848740599126
-0.0031405523917586
-0.00187453194638838
-0.00507421851667374
-0.00188991786199003
-0.0571737012298687
0.0300344953815462
-0.00291019289283072
-0.00140401152886372
0.011754604706473
0.00941736332202148
-0.00231422527586003
-0.00275705748212246
-0.00345501979943653
-0.00232179296596664
-0.00657182157967276
0.0145145749286015
-0.0260985897523789
-0.0153921230482216
0.00106716547050238
0.00250557459028976
0.0144553250980279
0.0097767242411487
0.000620446864390043
-0.00948978260599888
-0.000474871349623083
-0.000232916621198892
3.63545194799085E-05
0.0127922298925691
-0.0481113830602957
0.0134721592982283
0.0176180527346394
0.0239648432883159
-0.0114938617080839
0.0171254123969015
-0.000773625786158205
-0.0251353238797759
-0.00298660708834712
-0.000228514627198389
-0.000431704016260485
0.0240216459666015
-0.0446838678294116
-0.0024350255593321
0.00753153485127395
-0.00610126249365174
0.0143514124862895
-0.00228407986605307
-0.00380045642433598
-0.0308186930268423
-0.000691532234405439
0.000487495947898436
0.00526222524173643
0.00651524176603186
-0.0798396930240339
0.0511346569569584
-0.00233769873157806
-0.0102670008827403
0.0211850016016766
0.0105996444590488
0.000841684196732016
-0.0158263583189734
-0.000744016587641908
-0.00329565497061829
-0.00719976110115538
0.0200225058199436
-0.0433429028716374
0.00523984957708965
0.00182071573778828
-0.00609956599843657
0.0206965466201716
0.0179172046861038
-0.00190496201016212
0.000765704144885027
-0.0117227870071177
0.00128528495033309
-0.00245679985268626
0.0111575484637352
-0.0413019858296449
0.00201059245254064
-0.00130955637694124
0.00318227099871862
0.0128542090487443
0.0110604836890955
-0.000574851142895229
-0.00825946766440147
-0.00953472366611953
-9.38338416838186E-05
0.00622791462095571
0.0087752512455845
-0.0458781951685024
0.0136284531010079
0.00126089141753594
-0.000173936826288416
-2.11081714046176E-05
-0.00793515643283048
-0.00246197229865638
-0.0102177444388256
-0.00563622592999196
-0.00166673123102112
-0.00505958609954695
-0.00293005329545703
-0.0216218264817906
0.0255383219953139
-0.0118999331440954
-0.00477851302398329
0.00793228272838593
0.0266486483621056
-0.00584765800045694
-0.0143037815868679
-3.40706993664449E-05
-6.97239692144971E-05
0.000498114062431055
-0.00349788913127241
-0.0553032899516212
0.0217650189801525
0.00221960534051042
0.00817655079874314
-0.00712189177556752
0.00121043663328951
-0.000221072663549314
0.00100736418625171
0.000133528135708885
-0.00156337812458103
0.000894196298506177
0.00816011796382876
-0.00930899760877345
0.0322910836728692
0.00332496138974446
-0.00309160573791848
-0.00718964994355959
0.0200756857363361
-0.00278169199076086
0.00647856386921357
0.0030016203218692
-0.00409230408135803
-0.000311922768904944
0.0012839121465852
-0.0131120930629009
0.0183646431232635
-0.00265044866661113
-0.000670958587613371
0.00472267797684271
-1.34074741504474E-05
-0.00177044926511068
0.00742921511205536
0.000636273923562288
0.000246870818099852
-0.00127503399195695
0.00602454205772781
-0.0527646729771639
0.0441836349135783
-0.0084221663112569
0.0124410636705244
-0.00178995546456775
-0.00440188574268904
0.00203238350389733
-0.00872516722184292
-0.0010032643867814
0.00291196831596085
0.00547139914892937
0.00826113362191961
-0.0413289359128604
0.00673457477235866
0.00131318754831063
-0.00660248683486969
-0.000412187342462799
0.012538076509968
0.000875842177195852
-0.00629857884946832
-0.0024724846011029
-0.00150313202693744
-0.00192555940071547
0.0266966811369137
-0.0447420944760917
0.0405645897609717
0.000124108973792812
0.00923926492024346
-0.0181208528468261
0.0232179272984205
-0.000725048140390343
-0.00851200534246958
-0.00116717173084658
-0.00197125267812938
-0.0089461876050512
0.0147379693499137
-0.0387578579169614
0.0348974972713513
-0.00303452178346736
-0.00134584784107297
-0.0157311534136489
0.0374466120026476
-0.00467220037295998
-0.00636420652949563
0.00243521612399407
-0.00231341289008781
0.00258710711497355
0.0217610306947365
-0.00425164905182016
0.0260241036247531
0.00877931669482411
-0.00830020754055334
0.0105247427047111
0.0245910792602159
-4.68027788762589E-05
0.0100880952535191
0.00170051588957083
0.000205086353688272
-0.00146334453187274
0.00562653593389082
-0.0206958748389166
0.0141971618187915
0.0085234101923691
0.00138667657732362
-0.00337509513617732
0.0328437106401579
0.00212205461435645
-0.000591537374768555
0.000452578801988969
0.00218295519593292
-0.00282625989578169
