0.0136481099278078
-0.0125218613255493
-0.00840509468392556
-0.00307566237022825
-0.00938371033136282
-0.008036969214365
-0.000907978570774131
-0.0482458143039618
0.0026557877973607
-0.00560814098720344
0.004950066005658
0.0122832729417894
-0.00192926467721836
-0.00322344418225219
-0.000183684523765187
-0.00146587729671271
-0.00506722022577609
-0.000567796877509374
-0.00253349105475743
-0.0439995194977941
0.0271099908349355
-0.00795754657294673
0.00467931155070008
-0.000366986843910302
0.00351986274313689
-0.000649181090679523
-0.0230196204538658
-0.00391970829114028
-0.00423982443588186
-0.000612596596394062
0.00667565886089048
-0.0457966368035086
0.0124131181060425
-0.00279142280161399
-0.00251175509139678
0.01426352379397
0.0156087459213343
-0.00416386599694719
-0.0165166844948625
-0.00324495003303945
-0.0036326777158383
0.00282117022706516
-0.000310940899384659
-0.0298082376398511
0.0172203322693246
-0.00365250544988161
-0.00365661609366348
0.0133688498360062
0.0252947486034549
-0.00113847856601462
0.00505777995986064
-0.000993592356442453
-0.000667063982422385
0.0132464448016461
0.0123431882785241
-0.043203520386982
0.00364112281297375
0.0142443542957378
-0.00669582342842533
0.018405258562194
-0.00394104696009171
-5.01230938110837E-05
-0.0135288862498337
-0.003107665400168
-0.00201992981700646
-0.00618708645327898
-0.00207039558245134
-0.057203710738398
0.0300460521207986
-0.00324277581163012
-0.00140428573739155
0.0114304279846505
0.00932464914299512
-0.00251960619219505
-0.00275762915490134
-0.00348775252934786
-0.00229027750478436
-0.0065711644942739
0.0143586908939061
-0.0261580917676371
-0.0155061227278352
0.000775068384743538
0.0023579669236474
0.0142895628766994
0.00975774033815457
0.000298863872780452
-0.00953865364716273
-0.000556796813457604
-0.000184352951868212
0.000354866499325938
0.0126552580583716
-0.0481435443332282
0.0134473607788307
0.0174815963000008
0.0240144731478896
-0.0115652070350853
0.0170407746833103
-0.00161654623812124
-0.0251295731433556
-0.00301079080894018
-0.000300768491432717
-0.000362437899676484
0.0239586784933339
-0.0447081457130399
-0.00245790205455212
0.00713686591086946
-0.00681652785637207
0.0142339738631667
-0.00236900638520116
-0.00394680588100012
-0.0307947355370642
-0.000844889230555069
0.000428589151415205
0.00529267125414975
0.00646640662700364
-0.0798563223660418
0.0510759334221956
-0.00264587171524739
-0.0103518515414888
0.0210958226237075
0.0105824336981102
0.000856840785252396
-0.0158347585661421
-0.000791423266000008
-0.00335812479696286
-0.0071857405429823
0.0199198813601911
-0.0433887712845463
0.00518566930542734
0.00157796491141533
-0.00609673365989605
0.0205546277991648
0.0178613851348927
-0.00193873631456968
0.000708611614889012
-0.0117593772155796
0.00111529172439262
-0.00243035206778347
0.0109947230831739
-0.0414033904757417
0.00186422882220529
-0.00161308302947093
0.00305257854360525
0.0125602019476392
0.0108645270662512
-0.000941050393911735
-0.00841137125580107
-0.00982052691535918
-0.000344270125692567
0.0060266104719986
0.00865221122882893
-0.0459086382983926
0.0136269404006803
0.00130392347152473
-0.000217484278645245
2.92095152306265E-05
-0.00789468943976697
-0.00230988533122548
-0.0101692664048494
-0.0055493652092325
-0.00160708519017148
-0.0050786489934812
-0.00292442851773063
-0.0215896267335498
0.0255417536538906
-0.0119850871084421
-0.00473831177697246
0.00795583491648991
0.0266559852641312
-0.00583519021293627
-0.014299016295872
-6.42734104937035E-05
-7.96930887792789E-05
0.000544930894841025
-0.00349250771076279
-0.0553003130345553
0.0217701715312345
0.00227683231971829
0.00816978291617797
-0.00720145542321865
0.00109465557739285
-0.000465715549534438
0.00086252947639283
-8.67379010050691E-05
-0.00184464050959181
0.000625654374962261
0.00801486719448853
-0.0093934409450818
0.0321930868129141
0.00303917887897749
-0.0033653464087808
-0.00731624178041351
0.0200420551435223
-0.00303960784911367
0.00642178274418502
0.0030578730644991
-0.00388542692041323
-0.000201671499049586
0.00132088236471556
-0.0131079065952212
0.018396482393955
-0.00241985327929937
-0.000619334403587778
0.00480093000731088
6.85414291639856E-05
-0.00148723169967301
0.00749273280357038
0.000700664500268353
0.000269820629068348
-0.001117943885744
0.00615213238009629
-0.0526734522932404
0.0442520826825823
-0.00834378005075396
0.0126862094600126
-0.00166582297197151
-0.00428468431834711
0.00228355189802288
-0.00858038334958582
-0.000763387232593433
0.00312417616296933
0.00566830762677172
0.00832766650799593
-0.0412949003799677
0.00678913428328439
0.00135500048972083
-0.00638908312377755
-0.00031352092361254
0.0126009647723788
0.00104925815010232
-0.00619619488160463
-0.00234281968393358
-0.00125336150112054
-0.00166754205007083
0.0268608632856616
-0.0446947206994836
0.0406382280463442
0.000137936786537622
0.0094735538658878
-0.0180750119520315
0.0233003737570392
-0.000504613867510487
-0.00841084328431445
-0.000962298670492561
-0.00192395812110585
-0.00896444003525189
0.0149007328544519
-0.0386944604197411
0.035044614316144
-0.00330577066728916
-0.000974541203351853
-0.015764615264092
0.0377090739167863
-0.00461440639752544
-0.00631781049803568
0.002674481644041
-0.00257518265409088
0.00231516538407802
0.0219561237704062
-0.00419603484741565
0.026134836215451
0.00794910098584804
-0.00786166248472613
0.0106037795683638
0.0247815539600269
-0.000274496108854019
0.0103031875195757
0.0020703364676044
-0.000237289506747824
-0.00147459425346021
0.00575962895444853
-0.0206560428442682
0.0142438934174495
0.00856106601231285
0.00134098477505879
-0.00346364195578584
0.0327785219510453
0.00201712453667433
-0.000714928779425483
0.00034708697744591
0.0021447970918742
-0.00280278421117151
