0.00400081410636057
0.499007652858714
0.0115242601134544
0.0151455771600551
0.00123542841942399
-0.00778477453531374
-0.000469344907655009
9.91384714140581E-06
-0.0447132682644826
0.00952381416373844
-0.00222046823894512
-0.0584916953810977
0.0339178946375051
-0.175818575679958
0.0147979889384038
0.00851415101090388
0.00375089325255582
-0.0189336683131542
-0.028545990846517
0.00368185305768731
-0.0241777818799325
0.0493578891457827
0.00726784047191448
-0.0597499783932911
0.0159630419448501
-0.0545962241709064
0.00858465078054866
0.0156174216997318
0.0184094453091523
-0.0215293981216691
-0.0250740928246331
3.09690612658176E-05
-0.0166119543185388
0.0387262836891854
0.00281348598220461
-0.038804083825382
0.02155075662099
-0.0411237047754194
0.000948977173462987
0.0173592052874806
0.031840616270499
0.00143347183275727
0.00408825582705164
-0.00402677755328661
-0.002546380281795
-0.0668634433764377
0.0146149134758239
-0.057014933652276
0.00499580682662944
-0.0206760198896431
-0.00703276805449449
0.0241912179272612
0.00409296405921287
-0.0145689723001724
-0.0168688985064231
-0.000111538189439466
-0.00554211079922068
-0.00993146782658402
0.00350294162777069
-0.0745383660824182
0.0367865546476361
0.00659213760042751
-0.00565338470044462
0.0194220641717577
0.0092934161090568
-0.0138317293348902
-0.0049078279225617
0.00080590131692026
-0.00386702385565975
-0.00645566607812645
0.0162430581343821
-0.0340976298709294
-0.0163499604430566
-8.26245900786013E-06
0.00152132734782881
0.021113236871603
0.0129980584437213
-0.0141253629217042
-0.0132659548528197
-0.00399135236011792
0.000905593504179694
-0.00843320811449938
0.0203040879876984
-0.0617300681705721
0.0148308225459645
-0.000889609229681539
0.0308900016225775
-0.00253542421327046
0.0210755449479895
-0.0147163348034194
-0.0347787514503223
-0.000516216380500431
-1.67170009615098E-05
-0.00759300801670204
0.0332073900617995
-0.057123910195629
-0.00208235995334825
0.0266001210399076
0.0211415985395499
0.00991231552605116
0.0040299587076552
-0.00156017023427825
-0.0429135441379292
-0.000920085300236557
0.00155913737075695
-0.00058913543624457
0.0168030732145273
-0.100358768278423
0.0560436818569172
0.0161667499807717
-0.00503955873867043
0.0242089291455202
0.0101423263411842
0.00391116337679373
-0.0249802138569527
-0.0066817829014809
-0.00992710603398616
-0.01148884790921
0.0244058496374792
-0.0555810981584283
0.0136336025993132
0.00406279071433718
-0.0206749112966134
0.0302786823589555
0.0212652966810594
0.00394703567679825
-0.000769435944943074
-0.00523731773949584
0.00453321253035149
-0.0141420935797146
0.019204623884337
-0.0519957928912565
0.00357551061994595
0.00250926654600801
-0.0133067558160989
0.02263582345051
0.0177601187752571
0.00631372387584641
-0.0114215669835871
-0.00746021279282216
-0.00164456243657731
-0.00162230654623631
0.0139331418469506
-0.0569692771808615
0.0156472300489595
-0.000101125826935828
-0.00928481256837299
0.00688955104364171
-0.00300528607045006
0.00344290751103518
-0.0152575650647277
0.00249448196255065
-0.00635129222711968
-0.00753509612493111
0.000426449536677052
-0.0263447112875171
0.030466680332469
-0.00410392953006246
-0.0164416883928277
0.00810139530276314
0.0208824903374936
0.00093313672984037
-0.0212511388895013
-0.00330540197786684
-0.00269985783735345
-0.00524674075504593
-0.00481289565859781
-0.0674401869669619
0.0282789024488322
-0.0124084979822005
0.000525687928613092
-0.00320455266040482
0.0118381278361
0.0030957694581867
-0.0035924846272592
0.00310867063893166
-0.00533538019392511
-0.00280750697320608
0.00676085266337507
-0.0115735896876605
0.0390149571992985
-0.0020080311885962
-0.002634453792502
-0.009540975680029
0.0180889634251573
-0.000899935886013223
0.00769843902462785
-0.000249649753347718
-0.010429282875113
-0.00273597475949563
0.0041327712443795
-0.016138859361413
0.0245208831370398
0.000900555158155291
-0.0053317206490863
0.000881500635664429
0.00875993709024384
-0.000319922428519834
0.0112012083025903
-0.00121246475980785
-0.00438352253398965
-0.00414296026632595
0.00691615817234741
-0.0642585027567326
0.0505406409536002
-0.00657295994574506
0.0190156019964797
-0.000354574832933004
-0.00348868063522255
0.0010759644243934
-0.00886986556629853
-0.00149775865592285
0.00763381013059607
0.00481929397245103
0.0112819147386396
-0.0498249637316217
0.0136141832030153
-0.0161204960518406
0.00775963035464396
-0.000807670957990705
0.00970125287644255
-0.000347289006913964
-0.0108776203866453
-0.00326363237063692
-0.00387124073523261
0.00157740294416239
0.0316730354758902
-0.0537792018200327
0.0447604651802498
-0.0120215119603166
0.019417677000946
-0.0172966307034656
0.0268722832846463
-0.00059138694606402
-0.0130452438407592
0.00424110902853711
-0.00691841042108649
-0.0132337321611291
0.0242347687944169
-0.0462023944045311
0.0445112624528186
-0.0167851280022627
0.0130971997253662
-0.0238631091126795
0.0453802886070321
-0.00174720969211665
-0.011501268014014
0.00073863279823883
-0.0107188718241642
-0.00598677663698603
0.0278402891081916
-0.00387694185540367
0.0343707456295974
-0.0202199787601648
-0.00465907064884712
0.00278560802972044
0.0373183293748882
0.000469276355844233
0.0110863586743209
0.0034783307942369
-0.00785708688354825
-0.00374167616893094
0.0125863466036957
-0.0245776426134474
0.0203322823095218
-0.00964630060638976
3.14518892580264E-05
0.00140809768720569
0.0391989728973398
0.00204168248201181
0.0037437141637379
-0.00302154598867142
0.00386252336420937
-0.00486619630418184
0.00465534886640291
0.0147225513521195
-0.0158687180655059
-0.00085383103336716
0.00373910499888918
-0.00705473285180646
0.0543474837922688
0.00310970654409312
