0.0188880566769008
0.0267968872809525
-0.000377034336283112
-0.00720958420530134
-0.000272620542074653
-0.0161848403135262
0.0115302666377189
0.004164296966694
-0.00163398769753679
-0.0564130072995322
0.0321303455421166
0.0181343417692506
0.0206099164994919
0.0110552208805986
0.00490408939133247
0.0086155337534112
-0.0323834136477411
-0.0120961680420756
0.0102672278699972
0.00659582501329528
0.0137423596884645
-0.0578149405764629
0.0173047846874181
0.0233698813893619
0.00984808000519237
0.0272742803879581
0.0208471082079389
-0.00253103939096224
-0.0279612943671179
0.00177843709945899
-0.00501470361608819
0.0147069225923333
0.00383461283161277
-0.0392704123767746
0.0210984367421504
0.00540679722689608
0.00138547994404815
0.026773680698359
0.0337559389085652
-0.00529732838765488
0.0048977082767977
-0.0120057481789329
0.0021493897916595
0.037374430303392
0.0245414511029605
-0.0537017979749268
0.00652890538511646
0.0517541270195283
-0.00825203979532656
0.0328937675617895
-0.00143624013198925
0.00796318179239263
-0.0179104668026986
-0.0161805817543927
-0.00692272900902513
0.00567576168950673
0.00189611220405995
-0.0707136599863233
0.0345899614160076
0.00980266258221631
-0.00515125751244566
0.0236376006799262
0.0118443674368725
0.0036807181675917
-0.00546919183148252
0.00346362113340561
-0.0153762155830051
-0.0195315458831803
0.0274737413599058
-0.0356401212279412
-0.0134395742872232
0.0104822826215544
0.0035900643386084
0.0257802958071761
0.013438451151265
0.0177128417493223
-0.0146174635781771
-0.0121558229753256
-0.00557495045856467
-0.0202801722980107
0.0269726564747815
-0.0579199785591474
0.0139700845180403
0.0564265362483321
0.0521688744270504
-0.00772658158812753
0.0225767758194452
0.0390629054991906
-0.0413073687814582
-0.00281534835550262
0.000283197507337702
-0.0213851844073792
0.0462133413928368
-0.055601412654547
-0.00118040895204476
0.0395414234532771
0.0192784421850546
0.0192301183838783
-0.00111352522104687
-0.0275767931026782
-0.0487573436289591
0.00407567326858258
0.00813200995587976
-0.00385935970012795
0.0153729717176433
-0.0954015625963999
0.0586906239593296
0.0085275324311755
-0.0117680977435541
0.0326095808156812
0.0134041603620112
-0.00508644347391718
-0.027106971914717
-0.038576691620969
-0.020039430284979
-0.0217796297932146
0.0345808724212442
-0.0558240028760376
0.0113102536780864
0.00775576100071022
-0.0259954509398957
0.0332753654706391
0.0231435462889459
-0.0204483368804021
-0.000727419640500526
-0.0327921350151288
0.00857987722711293
-0.0228868993934833
0.0207249508913527
-0.0502006378182256
0.00322572917795302
-0.000528413229896887
-0.0116700459404788
0.0222377841488285
0.0152094018985831
-0.0178558015443858
-0.0122738197440791
-0.0300537982174481
0.000159666758069386
-4.13379268743307E-05
0.0156419878806754
-0.0545905060701786
0.0158940355890994
0.003252611515481
-0.0100170240491443
0.00319295380758948
-0.00891959814691968
-0.0163643237036916
-0.016303476283523
0.00483403214947804
-0.0147686414676853
-0.0130024466798552
-0.00375250980427629
-0.02706878902156
0.0305841207129082
-0.0286021528552488
-0.0205554518600844
0.010735492352018
0.0330145955916661
-0.0311966345188088
-0.022553702319676
-0.00869316848552325
-0.00872505327518306
-0.00751735195820508
-0.00619683164917216
-0.0629057586347139
0.0270124212603787
-0.00710503391673841
0.00483717433509261
-0.00806637549176001
0.00295257385320322
-0.00712020141199342
-0.00168438723478901
0.0114665347366533
-0.0138289102976478
-0.00366489319477925
0.0125023216246155
-0.0137952327337883
0.0384816163891893
0.00482550200952609
-0.00461058515644485
-0.011134175836572
0.0247752592902712
-0.0131945154804645
0.00899278076822649
0.00320416491299292
-0.0257096584302335
-0.00410215655934282
0.00256818233500539
-0.015412749177111
0.0228036160814969
-0.00363741486501592
-0.00651298826873064
0.004364169752604
0.000953567844568365
-0.009530965279038
0.0117894115285189
-0.00216645252563082
-0.0133412066960292
-0.00650736810299342
0.00987217556978492
-0.0596974723111213
0.0509467599203466
-0.0293251116656447
0.0293247779132316
-0.00181220114620802
-0.00558753763965955
0.00677383535052826
-0.012270454509611
-0.00461835670888564
0.01447181705186
0.00945926005640358
0.0143454121489385
-0.0480777990796029
0.0104161436028786
-0.0184035879926083
0.00736101684313437
-0.000838964228755275
0.0163970471067106
0.00501705018606367
-0.0111311124452527
-0.0123580665258602
-0.00629615236623226
0.00111994545606344
0.045373602236437
-0.0513023244707901
0.0466528042679989
-0.0206940174595963
0.027764917001946
-0.0259961870737036
0.0316624637360981
0.0013535542274077
-0.0138178854251146
0.012552700170193
-0.0163563622798823
-0.0260689491501489
0.0236645973727987
-0.0446496432284804
0.0428761236580261
-0.0364943593977491
0.0165574286244195
-0.0265779312023626
0.0509549814880125
-0.0183520714860063
-0.0117966758244779
0.00516935552227227
-0.0226545058732388
-0.00701476112947469
0.0351958422412108
-0.00591689280893767
0.0317672869443002
-0.0235053459849637
-0.00766648960595665
0.0127013974742822
0.0322978452227206
-0.00948419473854827
0.0144249363102778
0.012791172439289
-0.0171179036896551
-0.00628091713596497
0.00929319597970935
-0.0228248645648786
0.0182700969430246
-0.00434052226156948
9.59609002285612E-05
-0.00231749314915944
0.0409835617867887
0.0126771882178308
0.00244911492684633
-0.00993721348349427
0.0069578842001831
-0.00885752844828208
0.00410196270303728
0.0121665044089405
-0.0184134767332668
0.0017464757521512
0.00515934493383161
-0.0101770920238964
0.0589087145071556
0.0329112250487228
-0.0131226098569866
0.00941311512204077
