 2.201e+005
 2.199e+005
 2.197e+005
 2.196e+005
 2.194e+005
 2.192e+005
 2.19e+005
 2.188e+005
 2.187e+005
 2.185e+005
 2.183e+005
 2.181e+005
 2.18e+005
 2.178e+005
 2.176e+005
 2.174e+005
 2.172e+005
 2.171e+005
 2.169e+005
 2.167e+005
 2.165e+005
 2.164e+005
 2.162e+005
 2.16e+005
 2.158e+005
 2.156e+005
 2.155e+005
 2.153e+005
 2.151e+005
 2.149e+005
 2.148e+005
 2.146e+005
 2.144e+005
 2.142e+005
 2.14e+005
 2.139e+005
 2.137e+005
 2.135e+005
 2.133e+005
 2.131e+005
 2.13e+005
 2.128e+005
 2.126e+005
 2.124e+005
 2.123e+005
 2.121e+005
 2.119e+005
 2.117e+005
 2.115e+005
 2.114e+005
 2.112e+005
 2.11e+005
 2.108e+005
 2.107e+005
 2.105e+005
 2.103e+005
 2.101e+005
 2.099e+005
 2.098e+005
 2.096e+005
 2.094e+005
 2.092e+005
 2.091e+005
 2.089e+005
 2.087e+005
 2.085e+005
 2.083e+005
 2.082e+005
 2.08e+005
 2.078e+005
 2.076e+005
 2.075e+005
 2.073e+005
 2.071e+005
 2.069e+005
 2.067e+005
 2.066e+005
 2.064e+005
 2.062e+005
 2.06e+005
 2.059e+005
 2.057e+005
 2.055e+005
 2.053e+005
 2.051e+005
 2.05e+005
 2.048e+005
 2.046e+005
 2.044e+005
 2.043e+005
 2.041e+005
 2.039e+005
 2.037e+005
 2.035e+005
 2.034e+005
 2.032e+005
 2.03e+005
 2.028e+005
 2.027e+005
 2.025e+005
 2.023e+005
 2.021e+005
 2.019e+005
 2.018e+005
 2.016e+005
 2.014e+005
 2.012e+005
 2.01e+005
 2.009e+005
 2.007e+005
 2.005e+005
 2.003e+005
 2.002e+005
  2e+005
 1.998e+005
 1.996e+005
 1.994e+005
 1.993e+005
 1.991e+005
 1.989e+005
 1.987e+005
 1.986e+005
 1.984e+005
 1.982e+005
 1.98e+005
 1.978e+005
 1.977e+005
 1.975e+005
 1.973e+005
 1.971e+005
 1.97e+005
 1.968e+005
 1.966e+005
 1.964e+005
 1.962e+005
 1.961e+005
 1.959e+005
 1.957e+005
 1.955e+005
 1.954e+005
 1.952e+005
 1.95e+005
 1.948e+005
 1.946e+005
 1.945e+005
 1.943e+005
 1.941e+005
 1.939e+005
 1.938e+005
 1.936e+005
 1.934e+005
 1.932e+005
 1.93e+005
 1.929e+005
 1.927e+005
 1.925e+005
 1.923e+005
 1.922e+005
 1.92e+005
 1.918e+005
 1.916e+005
 1.914e+005
 1.913e+005
 1.911e+005
 1.909e+005
 1.907e+005
 1.906e+005
 1.904e+005
 1.902e+005
 1.9e+005
 1.898e+005
 1.897e+005
 1.895e+005
 1.893e+005
 1.891e+005
 1.889e+005
 1.888e+005
 1.886e+005
 1.884e+005
 1.882e+005
 1.881e+005
 1.879e+005
 1.877e+005
 1.875e+005
 1.873e+005
 1.872e+005
 1.87e+005
 1.868e+005
 1.866e+005
 1.865e+005
 1.863e+005
 1.861e+005
 1.859e+005
 1.857e+005
 1.856e+005
 1.854e+005
 1.852e+005
 1.85e+005
 1.849e+005
 1.847e+005
 1.845e+005
 1.843e+005
 1.841e+005
 1.84e+005
 1.838e+005
 1.836e+005
 1.834e+005
 1.833e+005
 1.831e+005
 1.829e+005
 1.827e+005
 1.825e+005
 1.824e+005
 1.822e+005
 1.82e+005
 1.818e+005
 1.817e+005
 1.815e+005
 1.813e+005
 1.811e+005
 1.809e+005
 1.808e+005
 1.806e+005
 1.804e+005
 1.802e+005
 1.801e+005
 1.799e+005
 1.797e+005
 1.795e+005
 1.793e+005
 1.792e+005
 1.79e+005
 1.788e+005
 1.786e+005
 1.785e+005
 1.783e+005
 1.781e+005
 1.779e+005
 1.777e+005
 1.776e+005
 1.774e+005
 1.772e+005
 1.77e+005
 1.769e+005
 1.767e+005
 1.765e+005
 1.763e+005
 1.761e+005
 1.76e+005
 1.758e+005
 1.756e+005
 1.754e+005
 1.752e+005
 1.751e+005
 1.749e+005
 1.747e+005
 1.745e+005
 1.744e+005
 1.742e+005
 1.74e+005
 1.738e+005
 1.736e+005
 1.735e+005
 1.733e+005
 1.731e+005
 1.729e+005
 1.728e+005
 1.726e+005
 1.724e+005
 1.722e+005
 1.72e+005
 1.719e+005
 1.717e+005
 1.715e+005
 1.713e+005
 1.712e+005
 1.71e+005
 1.708e+005
 1.706e+005
 1.704e+005
 1.703e+005
 1.701e+005
 1.699e+005
 1.697e+005
 1.696e+005
 1.694e+005
 1.692e+005
 1.69e+005
 1.688e+005
 1.687e+005
 1.685e+005
 1.683e+005
 1.681e+005
 1.68e+005
 1.678e+005
 1.676e+005
 1.674e+005
 1.672e+005
 1.671e+005
 1.669e+005
 1.667e+005
 1.665e+005
 1.664e+005
 1.662e+005
 1.66e+005
 1.658e+005
 1.656e+005
 1.655e+005
 1.653e+005
 1.651e+005
 1.649e+005
 1.648e+005
 1.646e+005
 1.644e+005
 1.642e+005
 1.64e+005
 1.639e+005
 1.637e+005
 1.635e+005
 1.633e+005
 1.631e+005
 1.63e+005
 1.628e+005
 1.626e+005
 1.624e+005
 1.623e+005
 1.621e+005
 1.619e+005
 1.617e+005
 1.615e+005
 1.614e+005
 1.612e+005
 1.61e+005
 1.608e+005
 1.607e+005
 1.605e+005
 1.603e+005
 1.601e+005
 1.599e+005
 1.598e+005
 1.596e+005
 1.594e+005
 1.592e+005
 1.591e+005
 1.589e+005
 1.587e+005
 1.585e+005
 1.583e+005
 1.582e+005
 1.58e+005
 1.578e+005
 1.576e+005
 1.575e+005
 1.573e+005
 1.571e+005
 1.569e+005
 1.567e+005
 1.566e+005
 1.564e+005
 1.562e+005
 1.56e+005
 1.559e+005
 1.557e+005
 1.555e+005
 1.553e+005
 1.551e+005
 1.55e+005
 1.548e+005
 1.546e+005
 1.544e+005
 1.543e+005
 1.541e+005
 1.539e+005
 1.537e+005
 1.535e+005
 1.534e+005
 1.532e+005
 1.53e+005
 1.528e+005
 1.527e+005
 1.525e+005
 1.523e+005
 1.521e+005
 1.519e+005
 1.518e+005
 1.516e+005
 1.514e+005
 1.512e+005
 1.51e+005
 1.509e+005
 1.507e+005
 1.505e+005
 1.503e+005
 1.502e+005
 1.5e+005
 1.498e+005
 1.496e+005
 1.494e+005
 1.493e+005
 1.491e+005
 1.489e+005
 1.487e+005
 1.486e+005
 1.484e+005
 1.482e+005
 1.48e+005
 1.478e+005
 1.477e+005
 1.475e+005
 1.473e+005
 1.471e+005
 1.47e+005
 1.468e+005
 1.466e+005
 1.464e+005
 1.462e+005
 1.461e+005
 1.459e+005
 1.457e+005
 1.455e+005
 1.454e+005
 1.452e+005
 1.45e+005
 1.448e+005
 1.446e+005
 1.445e+005
 1.443e+005
 1.441e+005
 1.439e+005
 1.438e+005
 1.436e+005
 1.434e+005
 1.432e+005
 1.43e+005
 1.429e+005
 1.427e+005
 1.425e+005
 1.423e+005
 1.422e+005
 1.42e+005
 1.418e+005
 1.416e+005
 1.414e+005
 1.413e+005
 1.411e+005
 1.409e+005
 1.407e+005
 1.406e+005
 1.404e+005
 1.402e+005
 1.4e+005
 1.398e+005
 1.397e+005
 1.395e+005
 1.393e+005
 1.391e+005
 1.389e+005
 1.388e+005
 1.386e+005
 1.384e+005
 1.382e+005
 1.381e+005
 1.379e+005
 1.377e+005
 1.375e+005
 1.373e+005
 1.372e+005
 1.37e+005
 1.368e+005
 1.366e+005
 1.365e+005
 1.363e+005
 1.361e+005
 1.359e+005
 1.357e+005
 1.356e+005
 1.354e+005
 1.352e+005
 1.35e+005
 1.349e+005
 1.347e+005
 1.345e+005
 1.343e+005
 1.341e+005
 1.34e+005
 1.338e+005
 1.336e+005
 1.334e+005
 1.333e+005
 1.331e+005
 1.329e+005
 1.327e+005
 1.325e+005
 1.324e+005
 1.322e+005
 1.32e+005
 1.318e+005
 1.317e+005
 1.315e+005
 1.313e+005
 1.311e+005
 1.309e+005
 1.308e+005
 1.306e+005
 1.304e+005
 1.302e+005
 1.301e+005
 1.299e+005
 1.297e+005
 1.295e+005
 1.293e+005
 1.292e+005
 1.29e+005
 1.288e+005
 1.286e+005
 1.285e+005
 1.283e+005
 1.281e+005
 1.279e+005
 1.277e+005
 1.276e+005
 1.274e+005
 1.272e+005
 1.27e+005
 1.268e+005
 1.267e+005
 1.265e+005
 1.263e+005
 1.261e+005
 1.26e+005
 1.258e+005
 1.256e+005
 1.254e+005
 1.252e+005
 1.251e+005
 1.249e+005
 1.247e+005
 1.245e+005
 1.244e+005
 1.242e+005
 1.24e+005
 1.238e+005
 1.236e+005
 1.235e+005
 1.233e+005
 1.231e+005
 1.229e+005
 1.228e+005
 1.226e+005
 1.224e+005
 1.222e+005
 1.22e+005
 1.219e+005
 1.217e+005
 1.215e+005
 1.213e+005
 1.212e+005
 1.21e+005
 1.208e+005
 1.206e+005
 1.204e+005
 1.203e+005
 1.201e+005
 1.199e+005
